2513.64,0.128115
2513.641,0.096525
2513.642,0.09594
2513.643,0.10062
2513.644,0.108615
2513.645,0.11680499999999999
2513.646,0.145665
2513.647,0.178815
2513.648,0.18759
2513.649,0.192855
2513.65,0.18914999999999998
2513.651,0.18291
2513.652,0.178035
2513.653,0.16419
2513.654,0.158535
2513.655,0.146055
2513.656,0.13182
2513.657,0.11583
2513.658,0.09165
2513.659,0.09126
2513.66,0.10608
2513.661,0.11427
2513.662,0.131235
2513.663,0.16419
2513.664,0.195975
2513.665,0.19539
2513.666,0.191295
2513.667,0.192075
2513.668,0.186225
2513.669,0.18369
2513.67,0.17355
2513.671,0.15678
2513.672,0.14449499999999998
2513.673,0.135915
2513.674,0.11309999999999999
2513.675,0.09711
2513.676,0.101595
2513.677,0.110955
2513.678,0.121095
2513.679,0.146445
2513.68,0.17979
2513.681,0.20163
2513.682,0.201435
2513.683,0.20377499999999998
2513.684,0.207675
2513.685,0.193635
2513.686,0.18914999999999998
2513.687,0.17784
2513.688,0.158535
2513.689,0.15132
2513.69,0.14547
2513.691,0.11660999999999999
2513.692,0.101595
2513.693,0.11309999999999999
2513.694,0.11934
2513.695,0.13611
2513.696,0.169455
2513.697,0.194415
2513.698,0.20319
2513.699,0.20319
2513.7,0.206895
2513.701,0.195975
2513.702,0.191295
2513.703,0.18603
2513.704,0.16731
2513.705,0.157755
2513.706,0.146445
2513.707,0.13143
2513.708,0.10803
2513.709,0.10803
2513.71,0.12050999999999999
2513.711,0.1248
2513.712,0.141375
2513.713,0.18134999999999998
2513.714,0.2067
2513.715,0.21372
2513.716,0.21372
2513.717,0.21411
2513.718,0.19851
2513.719,0.19851
2513.72,0.186615
2513.721,0.17043
2513.722,0.1599
2513.723,0.15229499999999999
2513.724,0.128895
2513.725,0.11427
2513.726,0.11309999999999999
2513.727,0.124995
2513.728,0.14118
2513.729,0.16302
2513.73,0.18914999999999998
2513.731,0.20787
2513.732,0.210015
2513.733,0.20377499999999998
2513.734,0.200655
2513.735,0.19773
2513.736,0.191295
2513.737,0.182715
2513.738,0.16575
2513.739,0.155415
2513.74,0.14625
2513.741,0.123825
2513.742,0.10803
2513.743,0.11309999999999999
2513.744,0.122655
2513.745,0.1404
2513.746,0.166335
2513.747,0.197535
2513.748,0.206115
2513.749,0.21098999999999998
2513.75,0.2067
2513.751,0.20592
2513.752,0.192855
2513.753,0.18252
2513.754,0.17043
2513.755,0.162435
2513.756,0.15170999999999998
2513.757,0.133185
2513.758,0.11680499999999999
2513.759,0.10491
2513.76,0.121095
2513.761,0.13104
2513.762,0.15170999999999998
2513.763,0.185835
2513.764,0.206505
2513.765,0.213135
2513.766,0.210015
2513.767,0.21079499999999998
2513.768,0.202215
2513.769,0.19539
2513.77,0.1911
2513.771,0.17355
2513.772,0.167895
2513.773,0.154245
2513.774,0.13299
2513.775,0.11427
2513.776,0.11622
2513.777,0.13143
2513.778,0.146055
2513.779,0.166335
2513.78,0.19929
2513.781,0.216255
2513.782,0.22035
2513.783,0.22035
2513.784,0.208455
2513.785,0.20787
2513.786,0.19695
2513.787,0.200655
2513.788,0.175695
2513.789,0.16614
2513.79,0.153855
2513.791,0.123045
2513.792,0.11329499999999999
2513.793,0.121485
2513.794,0.133575
2513.795,0.145275
2513.796,0.181155
2513.797,0.20319
2513.798,0.213915
2513.799,0.21567
2513.8,0.21567
2513.801,0.208065
2513.802,0.20124
2513.803,0.19539
2513.804,0.172965
2513.805,0.16419
2513.806,0.153855
2513.807,0.133575
2513.808,0.11739
2513.809,0.11622
2513.81,0.1248
2513.811,0.135135
2513.812,0.145275
2513.813,0.19227
2513.814,0.20787
2513.815,0.21216
2513.816,0.21372
2513.817,0.213915
2513.818,0.206895
2513.819,0.19968
2513.82,0.186615
2513.821,0.17862
2513.822,0.16731
2513.823,0.167505
2513.824,0.135525
2513.825,0.123435
2513.826,0.125775
2513.827,0.13708499999999998
2513.828,0.153855
2513.829,0.178815
2513.83,0.20631
2513.831,0.22503
2513.832,0.22776
2513.833,0.226785
2513.834,0.222495
2513.835,0.215475
2513.836,0.213135
2513.837,0.20163
2513.838,0.18252
2513.839,0.17823
2513.84,0.157755
2513.841,0.13806
2513.842,0.12909
2513.843,0.141375
2513.844,0.15327
2513.845,0.16614
2513.846,0.194415
2513.847,0.222495
2513.848,0.230685
2513.849,0.23946
2513.85,0.238095
2513.851,0.234975
2513.852,0.227175
2513.853,0.22035
2513.854,0.207675
2513.855,0.191685
2513.856,0.18603
2513.857,0.167895
2513.858,0.141375
2513.859,0.14235
2513.86,0.147615
2513.861,0.16419
2513.862,0.178815
2513.863,0.21098999999999998
2513.864,0.234975
2513.865,0.24765
2513.866,0.247455
2513.867,0.23907
2513.868,0.232635
2513.869,0.22815
2513.87,0.21157499999999999
2513.871,0.20377499999999998
2513.872,0.18914999999999998
2513.873,0.18173999999999998
2513.874,0.150735
2513.875,0.13923
2513.876,0.141375
2513.877,0.14449499999999998
2513.878,0.16302
2513.879,0.18525
2513.88,0.215475
2513.881,0.23283
2513.882,0.238875
2513.883,0.234975
2513.884,0.23166
2513.885,0.21898499999999999
2513.886,0.21411
2513.887,0.20592
2513.888,0.192855
2513.889,0.18057
2513.89,0.16536
2513.891,0.1404
2513.892,0.128895
2513.893,0.132015
2513.894,0.14429999999999998
2513.895,0.15483
2513.896,0.185055
2513.897,0.213915
2513.898,0.22561499999999998
2513.899,0.22658999999999999
2513.9,0.220155
2513.901,0.216255
2513.902,0.213135
2513.903,0.20319
2513.904,0.191295
2513.905,0.178815
2513.906,0.166335
2513.907,0.14547
2513.908,0.129285
2513.909,0.124995
2513.91,0.136305
2513.911,0.146055
2513.912,0.16107
2513.913,0.199095
2513.914,0.22347
2513.915,0.22658999999999999
2513.916,0.22854
2513.917,0.22269
2513.918,0.215475
2513.919,0.212355
2513.92,0.19227
2513.921,0.18193499999999999
2513.922,0.171405
2513.923,0.16691999999999999
2513.924,0.141375
2513.925,0.12636
2513.926,0.12792
2513.927,0.14274
2513.928,0.148785
2513.929,0.17511
2513.93,0.20748
2513.931,0.219765
2513.932,0.22854
2513.933,0.228735
2513.934,0.219375
2513.935,0.21411
2513.936,0.207675
2513.937,0.194415
2513.938,0.18134999999999998
2513.939,0.172575
2513.94,0.153855
2513.941,0.133965
2513.942,0.1287
2513.943,0.132015
2513.944,0.14449499999999998
2513.945,0.16302
2513.946,0.186615
2513.947,0.21567
2513.948,0.220155
2513.949,0.23244
2513.95,0.22503
2513.951,0.220935
2513.952,0.20787
2513.953,0.201435
2513.954,0.18895499999999998
2513.955,0.170235
2513.956,0.166335
2513.957,0.141375
2513.958,0.12675
2513.959,0.12129
2513.96,0.13299
2513.961,0.14429999999999998
2513.962,0.163215
2513.963,0.195
2513.964,0.21917999999999999
2513.965,0.2223
2513.966,0.22035
2513.967,0.21917999999999999
2513.968,0.20787
2513.969,0.208065
2513.97,0.19305
2513.971,0.17667
2513.972,0.17043
2513.973,0.15639
2513.974,0.135135
2513.975,0.11583
2513.976,0.11895
2513.977,0.131235
2513.978,0.141375
2513.979,0.16536
2513.98,0.192855
2513.981,0.20748
2513.982,0.216255
2513.983,0.213135
2513.984,0.21216
2513.985,0.200655
2513.986,0.194415
2513.987,0.185055
2513.988,0.167895
2513.989,0.1599
2513.99,0.14235
2513.991,0.115635
2513.992,0.11271
2513.993,0.11817
2513.994,0.126555
2513.995,0.141375
2513.996,0.175695
2513.997,0.201825
2513.998,0.20377499999999998
2513.999,0.208455
2514.0,0.208845
2514.001,0.2028
2514.002,0.197535
2514.003,0.195
2514.004,0.17667
2514.005,0.16614
2514.006,0.156
2514.007,0.13923
2514.008,0.11895
2514.009,0.114465
2514.01,0.12986999999999999
2514.011,0.136305
2514.012,0.151515
2514.013,0.18895499999999998
2514.014,0.208455
2514.015,0.21216
2514.016,0.21411
2514.017,0.20787
2514.018,0.201435
2514.019,0.195585
2514.02,0.191295
2514.021,0.172575
2514.022,0.16575
2514.023,0.153075
2514.024,0.12636
2514.025,0.116415
2514.026,0.11583
2514.027,0.12558
2514.028,0.14235
2514.029,0.170235
2514.03,0.19773
2514.031,0.21645
2514.032,0.217425
2514.033,0.219375
2514.034,0.21216
2514.035,0.20357999999999998
2514.036,0.197535
2514.037,0.191685
2514.038,0.175695
2514.039,0.16575
2514.04,0.15170999999999998
2514.041,0.13299
2514.042,0.12129
2514.043,0.13299
2514.044,0.147615
2514.045,0.15678
2514.046,0.18603
2514.047,0.21216
2514.048,0.228735
2514.049,0.23283
2514.05,0.23283
2514.051,0.217425
2514.052,0.210015
2514.053,0.202215
2514.054,0.1911
2514.055,0.182715
2514.056,0.166335
2514.057,0.147615
2514.058,0.131235
2514.059,0.12012
2514.06,0.133575
2514.061,0.146055
2514.062,0.161265
2514.063,0.19305
2514.064,0.217425
2514.065,0.22503
2514.066,0.217425
2514.067,0.220935
2514.068,0.210015
2514.069,0.20377499999999998
2514.07,0.191685
2514.071,0.178815
2514.072,0.16614
2514.073,0.1599
2514.074,0.1365
2514.075,0.11817
2514.076,0.12519
2514.077,0.132015
2514.078,0.141375
2514.079,0.167505
2514.08,0.19616999999999998
2514.081,0.20787
2514.082,0.213135
2514.083,0.21411
2514.084,0.21411
2514.085,0.20163
2514.086,0.1911
2514.087,0.18369
2514.088,0.166335
2514.089,0.153855
2514.09,0.139035
2514.091,0.12012
2514.092,0.112515
2514.093,0.12285
2514.094,0.128895
2514.095,0.14547
2514.096,0.17628
2514.097,0.199095
2514.098,0.20631
2514.099,0.204945
2514.1,0.20982
2514.101,0.199875
2514.102,0.1911
2514.103,0.178815
2514.104,0.16672499999999998
2514.105,0.15756
2514.106,0.15170999999999998
2514.107,0.126555
2514.108,0.10608
2514.109,0.10491
2514.11,0.114075
2514.111,0.12675
2514.112,0.141375
2514.113,0.171015
2514.114,0.195
2514.115,0.2028
2514.116,0.199875
2514.117,0.197925
2514.118,0.18895499999999998
2514.119,0.185055
2514.12,0.17277
2514.121,0.158145
2514.122,0.151515
2514.123,0.136695
2514.124,0.11309999999999999
2514.125,0.101595
2514.126,0.10374
2514.127,0.114075
2514.128,0.12792
2514.129,0.153855
2514.13,0.17823
2514.131,0.19695
2514.132,0.195975
2514.133,0.19695
2514.134,0.19071
2514.135,0.18173999999999998
2514.136,0.17355
2514.137,0.167505
2514.138,0.149175
2514.139,0.135525
2514.14,0.11427
2514.141,0.100035
2514.142,0.091455
2514.143,0.09243
2514.144,0.109005
2514.145,0.12519
2514.146,0.15873
2514.147,0.183105
2514.148,0.191295
2514.149,0.19539
2514.15,0.1911
2514.151,0.18486
2514.152,0.17823
2514.153,0.16614
2514.154,0.148005
2514.155,0.14118
2514.156,0.12636
2514.157,0.107055
2514.158,0.08931
2514.159,0.09243
2514.16,0.100035
2514.161,0.107055
2514.162,0.12792
2514.163,0.15873
2514.164,0.18193499999999999
2514.165,0.186615
2514.166,0.183495
2514.167,0.18291
2514.168,0.17432999999999998
2514.169,0.170235
2514.17,0.151515
2514.171,0.13708499999999998
2514.172,0.125775
2514.173,0.12012
2514.174,0.09243
2514.175,0.07683
2514.176,0.082095
2514.177,0.09165
2514.178,0.103935
2514.179,0.128895
2514.18,0.16536
2514.181,0.16575
2514.182,0.171405
2514.183,0.17862
2514.184,0.16731
2514.185,0.15483
2514.186,0.146055
2514.187,0.13923
2514.188,0.1248
2514.189,0.12129
2514.19,0.097695
2514.191,0.073905
2514.192,0.07059
2514.193,0.07585499999999999
2514.194,0.085215
2514.195,0.101595
2514.196,0.13143
2514.197,0.158535
2514.198,0.16614
2514.199,0.16887
2514.2,0.16711499999999999
2514.201,0.162435
2514.202,0.15170999999999998
2514.203,0.145275
2514.204,0.12831
2514.205,0.11622
2514.206,0.11271
2514.207,0.09086999999999999
2514.208,0.070395
2514.209,0.062595
2514.21,0.07839
2514.211,0.085215
2514.212,0.10803
2514.213,0.13708499999999998
2514.214,0.16107
2514.215,0.166335
2514.216,0.16731
2514.217,0.164775
2514.218,0.15327
2514.219,0.153075
2514.22,0.135135
2514.221,0.125775
2514.222,0.11329499999999999
2514.223,0.10198499999999999
2514.224,0.07995
2514.225,0.066885
2514.226,0.06591
2514.227,0.07683
2514.228,0.089115
2514.229,0.11934
2514.23,0.146445
2514.231,0.16029
2514.232,0.161655
2514.233,0.16302
2514.234,0.160095
2514.235,0.150735
2514.236,0.13923
2514.237,0.128895
2514.238,0.11388
2514.239,0.10764
2514.24,0.089895
2514.241,0.068055
2514.242,0.063375
2514.243,0.066495
2514.244,0.078195
2514.245,0.09516
2514.246,0.12675
2514.247,0.15170999999999998
2514.248,0.153855
2514.249,0.15795
2514.25,0.15327
2514.251,0.147615
2514.252,0.139425
2514.253,0.13299
2514.254,0.12050999999999999
2514.255,0.107835
2514.256,0.09984
2514.257,0.07683
2514.258,0.05811
2514.259,0.05694
2514.26,0.06493499999999999
2514.261,0.07059
2514.262,0.093015
2514.263,0.130065
2514.264,0.147615
2514.265,0.153855
2514.266,0.147615
2514.267,0.15170999999999998
2514.268,0.138255
2514.269,0.135135
2514.27,0.11660999999999999
2514.271,0.103155
2514.272,0.097695
2514.273,0.09126
2514.274,0.064155
2514.275,0.045825
2514.276,0.05187
2514.277,0.06552
2514.278,0.07059
2514.279,0.10198499999999999
2514.28,0.12986999999999999
2514.281,0.143325
2514.282,0.14391
2514.283,0.15170999999999998
2514.284,0.139035
2514.285,0.132795
2514.286,0.12285
2514.287,0.110175
2514.288,0.103935
2514.289,0.091845
2514.29,0.07955999999999999
2514.291,0.051675
2514.292,0.047775
2514.293,0.056549999999999996
2514.294,0.066495
2514.295,0.07722
2514.296,0.116415
2514.297,0.14079
2514.298,0.145665
2514.299,0.146055
2514.3,0.14547
2514.301,0.142545
2514.302,0.135135
2514.303,0.13299
2514.304,0.11583
2514.305,0.10296
2514.306,0.09243
2514.307,0.074685
2514.308,0.061035
2514.309,0.05499
2514.31,0.06591
2514.311,0.073125
2514.312,0.100815
2514.313,0.132795
2514.314,0.15327
2514.315,0.160095
2514.316,0.153855
2514.317,0.153855
2514.318,0.147615
2514.319,0.14118
2514.32,0.132795
2514.321,0.11934
2514.322,0.103935
2514.323,0.095355
2514.324,0.075075
2514.325,0.062985
2514.326,0.06552
2514.327,0.07293
2514.328,0.090285
2514.329,0.11739
2514.33,0.14313
2514.331,0.15756
2514.332,0.16419
2514.333,0.16029
2514.334,0.16068
2514.335,0.149175
2514.336,0.13923
2514.337,0.12675
2514.338,0.11544
2514.339,0.110175
2514.34,0.09048
2514.341,0.070395
2514.342,0.058695
2514.343,0.071565
2514.344,0.082875
2514.345,0.09808499999999999
2514.346,0.12363
2514.347,0.156975
2514.348,0.15288
2514.349,0.163995
2514.35,0.1638
2514.351,0.15483
2514.352,0.14547
2514.353,0.135135
2514.354,0.12636
2514.355,0.11622
2514.356,0.10374
2514.357,0.082095
2514.358,0.058695
2514.359,0.05499
2514.36,0.07059
2514.361,0.086775
2514.362,0.11309999999999999
2514.363,0.133965
2514.364,0.157755
2514.365,0.15950999999999999
2514.366,0.1638
2514.367,0.153855
2514.368,0.148395
2514.369,0.14235
2514.37,0.12986999999999999
2514.371,0.121095
2514.372,0.108615
2514.373,0.09516
2514.374,0.072735
2514.375,0.05772
2514.376,0.067665
2514.377,0.078
2514.378,0.08931
2514.379,0.11934
2514.38,0.145665
2514.381,0.15483
2514.382,0.16224
2514.383,0.15834
2514.384,0.146445
2514.385,0.146055
2514.386,0.14118
2514.387,0.12558
2514.388,0.107835
2514.389,0.100035
2514.39,0.084045
2514.391,0.058695
2514.392,0.0624
2514.393,0.066495
2514.394,0.077025
2514.395,0.095355
2514.396,0.128115
2514.397,0.15756
2514.398,0.15327
2514.399,0.166335
2514.4,0.15795
2514.401,0.156
2514.402,0.145275
2514.403,0.135135
2514.404,0.12909
2514.405,0.114075
2514.406,0.100815
2514.407,0.078975
2514.408,0.06591
2514.409,0.06435
2514.41,0.071175
2514.411,0.08326499999999999
2514.412,0.103545
2514.413,0.13533
2514.414,0.156975
2514.415,0.158535
2514.416,0.15678
2514.417,0.156
2514.418,0.14118
2514.419,0.136695
2514.42,0.122655
2514.421,0.110565
2514.422,0.103935
2514.423,0.086775
2514.424,0.05811
2514.425,0.047775
2514.426,0.05499
2514.427,0.0663
2514.428,0.076635
2514.429,0.108225
2514.43,0.13299
2514.431,0.143325
2514.432,0.14859
2514.433,0.142935
2514.434,0.135135
2514.435,0.125775
2514.436,0.119535
2514.437,0.110175
2514.438,0.100815
2514.439,0.085215
2514.44,0.0702
2514.441,0.05148
2514.442,0.03939
2514.443,0.05343
2514.444,0.06396
2514.445,0.07566
2514.446,0.114075
2514.447,0.135135
2514.448,0.14625
2514.449,0.14547
2514.45,0.14235
2514.451,0.13611
2514.452,0.13884
2514.453,0.13143
2514.454,0.11271
2514.455,0.105105
2514.456,0.091455
2514.457,0.07566
2514.458,0.056355
2514.459,0.058695
2514.46,0.0663
2514.461,0.082875
2514.462,0.10647
2514.463,0.13299
2514.464,0.155415
2514.465,0.157755
2514.466,0.156975
2514.467,0.157755
2514.468,0.147615
2514.469,0.13923
2514.47,0.132015
2514.471,0.117975
2514.472,0.10764
2514.473,0.097695
2514.474,0.069615
2514.475,0.058695
2514.476,0.0624
2514.477,0.078
2514.478,0.089505
2514.479,0.12246
2514.48,0.147225
2514.481,0.160095
2514.482,0.166335
2514.483,0.160095
2514.484,0.15132
2514.485,0.14547
2514.486,0.13923
2514.487,0.1287
2514.488,0.110565
2514.489,0.10686
2514.49,0.089115
2514.491,0.07254
2514.492,0.066495
2514.493,0.078975
2514.494,0.08716499999999999
2514.495,0.103935
2514.496,0.139425
2514.497,0.16614
2514.498,0.17043
2514.499,0.168285
2514.5,0.168285
2514.501,0.161265
2514.502,0.15366
2514.503,0.15170999999999998
2514.504,0.135135
2514.505,0.128115
2514.506,0.114075
2514.507,0.09516
2514.508,0.078975
2514.509,0.085215
2514.51,0.09243
2514.511,0.11115
2514.512,0.128895
2514.513,0.15795
2514.514,0.17628
2514.515,0.183105
2514.516,0.17784
2514.517,0.176475
2514.518,0.170625
2514.519,0.163215
2514.52,0.15366
2514.521,0.13806
2514.522,0.128895
2514.523,0.11856
2514.524,0.09555
2514.525,0.08112
2514.526,0.086775
2514.527,0.09984
2514.528,0.116415
2514.529,0.14157
2514.53,0.17043
2514.531,0.17979
2514.532,0.17862
2514.533,0.181155
2514.534,0.17667
2514.535,0.167895
2514.536,0.158925
2514.537,0.15170999999999998
2514.538,0.136695
2514.539,0.124995
2514.54,0.114075
2514.541,0.08541
2514.542,0.07917
2514.543,0.091845
2514.544,0.104715
2514.545,0.12012
2514.546,0.15190499999999998
2514.547,0.17667
2514.548,0.18914999999999998
2514.549,0.186615
2514.55,0.185055
2514.551,0.17862
2514.552,0.169455
2514.553,0.158535
2514.554,0.153855
2514.555,0.14118
2514.556,0.128115
2514.557,0.108615
2514.558,0.08931
2514.559,0.09457499999999999
2514.56,0.1053
2514.561,0.116415
2514.562,0.14313
2514.563,0.169845
2514.564,0.18603
2514.565,0.19539
2514.566,0.19539
2514.567,0.18934499999999999
2514.568,0.18525
2514.569,0.17413499999999998
2514.57,0.166335
2514.571,0.15639
2514.572,0.14118
2514.573,0.12792
2514.574,0.108225
2514.575,0.097695
2514.576,0.103935
2514.577,0.11622
2514.578,0.131235
2514.579,0.158145
2514.58,0.191295
2514.581,0.20163
2514.582,0.20631
2514.583,0.2028
2514.584,0.192465
2514.585,0.184275
2514.586,0.17862
2514.587,0.165555
2514.588,0.14449499999999998
2514.589,0.142935
2514.59,0.124995
2514.591,0.10062
2514.592,0.09984
2514.593,0.108615
2514.594,0.11622
2514.595,0.132015
2514.596,0.167505
2514.597,0.192855
2514.598,0.197535
2514.599,0.195585
2514.6,0.195585
2514.601,0.185055
2514.602,0.17667
2514.603,0.16731
2514.604,0.153855
2514.605,0.140595
2514.606,0.130455
2514.607,0.110175
2514.608,0.10023
2514.609,0.097695
2514.61,0.10549499999999999
2514.611,0.115635
2514.612,0.141375
2514.613,0.17355
2514.614,0.18486
2514.615,0.19227
2514.616,0.195
2514.617,0.18369
2514.618,0.178815
2514.619,0.166335
2514.62,0.15795
2514.621,0.142935
2514.622,0.13299
2514.623,0.11934
2514.624,0.09555
2514.625,0.089115
2514.626,0.091845
2514.627,0.103935
2514.628,0.112515
2514.629,0.148785
2514.63,0.17784
2514.631,0.18291
2514.632,0.191295
2514.633,0.187005
2514.634,0.183495
2514.635,0.170625
2514.636,0.16731
2514.637,0.15209999999999999
2514.638,0.14547
2514.639,0.130455
2514.64,0.110175
2514.641,0.09165
2514.642,0.08619
2514.643,0.09516
2514.644,0.10842
2514.645,0.126555
2514.646,0.16419
2514.647,0.185055
2514.648,0.195975
2514.649,0.18914999999999998
2514.65,0.185445
2514.651,0.181155
2514.652,0.169455
2514.653,0.164775
2514.654,0.153855
2514.655,0.141375
2514.656,0.1326
2514.657,0.107055
2514.658,0.09126
2514.659,0.093015
2514.66,0.10062
2514.661,0.118365
2514.662,0.142935
2514.663,0.167505
2514.664,0.18525
2514.665,0.191295
2514.666,0.18603
2514.667,0.19149
2514.668,0.176475
2514.669,0.16731
2514.67,0.160095
2514.671,0.141375
2514.672,0.135135
2514.673,0.11817
2514.674,0.100035
2514.675,0.093015
2514.676,0.09457499999999999
2514.677,0.10549499999999999
2514.678,0.12070499999999999
2514.679,0.153855
2514.68,0.17862
2514.681,0.182715
2514.682,0.18895499999999998
2514.683,0.185055
2514.684,0.179985
2514.685,0.172575
2514.686,0.16614
2514.687,0.153855
2514.688,0.141375
2514.689,0.13143
2514.69,0.10803
2514.691,0.085605
2514.692,0.08326499999999999
2514.693,0.089895
2514.694,0.102375
2514.695,0.110175
2514.696,0.153855
2514.697,0.172965
2514.698,0.176475
2514.699,0.180375
2514.7,0.17413499999999998
2514.701,0.16419
2514.702,0.162435
2514.703,0.15054
2514.704,0.135135
2514.705,0.122655
2514.706,0.114465
2514.707,0.09516
2514.708,0.073905
2514.709,0.07293
2514.71,0.086775
2514.711,0.10803
2514.712,0.125775
2514.713,0.151515
2514.714,0.172575
2514.715,0.16809
2514.716,0.17413499999999998
2514.717,0.16731
2514.718,0.15795
2514.719,0.15170999999999998
2514.72,0.14157
2514.721,0.12558
2514.722,0.116415
2514.723,0.10608
2514.724,0.077025
2514.725,0.07371
2514.726,0.074685
2514.727,0.088335
2514.728,0.103155
2514.729,0.139035
2514.73,0.158145
2514.731,0.16731
2514.732,0.170625
2514.733,0.17355
2514.734,0.16575
2514.735,0.162435
2514.736,0.153855
2514.737,0.14235
2514.738,0.128895
2514.739,0.118365
2514.74,0.097695
2514.741,0.08112
2514.742,0.068055
2514.743,0.08307
2514.744,0.09067499999999999
2514.745,0.108225
2514.746,0.143325
2514.747,0.169455
2514.748,0.17784
2514.749,0.17413499999999998
2514.75,0.171405
2514.751,0.15795
2514.752,0.15756
2514.753,0.149565
2514.754,0.135135
2514.755,0.12675
2514.756,0.11427
2514.757,0.09437999999999999
2514.758,0.07585499999999999
2514.759,0.07683
2514.76,0.091455
2514.761,0.106275
2514.762,0.135135
2514.763,0.16341
2514.764,0.17432999999999998
2514.765,0.183885
2514.766,0.178035
2514.767,0.17862
2514.768,0.165555
2514.769,0.16263
2514.77,0.153855
2514.771,0.139425
2514.772,0.12967499999999998
2514.773,0.111735
2514.774,0.091845
2514.775,0.08892
2514.776,0.08931
2514.777,0.097695
2514.778,0.116415
2514.779,0.156
2514.78,0.17043
2514.781,0.18134999999999998
2514.782,0.18134999999999998
2514.783,0.185055
2514.784,0.178815
2514.785,0.17199
2514.786,0.16224
2514.787,0.14664
2514.788,0.141375
2514.789,0.124995
2514.79,0.103935
2514.791,0.085215
2514.792,0.085215
2514.793,0.09555
2514.794,0.100815
2514.795,0.12636
2514.796,0.153855
2514.797,0.176475
2514.798,0.18603
2514.799,0.18914999999999998
2514.8,0.183105
2514.801,0.172575
2514.802,0.17043
2514.803,0.16575
2514.804,0.14781
2514.805,0.140595
2514.806,0.1287
2514.807,0.10764
2514.808,0.09086999999999999
2514.809,0.10296
2514.81,0.108225
2514.811,0.12070499999999999
2514.812,0.141765
2514.813,0.172575
2514.814,0.18914999999999998
2514.815,0.197535
2514.816,0.19655999999999998
2514.817,0.189735
2514.818,0.18291
2514.819,0.18252
2514.82,0.166335
2514.821,0.15756
2514.822,0.14429999999999998
2514.823,0.129285
2514.824,0.107835
2514.825,0.10023
2514.826,0.10803
2514.827,0.114855
2514.828,0.132015
2514.829,0.161655
2514.83,0.18914999999999998
2514.831,0.193245
2514.832,0.199875
2514.833,0.20124
2514.834,0.19636499999999998
2514.835,0.189735
2514.836,0.18193499999999999
2514.837,0.165555
2514.838,0.153855
2514.839,0.15229499999999999
2514.84,0.12675
2514.841,0.10608
2514.842,0.10178999999999999
2514.843,0.11622
2514.844,0.12831
2514.845,0.141375
2514.846,0.17862
2514.847,0.197535
2514.848,0.20377499999999998
2514.849,0.20396999999999998
2514.85,0.20007
2514.851,0.195975
2514.852,0.189735
2514.853,0.17784
2514.854,0.16419
2514.855,0.14781
2514.856,0.135525
2514.857,0.114465
2514.858,0.10296
2514.859,0.10803
2514.86,0.11934
2514.861,0.12792
2514.862,0.157755
2514.863,0.182715
2514.864,0.197535
2514.865,0.195975
2514.866,0.200655
2514.867,0.195
2514.868,0.187005
2514.869,0.182715
2514.87,0.170235
2514.871,0.15795
2514.872,0.146055
2514.873,0.12558
2514.874,0.107835
2514.875,0.09711
2514.876,0.10549499999999999
2514.877,0.116415
2514.878,0.133575
2514.879,0.15873
2514.88,0.191295
2514.881,0.18914999999999998
2514.882,0.195195
2514.883,0.19539
2514.884,0.18914999999999998
2514.885,0.183495
2514.886,0.16926
2514.887,0.16536
2514.888,0.142935
2514.889,0.135135
2514.89,0.117975
2514.891,0.100815
2514.892,0.093405
2514.893,0.102375
2514.894,0.117585
2514.895,0.133965
2514.896,0.17238
2514.897,0.19227
2514.898,0.20046
2514.899,0.197535
2514.9,0.197925
2514.901,0.187395
2514.902,0.182715
2514.903,0.167895
2514.904,0.15327
2514.905,0.14449499999999998
2514.906,0.13845
2514.907,0.110175
2514.908,0.097695
2514.909,0.10374
2514.91,0.108615
2514.911,0.122655
2514.912,0.150735
2514.913,0.18369
2514.914,0.191295
2514.915,0.20046
2514.916,0.19655999999999998
2514.917,0.199875
2514.918,0.191295
2514.919,0.18252
2514.92,0.17511
2514.921,0.1599
2514.922,0.15170999999999998
2514.923,0.12831
2514.924,0.10881
2514.925,0.1014
2514.926,0.10803
2514.927,0.11583
2514.928,0.136305
2514.929,0.163215
2514.93,0.19032
2514.931,0.195
2514.932,0.2028
2514.933,0.200655
2514.934,0.185055
2514.935,0.18291
2514.936,0.17413499999999998
2514.937,0.16575
2514.938,0.153855
2514.939,0.14859
2514.94,0.1248
2514.941,0.10491
2514.942,0.101595
2514.943,0.11076
2514.944,0.1287
2514.945,0.1404
2514.946,0.17979
2514.947,0.197145
2514.948,0.20787
2514.949,0.20865
2514.95,0.20319
2514.951,0.192855
2514.952,0.18291
2514.953,0.17667
2514.954,0.16614
2514.955,0.15834
2514.956,0.14157
2514.957,0.11329499999999999
2514.958,0.10608
2514.959,0.11329499999999999
2514.96,0.116415
2514.961,0.133575
2514.962,0.16263
2514.963,0.18759
2514.964,0.20319
2514.965,0.205335
2514.966,0.208455
2514.967,0.201435
2514.968,0.190515
2514.969,0.18291
2514.97,0.172575
2514.971,0.16263
2514.972,0.158145
2514.973,0.13884
2514.974,0.11388
2514.975,0.11329499999999999
2514.976,0.112515
2514.977,0.128895
2514.978,0.14547
2514.979,0.17628
2514.98,0.199875
2514.981,0.210405
2514.982,0.213915
2514.983,0.208845
2514.984,0.20377499999999998
2514.985,0.197535
2514.986,0.192075
2514.987,0.171015
2514.988,0.163995
2514.989,0.15795
2514.99,0.135135
2514.991,0.11115
2514.992,0.110175
2514.993,0.122655
2514.994,0.134745
2514.995,0.152685
2514.996,0.185055
2514.997,0.215475
2514.998,0.213135
2514.999,0.216255
2515.0,0.21411
2515.001,0.20748
2515.002,0.195195
2515.003,0.190515
2515.004,0.17355
2515.005,0.157755
2515.006,0.156195
2515.007,0.125775
2515.008,0.108225
2515.009,0.119925
2515.01,0.13182
2515.011,0.14449499999999998
2515.012,0.17043
2515.013,0.20007
2515.014,0.20748
2515.015,0.215475
2515.016,0.20748
2515.017,0.206115
2515.018,0.19773
2515.019,0.19149
2515.02,0.18096
2515.021,0.165555
2515.022,0.15795
2515.023,0.140595
2515.024,0.11583
2515.025,0.11544
2515.026,0.12050999999999999
2515.027,0.132015
2515.028,0.142935
2515.029,0.18252
2515.03,0.20475
2515.031,0.21606
2515.032,0.216255
2515.033,0.21567
2515.034,0.20592
2515.035,0.20163
2515.036,0.190515
2515.037,0.17628
2515.038,0.166335
2515.039,0.151515
2515.04,0.13299
2515.041,0.11388
2515.042,0.11427
2515.043,0.12675
2515.044,0.133575
2515.045,0.153855
2515.046,0.185055
2515.047,0.20319
2515.048,0.21528
2515.049,0.21372
2515.05,0.20787
2515.051,0.197535
2515.052,0.191295
2515.053,0.18291
2515.054,0.17043
2515.055,0.15639
2515.056,0.14547
2515.057,0.12070499999999999
2515.058,0.103935
2515.059,0.114075
2515.06,0.1287
2515.061,0.135135
2515.062,0.163215
2515.063,0.18895499999999998
2515.064,0.202995
2515.065,0.20046
2515.066,0.20396999999999998
2515.067,0.20163
2515.068,0.19227
2515.069,0.18875999999999998
2515.07,0.1755
2515.071,0.16029
2515.072,0.15170999999999998
2515.073,0.13182
2515.074,0.11329499999999999
2515.075,0.10764
2515.076,0.10803
2515.077,0.12675
2515.078,0.141375
2515.079,0.175695
2515.08,0.19422
2515.081,0.20163
2515.082,0.206895
2515.083,0.201435
2515.084,0.19539
2515.085,0.185055
2515.086,0.17979
2515.087,0.163605
2515.088,0.153855
2515.089,0.14429999999999998
2515.09,0.12285
2515.091,0.10062
2515.092,0.103155
2515.093,0.12050999999999999
2515.094,0.133185
2515.095,0.149175
2515.096,0.18291
2515.097,0.19578
2515.098,0.20319
2515.099,0.208455
2515.1,0.19773
2515.101,0.185055
2515.102,0.179595
2515.103,0.16614
2515.104,0.15288
2515.105,0.14157
2515.106,0.13923
2515.107,0.108225
2515.108,0.093405
2515.109,0.1014
2515.11,0.11271
2515.111,0.12324
2515.112,0.156
2515.113,0.182715
2515.114,0.19071
2515.115,0.19636499999999998
2515.116,0.193245
2515.117,0.191295
2515.118,0.18173999999999998
2515.119,0.172575
2515.12,0.163995
2515.121,0.14547
2515.122,0.13884
2515.123,0.12031499999999999
2515.124,0.099255
2515.125,0.089115
2515.126,0.10296
2515.127,0.116415
2515.128,0.124995
2515.129,0.15795
2515.13,0.18193499999999999
2515.131,0.18798
2515.132,0.18895499999999998
2515.133,0.18914999999999998
2515.134,0.181155
2515.135,0.17862
2515.136,0.163215
2515.137,0.153855
2515.138,0.135525
2515.139,0.12831
2515.14,0.114075
2515.141,0.10062
2515.142,0.095355
2515.143,0.09867
2515.144,0.11739
2515.145,0.135135
2515.146,0.166335
2515.147,0.18895499999999998
2515.148,0.19539
2515.149,0.19539
2515.15,0.18252
2515.151,0.17355
2515.152,0.171015
2515.153,0.15834
2515.154,0.151515
2515.155,0.135525
2515.156,0.128895
2515.157,0.100815
2515.158,0.09048
2515.159,0.092235
2515.16,0.10608
2515.161,0.11388
2515.162,0.14429999999999998
2515.163,0.17043
2515.164,0.186615
2515.165,0.18875999999999998
2515.166,0.19032
2515.167,0.178815
2515.168,0.167505
2515.169,0.16419
2515.17,0.156195
2515.171,0.141375
2515.172,0.126555
2515.173,0.11115
2515.174,0.09243
2515.175,0.08541
2515.176,0.095745
2515.177,0.103155
2515.178,0.12558
2515.179,0.156195
2515.18,0.183105
2515.181,0.18914999999999998
2515.182,0.195585
2515.183,0.191295
2515.184,0.186615
2515.185,0.176865
2515.186,0.168285
2515.187,0.153855
2515.188,0.14235
2515.189,0.13143
2515.19,0.107835
2515.191,0.09126
2515.192,0.092235
2515.193,0.10296
2515.194,0.11388
2515.195,0.135135
2515.196,0.166335
2515.197,0.185445
2515.198,0.19227
2515.199,0.199095
2515.2,0.18603
2515.201,0.18134999999999998
2515.202,0.17628
2515.203,0.158535
2515.204,0.15132
2515.205,0.1404
2515.206,0.128895
2515.207,0.097695
2515.208,0.09048
2515.209,0.091845
2515.21,0.10842
2515.211,0.1248
2515.212,0.146055
2515.213,0.178815
2515.214,0.18875999999999998
2515.215,0.187005
2515.216,0.191295
2515.217,0.18291
2515.218,0.17316
2515.219,0.16536
2515.22,0.153855
2515.221,0.14547
2515.222,0.12909
2515.223,0.11680499999999999
2515.224,0.09048
2515.225,0.091455
2515.226,0.097695
2515.227,0.103935
2515.228,0.12050999999999999
2515.229,0.145665
2515.23,0.183495
2515.231,0.17413499999999998
2515.232,0.182715
2515.233,0.183495
2515.234,0.17393999999999998
2515.235,0.17043
2515.236,0.157365
2515.237,0.14235
2515.238,0.135135
2515.239,0.11739
2515.24,0.10296
2515.241,0.082875
2515.242,0.08307
2515.243,0.09555
2515.244,0.107055
2515.245,0.133185
2515.246,0.1599
2515.247,0.175695
2515.248,0.183105
2515.249,0.178815
2515.25,0.181155
2515.251,0.16672499999999998
2515.252,0.16419
2515.253,0.160095
2515.254,0.141375
2515.255,0.129285
2515.256,0.11739
2515.257,0.09126
2515.258,0.0819
2515.259,0.09126
2515.26,0.093015
2515.261,0.11309999999999999
2515.262,0.14235
2515.263,0.1638
2515.264,0.182715
2515.265,0.18603
2515.266,0.18291
2515.267,0.17823
2515.268,0.17355
2515.269,0.15873
2515.27,0.15366
2515.271,0.132015
2515.272,0.124995
2515.273,0.10803
2515.274,0.08307
2515.275,0.0819
2515.276,0.091455
2515.277,0.095745
2515.278,0.116415
2515.279,0.15132
2515.28,0.17511
2515.281,0.178815
2515.282,0.18193499999999999
2515.283,0.182715
2515.284,0.17979
2515.285,0.172575
2515.286,0.162435
2515.287,0.14625
2515.288,0.13104
2515.289,0.121095
2515.29,0.103935
2515.291,0.08619
2515.292,0.085995
2515.293,0.09243
2515.294,0.107835
2515.295,0.128895
2515.296,0.16029
2515.297,0.178815
2515.298,0.17979
2515.299,0.18603
2515.3,0.17862
2515.301,0.172575
2515.302,0.16263
2515.303,0.156195
2515.304,0.14079
2515.305,0.133575
2515.306,0.1248
2515.307,0.091455
2515.308,0.085215
2515.309,0.09126
2515.31,0.099255
2515.311,0.11622
2515.312,0.14547
2515.313,0.172575
2515.314,0.18252
2515.315,0.186615
2515.316,0.181155
2515.317,0.178035
2515.318,0.172575
2515.319,0.16419
2515.32,0.15170999999999998
2515.321,0.139035
2515.322,0.1326
2515.323,0.10958999999999999
2515.324,0.09243
2515.325,0.09126
2515.326,0.095745
2515.327,0.10686
2515.328,0.117975
2515.329,0.158145
2515.33,0.179985
2515.331,0.191685
2515.332,0.185055
2515.333,0.18291
2515.334,0.175305
2515.335,0.15795
2515.336,0.15756
2515.337,0.142935
2515.338,0.1326
2515.339,0.12050999999999999
2515.34,0.10452
2515.341,0.08326499999999999
2515.342,0.085215
2515.343,0.100815
2515.344,0.11232
2515.345,0.13377
2515.346,0.158145
2515.347,0.178815
2515.348,0.18291
2515.349,0.182715
2515.35,0.174915
2515.351,0.17043
2515.352,0.16419
2515.353,0.15327
2515.354,0.14118
2515.355,0.133185
2515.356,0.117975
2515.357,0.09555
2515.358,0.085215
2515.359,0.085605
2515.36,0.101595
2515.361,0.12129
2515.362,0.15170999999999998
2515.363,0.172575
2515.364,0.182715
2515.365,0.18193499999999999
2515.366,0.18134999999999998
2515.367,0.178035
2515.368,0.16926
2515.369,0.1638
2515.37,0.15288
2515.371,0.136695
2515.372,0.12792
2515.373,0.10647
2515.374,0.09126
2515.375,0.08541
2515.376,0.09789
2515.377,0.106275
2515.378,0.116415
2515.379,0.15327
2515.38,0.178815
2515.381,0.183495
2515.382,0.185055
2515.383,0.183105
2515.384,0.172575
2515.385,0.167895
2515.386,0.153855
2515.387,0.14235
2515.388,0.126555
2515.389,0.12031499999999999
2515.39,0.097695
2515.391,0.081315
2515.392,0.085215
2515.393,0.096135
2515.394,0.110175
2515.395,0.1326
2515.396,0.163995
2515.397,0.18173999999999998
2515.398,0.18291
2515.399,0.186615
2515.4,0.18096
2515.401,0.171405
2515.402,0.163995
2515.403,0.153855
2515.404,0.13923
2515.405,0.132015
2515.406,0.12285
2515.407,0.09867
2515.408,0.08814
2515.409,0.093405
2515.41,0.103935
2515.411,0.117975
2515.412,0.14547
2515.413,0.17823
2515.414,0.18291
2515.415,0.188175
2515.416,0.185055
2515.417,0.178815
2515.418,0.171015
2515.419,0.163995
2515.42,0.15170999999999998
2515.421,0.135135
2515.422,0.12558
2515.423,0.108615
2515.424,0.08775
2515.425,0.08112
2515.426,0.09555
2515.427,0.106275
2515.428,0.12519
2515.429,0.15756
2515.43,0.18447
2515.431,0.18914999999999998
2515.432,0.1911
2515.433,0.18603
2515.434,0.18193499999999999
2515.435,0.183105
2515.436,0.162435
2515.437,0.1482
2515.438,0.13299
2515.439,0.125775
2515.44,0.103935
2515.441,0.08541
2515.442,0.08775
2515.443,0.097695
2515.444,0.115635
2515.445,0.13533
2515.446,0.1638
2515.447,0.182715
2515.448,0.18525
2515.449,0.186615
2515.45,0.18096
2515.451,0.17043
2515.452,0.168285
2515.453,0.162825
2515.454,0.14235
2515.455,0.133185
2515.456,0.11544
2515.457,0.0897
2515.458,0.083655
2515.459,0.091455
2515.46,0.1014
2515.461,0.11466
2515.462,0.14508
2515.463,0.17784
2515.464,0.18291
2515.465,0.191295
2515.466,0.185055
2515.467,0.17043
2515.468,0.168285
2515.469,0.165555
2515.47,0.149175
2515.471,0.13494
2515.472,0.12050999999999999
2515.473,0.103935
2515.474,0.085215
2515.475,0.08307
2515.476,0.08931
2515.477,0.10217999999999999
2515.478,0.110175
2515.479,0.146055
2515.48,0.17082
2515.481,0.18525
2515.482,0.179205
2515.483,0.18134999999999998
2515.484,0.166335
2515.485,0.156975
2515.486,0.147615
2515.487,0.14118
2515.488,0.129285
2515.489,0.11271
2515.49,0.091845
2515.491,0.0819
2515.492,0.085215
2515.493,0.09086999999999999
2515.494,0.103935
2515.495,0.13104
2515.496,0.157755
2515.497,0.17355
2515.498,0.178815
2515.499,0.178815
2515.5,0.17004
2515.501,0.170235
2515.502,0.16224
2515.503,0.15288
2515.504,0.13727999999999999
2515.505,0.118365
2515.506,0.11329499999999999
2515.507,0.083655
2515.508,0.078975
2515.509,0.08385
2515.51,0.09555
2515.511,0.10803
2515.512,0.133575
2515.513,0.15756
2515.514,0.17043
2515.515,0.170235
2515.516,0.165555
2515.517,0.158145
2515.518,0.15170999999999998
2515.519,0.141765
2515.52,0.132795
2515.521,0.12070499999999999
2515.522,0.10803
2515.523,0.09086999999999999
2515.524,0.07059
2515.525,0.066495
2515.526,0.073905
2515.527,0.086385
2515.528,0.101595
2515.529,0.13708499999999998
2515.53,0.15873
2515.531,0.17004
2515.532,0.171015
2515.533,0.16731
2515.534,0.160095
2515.535,0.15795
2515.536,0.15327
2515.537,0.136695
2515.538,0.13338
2515.539,0.117585
2515.54,0.09555
2515.541,0.082875
2515.542,0.079365
2515.543,0.09516
2515.544,0.10413
2515.545,0.13299
2515.546,0.15795
2515.547,0.176475
2515.548,0.183495
2515.549,0.18252
2515.55,0.1755
2515.551,0.166335
2515.552,0.160095
2515.553,0.153075
2515.554,0.13494
2515.555,0.125775
2515.556,0.103935
2515.557,0.088335
2515.558,0.081315
2515.559,0.089895
2515.56,0.09555
2515.561,0.10803
2515.562,0.141375
2515.563,0.169455
2515.564,0.176475
2515.565,0.179205
2515.566,0.17628
2515.567,0.176475
2515.568,0.164385
2515.569,0.157755
2515.57,0.14157
2515.571,0.12909
2515.572,0.12636
2515.573,0.10374
2515.574,0.08307
2515.575,0.07566
2515.576,0.08931
2515.577,0.10023
2515.578,0.11739
2515.579,0.15170999999999998
2515.58,0.17628
2515.581,0.182715
2515.582,0.178815
2515.583,0.1755
2515.584,0.172575
2515.585,0.16302
2515.586,0.15190499999999998
2515.587,0.13338
2515.588,0.128895
2515.589,0.12050999999999999
2515.59,0.091455
2515.591,0.070785
2515.592,0.08112
2515.593,0.085215
2515.594,0.101595
2515.595,0.1248
2515.596,0.153855
2515.597,0.170625
2515.598,0.17628
2515.599,0.17472
2515.6,0.166335
2515.601,0.16536
2515.602,0.153855
2515.603,0.14391
2515.604,0.126555
2515.605,0.128115
2515.606,0.10413
2515.607,0.07761
2515.608,0.071175
2515.609,0.076635
2515.61,0.09126
2515.611,0.10178999999999999
2515.612,0.136695
2515.613,0.160095
2515.614,0.168285
2515.615,0.171405
2515.616,0.167505
2515.617,0.164385
2515.618,0.15483
2515.619,0.14449499999999998
2515.62,0.13221
2515.621,0.121095
2515.622,0.11544
2515.623,0.09867
2515.624,0.07683
2515.625,0.07371
2515.626,0.08307
2515.627,0.091455
2515.628,0.103935
2515.629,0.14547
2515.63,0.163215
2515.631,0.174915
2515.632,0.172575
2515.633,0.169455
2515.634,0.160875
2515.635,0.157755
2515.636,0.14859
2515.637,0.13767
2515.638,0.12519
2515.639,0.11427
2515.64,0.093405
2515.641,0.07566
2515.642,0.078975
2515.643,0.086385
2515.644,0.10296
2515.645,0.128895
2515.646,0.15405
2515.647,0.166335
2515.648,0.172575
2515.649,0.168285
2515.65,0.16614
2515.651,0.160095
2515.652,0.15015
2515.653,0.141375
2515.654,0.1248
2515.655,0.11622
2515.656,0.1014
2515.657,0.07683
2515.658,0.072735
2515.659,0.07644
2515.66,0.088335
2515.661,0.10178999999999999
2515.662,0.13299
2515.663,0.157755
2515.664,0.16419
2515.665,0.163995
2515.666,0.163995
2515.667,0.15483
2515.668,0.14859
2515.669,0.142935
2515.67,0.1326
2515.671,0.11622
2515.672,0.108615
2515.673,0.082485
2515.674,0.0663
2515.675,0.0663
2515.676,0.073905
2515.677,0.08326499999999999
2515.678,0.10023
2515.679,0.133185
2515.68,0.15795
2515.681,0.163215
2515.682,0.168285
2515.683,0.158925
2515.684,0.153855
2515.685,0.142935
2515.686,0.13533
2515.687,0.117585
2515.688,0.10803
2515.689,0.100815
2515.69,0.074295
2515.691,0.05811
2515.692,0.057135
2515.693,0.069615
2515.694,0.080535
2515.695,0.10958999999999999
2515.696,0.141375
2515.697,0.15327
2515.698,0.15405
2515.699,0.155025
2515.7,0.149175
2515.701,0.141375
2515.702,0.132795
2515.703,0.12519
2515.704,0.11115
2515.705,0.09555
2515.706,0.07566
2515.707,0.057915
2515.708,0.050894999999999996
2515.709,0.05733
2515.71,0.067665
2515.711,0.086775
2515.712,0.11309999999999999
2515.713,0.141375
2515.714,0.14547
2515.715,0.15639
2515.716,0.15366
2515.717,0.14547
2515.718,0.13416
2515.719,0.128895
2515.72,0.11934
2515.721,0.10023
2515.722,0.097695
2515.723,0.07214999999999999
2515.724,0.05772
2515.725,0.054015
2515.726,0.06435
2515.727,0.072735
2515.728,0.08931
2515.729,0.1287
2515.73,0.150735
2515.731,0.156
2515.732,0.153855
2515.733,0.14547
2515.734,0.141375
2515.735,0.133185
2515.736,0.128895
2515.737,0.110175
2515.738,0.100815
2515.739,0.09067499999999999
2515.74,0.06396
2515.741,0.054015
2515.742,0.054015
2515.743,0.068055
2515.744,0.078975
2515.745,0.110955
2515.746,0.131235
2515.747,0.146055
2515.748,0.149175
2515.749,0.153075
2515.75,0.14449499999999998
2515.751,0.135135
2515.752,0.1287
2515.753,0.121095
2515.754,0.10335
2515.755,0.09555
2515.756,0.080535
2515.757,0.05382
2515.758,0.04875
2515.759,0.060254999999999996
2515.76,0.066495
2515.761,0.078975
2515.762,0.107055
2515.763,0.136695
2515.764,0.141765
2515.765,0.146055
2515.766,0.146445
2515.767,0.14235
2515.768,0.139035
2515.769,0.1287
2515.77,0.11427
2515.771,0.103935
2515.772,0.093405
2515.773,0.07683
2515.774,0.05772
2515.775,0.04992
2515.776,0.0663
2515.777,0.07839
2515.778,0.086775
2515.779,0.122655
2515.78,0.14547
2515.781,0.153855
2515.782,0.149175
2515.783,0.14625
2515.784,0.13611
2515.785,0.13299
2515.786,0.125775
2515.787,0.110175
2515.788,0.095355
2515.789,0.08931
2515.79,0.06552
2515.791,0.05733
2515.792,0.05304
2515.793,0.06552
2515.794,0.071175
2515.795,0.103935
2515.796,0.128895
2515.797,0.147615
2515.798,0.147615
2515.799,0.15132
2515.8,0.14547
2515.801,0.141375
2515.802,0.128895
2515.803,0.11739
2515.804,0.10958999999999999
2515.805,0.10608
2515.806,0.085215
2515.807,0.063375
2515.808,0.05343
2515.809,0.06435
2515.81,0.071175
2515.811,0.086775
2515.812,0.121485
2515.813,0.147615
2515.814,0.15561
2515.815,0.157755
2515.816,0.15756
2515.817,0.15288
2515.818,0.15054
2515.819,0.140595
2515.82,0.12031499999999999
2515.821,0.11329499999999999
2515.822,0.101595
2515.823,0.08268
2515.824,0.060254999999999996
2515.825,0.061035
2515.826,0.070395
2515.827,0.088335
2515.828,0.10608
2515.829,0.140595
2515.83,0.156
2515.831,0.163215
2515.832,0.16302
2515.833,0.15678
2515.834,0.149175
2515.835,0.14391
2515.836,0.133965
2515.837,0.12636
2515.838,0.10881
2515.839,0.10686
2515.84,0.078975
2515.841,0.06747
2515.842,0.069615
2515.843,0.07722
2515.844,0.091065
2515.845,0.12129
2515.846,0.141375
2515.847,0.16302
2515.848,0.15795
2515.849,0.161655
2515.85,0.15795
2515.851,0.15190499999999998
2515.852,0.14547
2515.853,0.138255
2515.854,0.1248
2515.855,0.11271
2515.856,0.08775
2515.857,0.072735
2515.858,0.070395
2515.859,0.073125
2515.86,0.07995
2515.861,0.100035
2515.862,0.12947999999999998
2515.863,0.156975
2515.864,0.15950999999999999
2515.865,0.166335
2515.866,0.166335
2515.867,0.16224
2515.868,0.15170999999999998
2515.869,0.14079
2515.87,0.13143
2515.871,0.12050999999999999
2515.872,0.11329499999999999
2515.873,0.09048
2515.874,0.07059
2515.875,0.069615
2515.876,0.074295
2515.877,0.088335
2515.878,0.10764
2515.879,0.14449499999999998
2515.88,0.166335
2515.881,0.172575
2515.882,0.17121
2515.883,0.167895
2515.884,0.158145
2515.885,0.156195
2515.886,0.14742
2515.887,0.13143
2515.888,0.11739
2515.889,0.11622
2515.89,0.082875
2515.891,0.07059
2515.892,0.07644
2515.893,0.085605
2515.894,0.09984
2515.895,0.121095
2515.896,0.15795
2515.897,0.167505
2515.898,0.16672499999999998
2515.899,0.17667
2515.9,0.16731
2515.901,0.16029
2515.902,0.147615
2515.903,0.14118
2515.904,0.12070499999999999
2515.905,0.11544
2515.906,0.093015
2515.907,0.078975
2515.908,0.06669
2515.909,0.07917
2515.91,0.08931
2515.911,0.10686
2515.912,0.13611
2515.913,0.156975
2515.914,0.158535
2515.915,0.17043
2515.916,0.166335
2515.917,0.158535
2515.918,0.147615
2515.919,0.13884
2515.92,0.128895
2515.921,0.116415
2515.922,0.103935
2515.923,0.083655
2515.924,0.065715
2515.925,0.06552
2515.926,0.076635
2515.927,0.09126
2515.928,0.108615
2515.929,0.143325
2515.93,0.15950999999999999
2515.931,0.169455
2515.932,0.17004
2515.933,0.16419
2515.934,0.15366
2515.935,0.14429999999999998
2515.936,0.1404
2515.937,0.12519
2515.938,0.11427
2515.939,0.110175
2515.94,0.076635
2515.941,0.066105
2515.942,0.06942
2515.943,0.08034
2515.944,0.09555
2515.945,0.12636
2515.946,0.148785
2515.947,0.16614
2515.948,0.16614
2515.949,0.16652999999999998
2515.95,0.160095
2515.951,0.15366
2515.952,0.14547
2515.953,0.12831
2515.954,0.12012
2515.955,0.10958999999999999
2515.956,0.09243
2515.957,0.071175
2515.958,0.066495
2515.959,0.07449
2515.96,0.085215
2515.961,0.096135
2515.962,0.13299
2515.963,0.153855
2515.964,0.16224
2515.965,0.17043
2515.966,0.16672499999999998
2515.967,0.160095
2515.968,0.153855
2515.969,0.141375
2515.97,0.13182
2515.971,0.121485
2515.972,0.10958999999999999
2515.973,0.088335
2515.974,0.07293
2515.975,0.07527
2515.976,0.08736
2515.977,0.09555
2515.978,0.11622
2515.979,0.153075
2515.98,0.16731
2515.981,0.17043
2515.982,0.17043
2515.983,0.17004
2515.984,0.15795
2515.985,0.151515
2515.986,0.142545
2515.987,0.13299
2515.988,0.12285
2515.989,0.106275
2515.99,0.07995
2515.991,0.0663
2515.992,0.078585
2515.993,0.086385
2515.994,0.100035
2515.995,0.1248
2515.996,0.153855
2515.997,0.169455
2515.998,0.173355
2515.999,0.17667
2516.0,0.16224
2516.001,0.160095
2516.002,0.14781
2516.003,0.13377
2516.004,0.12519
2516.005,0.11466
2516.006,0.101595
2516.007,0.078975
2516.008,0.07059
2516.009,0.07585499999999999
2516.01,0.089505
2516.011,0.108225
2516.012,0.136695
2516.013,0.16419
2516.014,0.16263
2516.015,0.171015
2516.016,0.17043
2516.017,0.162435
2516.018,0.14937
2516.019,0.146055
2516.02,0.12831
2516.021,0.118755
2516.022,0.10803
2516.023,0.089895
2516.024,0.07293
2516.025,0.07059
2516.026,0.078975
2516.027,0.095355
2516.028,0.11232
2516.029,0.14508
2516.03,0.16419
2516.031,0.166335
2516.032,0.166335
2516.033,0.16029
2516.034,0.153855
2516.035,0.14859
2516.036,0.13923
2516.037,0.123825
2516.038,0.11309999999999999
2516.039,0.10413
2516.04,0.07527
2516.041,0.063375
2516.042,0.0702
2516.043,0.08307
2516.044,0.093015
2516.045,0.12070499999999999
2516.046,0.147615
2516.047,0.160095
2516.048,0.164385
2516.049,0.16614
2516.05,0.156975
2516.051,0.147615
2516.052,0.133575
2516.053,0.12050999999999999
2516.054,0.114075
2516.055,0.10608
2516.056,0.08541
2516.057,0.0663
2516.058,0.0624
2516.059,0.072735
2516.06,0.082095
2516.061,0.09555
2516.062,0.12986999999999999
2516.063,0.148785
2516.064,0.15678
2516.065,0.158535
2516.066,0.153855
2516.067,0.15366
2516.068,0.14118
2516.069,0.1326
2516.07,0.11817
2516.071,0.103935
2516.072,0.09126
2516.073,0.082095
2516.074,0.051675
2516.075,0.054015
2516.076,0.065715
2516.077,0.07683
2516.078,0.103935
2516.079,0.128895
2516.08,0.153075
2516.081,0.156
2516.082,0.15170999999999998
2516.083,0.14937
2516.084,0.142155
2516.085,0.13533
2516.086,0.1248
2516.087,0.109005
2516.088,0.091455
2516.089,0.08307
2516.09,0.054405
2516.091,0.041535
2516.092,0.043095
2516.093,0.060254999999999996
2516.094,0.069615
2516.095,0.103935
2516.096,0.13143
2516.097,0.13611
2516.098,0.14547
2516.099,0.145275
2516.1,0.135135
2516.101,0.13143
2516.102,0.114465
2516.103,0.10686
2516.104,0.091845
2516.105,0.078975
2516.106,0.058695
2516.107,0.04251
2516.108,0.03549
2516.109,0.047775
2516.11,0.056355
2516.111,0.07137
2516.112,0.103935
2516.113,0.131625
2516.114,0.13727999999999999
2516.115,0.13923
2516.116,0.133185
2516.117,0.12246
2516.118,0.11427
2516.119,0.10881
2516.12,0.096135
2516.121,0.085215
2516.122,0.07059
2516.123,0.05148
2516.124,0.030615
2516.125,0.0351
2516.126,0.042705
2516.127,0.057135
2516.128,0.078975
2516.129,0.11427
2516.13,0.13182
2516.131,0.133965
2516.132,0.12909
2516.133,0.1287
2516.134,0.114855
2516.135,0.111735
2516.136,0.09867
2516.137,0.08541
2516.138,0.078
2516.139,0.068055
2516.14,0.04017
2516.141,0.02496
2516.142,0.03939
2516.143,0.05148
2516.144,0.05889
2516.145,0.09126
2516.146,0.116415
2516.147,0.13299
2516.148,0.13182
2516.149,0.13104
2516.15,0.12070499999999999
2516.151,0.117585
2516.152,0.103935
2516.153,0.096525
2516.154,0.082095
2516.155,0.07293
2516.156,0.04641
2516.157,0.029055
2516.158,0.02145
2516.159,0.039585
2516.16,0.05148
2516.161,0.066495
2516.162,0.10023
2516.163,0.1287
2516.164,0.13143
2516.165,0.132015
2516.166,0.138255
2516.167,0.121095
2516.168,0.11544
2516.169,0.108225
2516.17,0.09867
2516.171,0.08716499999999999
2516.172,0.074295
2516.173,0.05343
2516.174,0.038415
2516.175,0.042705
2516.176,0.04992
2516.177,0.066495
2516.178,0.088335
2516.179,0.12031499999999999
2516.18,0.135135
2516.181,0.138255
2516.182,0.14118
2516.183,0.14118
2516.184,0.128895
2516.185,0.12519
2516.186,0.115635
2516.187,0.09555
2516.188,0.091455
2516.189,0.0819
2516.19,0.050894999999999996
2516.191,0.033735
2516.192,0.04992
2516.193,0.060254999999999996
2516.194,0.074295
2516.195,0.100815
2516.196,0.132015
2516.197,0.14235
2516.198,0.14547
2516.199,0.145665
2516.2,0.135915
2516.201,0.128895
2516.202,0.1248
2516.203,0.10803
2516.204,0.09984
2516.205,0.08931
2516.206,0.074295
2516.207,0.05187
2516.208,0.047775
2516.209,0.058695
2516.21,0.068055
2516.211,0.08326499999999999
2516.212,0.116415
2516.213,0.14547
2516.214,0.151515
2516.215,0.142545
2516.216,0.142545
2516.217,0.14352
2516.218,0.1287
2516.219,0.12031499999999999
2516.22,0.10647
2516.221,0.095745
2516.222,0.08326499999999999
2516.223,0.058304999999999996
2516.224,0.044655
2516.225,0.04524
2516.226,0.060254999999999996
2516.227,0.07059
2516.228,0.091845
2516.229,0.11739
2516.23,0.133575
2516.231,0.13708499999999998
2516.232,0.142155
2516.233,0.14079
2516.234,0.136695
2516.235,0.1248
2516.236,0.117585
2516.237,0.101595
2516.238,0.089115
2516.239,0.08151
2516.24,0.05343
2516.241,0.04407
2516.242,0.04758
2516.243,0.056549999999999996
2516.244,0.07371
2516.245,0.10374
2516.246,0.136305
2516.247,0.142935
2516.248,0.14079
2516.249,0.14391
2516.25,0.135135
2516.251,0.126555
2516.252,0.12012
2516.253,0.108615
2516.254,0.091845
2516.255,0.091455
2516.256,0.071175
2516.257,0.04992
2516.258,0.03549
2516.259,0.04563
2516.26,0.063375
2516.261,0.073125
2516.262,0.11271
2516.263,0.1326
2516.264,0.14449499999999998
2516.265,0.141375
2516.266,0.14118
2516.267,0.130455
2516.268,0.12792
2516.269,0.116415
2516.27,0.103935
2516.271,0.08931
2516.272,0.082095
2516.273,0.060254999999999996
2516.274,0.037245
2516.275,0.044655
2516.276,0.048165
2516.277,0.06591
2516.278,0.08931
2516.279,0.115635
2516.28,0.133575
2516.281,0.140595
2516.282,0.14235
2516.283,0.13182
2516.284,0.128895
2516.285,0.11680499999999999
2516.286,0.110175
2516.287,0.089895
2516.288,0.08268
2516.289,0.060254999999999996
2516.29,0.04134
2516.291,0.03198
2516.292,0.04095
2516.293,0.046215
2516.294,0.06435
2516.295,0.09984
2516.296,0.11739
2516.297,0.122655
2516.298,0.13104
2516.299,0.133965
2516.3,0.12675
2516.301,0.12050999999999999
2516.302,0.108225
2516.303,0.09867
2516.304,0.089115
2516.305,0.078
2516.306,0.058695
2516.307,0.03705
2516.308,0.02847
2516.309,0.04875
2516.31,0.0507
2516.311,0.065715
2516.312,0.103935
2516.313,0.12246
2516.314,0.14118
2516.315,0.132795
2516.316,0.130065
2516.317,0.12519
2516.318,0.116415
2516.319,0.11037
2516.32,0.09243
2516.321,0.08541
2516.322,0.07059
2516.323,0.05031
2516.324,0.035295
2516.325,0.033345
2516.326,0.04992
2516.327,0.058695
2516.328,0.08814
2516.329,0.11427
2516.33,0.13182
2516.331,0.13494
2516.332,0.13299
2516.333,0.132015
2516.334,0.11817
2516.335,0.11427
2516.336,0.107055
2516.337,0.089115
2516.338,0.080145
2516.339,0.06318
2516.34,0.04563
2516.341,0.03315
2516.342,0.041535
2516.343,0.057915
2516.344,0.072735
2516.345,0.1014
2516.346,0.13143
2516.347,0.13299
2516.348,0.142545
2516.349,0.14157
2516.35,0.13299
2516.351,0.130065
2516.352,0.12070499999999999
2516.353,0.112515
2516.354,0.10178999999999999
2516.355,0.085215
2516.356,0.0702
2516.357,0.04992
2516.358,0.04251
2516.359,0.054015
2516.36,0.066495
2516.361,0.08268
2516.362,0.11660999999999999
2516.363,0.14235
2516.364,0.15229499999999999
2516.365,0.14547
2516.366,0.14781
2516.367,0.13923
2516.368,0.128895
2516.369,0.12792
2516.37,0.112515
2516.371,0.10178999999999999
2516.372,0.093015
2516.373,0.07059
2516.374,0.05187
2516.375,0.060254999999999996
2516.376,0.07254
2516.377,0.08892
2516.378,0.110175
2516.379,0.141375
2516.38,0.15170999999999998
2516.381,0.15639
2516.382,0.153855
2516.383,0.15170999999999998
2516.384,0.14547
2516.385,0.13806
2516.386,0.128115
2516.387,0.10998
2516.388,0.107055
2516.389,0.091455
2516.39,0.07059
2516.391,0.05343
2516.392,0.068055
2516.393,0.07683
2516.394,0.092235
2516.395,0.122655
2516.396,0.148005
2516.397,0.16224
2516.398,0.163215
2516.399,0.166335
2516.4,0.15327
2516.401,0.145665
2516.402,0.13182
2516.403,0.12519
2516.404,0.114075
2516.405,0.10686
2516.406,0.08696999999999999
2516.407,0.06493499999999999
2516.408,0.057915
2516.409,0.078975
2516.41,0.086775
2516.411,0.10178999999999999
2516.412,0.133185
2516.413,0.158535
2516.414,0.17043
2516.415,0.16263
2516.416,0.163215
2516.417,0.156
2516.418,0.14547
2516.419,0.14079
2516.42,0.128115
2516.421,0.12031499999999999
2516.422,0.10803
2516.423,0.082875
2516.424,0.06435
2516.425,0.06844499999999999
2516.426,0.078975
2516.427,0.09243
2516.428,0.12050999999999999
2516.429,0.14781
2516.43,0.15795
2516.431,0.164385
2516.432,0.16419
2516.433,0.165555
2516.434,0.15678
2516.435,0.141375
2516.436,0.141375
2516.437,0.119535
2516.438,0.114075
2516.439,0.09126
2516.44,0.078975
2516.441,0.066495
2516.442,0.07059
2516.443,0.085605
2516.444,0.100815
2516.445,0.129285
2516.446,0.15795
2516.447,0.158145
2516.448,0.166335
2516.449,0.16731
2516.45,0.16614
2516.451,0.153855
2516.452,0.146055
2516.453,0.135135
2516.454,0.121095
2516.455,0.107835
2516.456,0.095355
2516.457,0.07059
2516.458,0.07059
2516.459,0.07995
2516.46,0.096135
2516.461,0.105105
2516.462,0.14274
2516.463,0.16731
2516.464,0.17667
2516.465,0.167895
2516.466,0.16926
2516.467,0.15795
2516.468,0.15366
2516.469,0.14157
2516.47,0.13299
2516.471,0.121095
2516.472,0.110175
2516.473,0.08736
2516.474,0.077025
2516.475,0.07371
2516.476,0.086385
2516.477,0.097695
2516.478,0.13338
2516.479,0.15795
2516.48,0.172575
2516.481,0.17823
2516.482,0.17784
2516.483,0.167505
2516.484,0.16536
2516.485,0.15678
2516.486,0.147615
2516.487,0.134355
2516.488,0.122655
2516.489,0.10335
2516.49,0.086775
2516.491,0.07878
2516.492,0.08775
2516.493,0.09555
2516.494,0.11115
2516.495,0.13923
2516.496,0.17238
2516.497,0.17355
2516.498,0.182715
2516.499,0.178815
2516.5,0.170235
2516.501,0.16419
2516.502,0.15639
2516.503,0.139035
2516.504,0.128895
2516.505,0.125775
2516.506,0.10062
2516.507,0.078975
2516.508,0.076635
2516.509,0.08619
2516.51,0.096135
2516.511,0.10803
2516.512,0.15327
2516.513,0.171405
2516.514,0.178035
2516.515,0.17628
2516.516,0.176475
2516.517,0.17413499999999998
2516.518,0.16614
2516.519,0.153855
2516.52,0.136695
2516.521,0.12636
2516.522,0.12675
2516.523,0.09243
2516.524,0.08151
2516.525,0.082875
2516.526,0.0897
2516.527,0.10178999999999999
2516.528,0.13688999999999998
2516.529,0.16107
2516.53,0.172575
2516.531,0.18291
2516.532,0.18154499999999998
2516.533,0.18096
2516.534,0.170625
2516.535,0.162435
2516.536,0.156
2516.537,0.145275
2516.538,0.12986999999999999
2516.539,0.108225
2516.54,0.095745
2516.541,0.08931
2516.542,0.10198499999999999
2516.543,0.112125
2516.544,0.12558
2516.545,0.15678
2516.546,0.178815
2516.547,0.186225
2516.548,0.192855
2516.549,0.19773
2516.55,0.187005
2516.551,0.172575
2516.552,0.171015
2516.553,0.156
2516.554,0.148785
2516.555,0.136695
2516.556,0.12031499999999999
2516.557,0.096525
2516.558,0.092625
2516.559,0.103545
2516.56,0.118365
2516.561,0.138255
2516.562,0.17277
2516.563,0.19032
2516.564,0.202215
2516.565,0.197535
2516.566,0.20046
2516.567,0.190515
2516.568,0.178815
2516.569,0.17432999999999998
2516.57,0.15795
2516.571,0.146055
2516.572,0.135135
2516.573,0.110175
2516.574,0.097695
2516.575,0.10178999999999999
2516.576,0.11388
2516.577,0.128895
2516.578,0.151515
2516.579,0.18193499999999999
2516.58,0.19383
2516.581,0.191295
2516.582,0.197925
2516.583,0.191295
2516.584,0.18603
2516.585,0.178035
2516.586,0.17004
2516.587,0.15717
2516.588,0.14547
2516.589,0.12675
2516.59,0.10803
2516.591,0.098865
2516.592,0.10764
2516.593,0.118365
2516.594,0.128895
2516.595,0.166335
2516.596,0.192855
2516.597,0.200655
2516.598,0.2028
2516.599,0.202995
2516.6,0.191295
2516.601,0.18837
2516.602,0.18134999999999998
2516.603,0.158925
2516.604,0.147615
2516.605,0.141375
2516.606,0.117975
2516.607,0.103155
2516.608,0.103935
2516.609,0.11544
2516.61,0.12285
2516.611,0.143325
2516.612,0.17784
2516.613,0.19968
2516.614,0.210015
2516.615,0.20377499999999998
2516.616,0.206115
2516.617,0.192855
2516.618,0.185445
2516.619,0.178815
2516.62,0.15873
2516.621,0.147615
2516.622,0.142545
2516.623,0.11699999999999999
2516.624,0.103935
2516.625,0.10803
2516.626,0.12012
2516.627,0.133575
2516.628,0.158535
2516.629,0.185445
2516.63,0.19773
2516.631,0.20787
2516.632,0.210015
2516.633,0.197535
2516.634,0.197535
2516.635,0.191295
2516.636,0.17355
2516.637,0.16263
2516.638,0.15678
2516.639,0.13806
2516.64,0.116415
2516.641,0.116415
2516.642,0.12050999999999999
2516.643,0.138255
2516.644,0.146445
2516.645,0.182715
2516.646,0.210015
2516.647,0.214305
2516.648,0.217425
2516.649,0.222495
2516.65,0.21723
2516.651,0.20377499999999998
2516.652,0.20046
2516.653,0.18252
2516.654,0.17667
2516.655,0.1638
2516.656,0.14313
2516.657,0.12363
2516.658,0.122655
2516.659,0.133575
2516.66,0.14781
2516.661,0.16224
2516.662,0.19227
2516.663,0.217815
2516.664,0.22854
2516.665,0.22854
2516.666,0.222495
2516.667,0.21606
2516.668,0.20748
2516.669,0.20046
2516.67,0.18291
2516.671,0.17862
2516.672,0.173745
2516.673,0.141375
2516.674,0.11817
2516.675,0.1287
2516.676,0.13611
2516.677,0.153075
2516.678,0.178815
2516.679,0.213915
2516.68,0.22503
2516.681,0.2223
2516.682,0.222495
2516.683,0.22035
2516.684,0.21411
2516.685,0.20163
2516.686,0.192855
2516.687,0.18096
2516.688,0.17043
2516.689,0.15327
2516.69,0.128115
2516.691,0.12012
2516.692,0.13299
2516.693,0.141375
2516.694,0.16263
2516.695,0.19149
2516.696,0.217815
2516.697,0.224835
2516.698,0.23283
2516.699,0.222495
2516.7,0.21723
2516.701,0.207675
2516.702,0.20319
2516.703,0.19227
2516.704,0.183105
2516.705,0.172965
2516.706,0.15366
2516.707,0.133965
2516.708,0.133965
2516.709,0.14703
2516.71,0.15756
2516.711,0.17238
2516.712,0.20787
2516.713,0.23341499999999998
2516.714,0.23907
2516.715,0.23517
2516.716,0.23283
2516.717,0.22639499999999999
2516.718,0.21801
2516.719,0.21567
2516.72,0.19539
2516.721,0.185055
2516.722,0.176475
2516.723,0.145665
2516.724,0.12909
2516.725,0.14079
2516.726,0.14547
2516.727,0.166335
2516.728,0.18914999999999998
2516.729,0.216255
2516.73,0.23283
2516.731,0.23283
2516.732,0.23517
2516.733,0.22658999999999999
2516.734,0.216255
2516.735,0.21216
2516.736,0.20046
2516.737,0.185835
2516.738,0.18252
2516.739,0.156195
2516.74,0.13923
2516.741,0.13026
2516.742,0.141375
2516.743,0.147615
2516.744,0.16575
2516.745,0.192465
2516.746,0.22113
2516.747,0.22658999999999999
2516.748,0.231855
2516.749,0.23341499999999998
2516.75,0.220935
2516.751,0.214695
2516.752,0.20396999999999998
2516.753,0.195975
2516.754,0.17667
2516.755,0.167505
2516.756,0.148005
2516.757,0.12967499999999998
2516.758,0.12967499999999998
2516.759,0.141375
2516.76,0.15795
2516.761,0.17667
2516.762,0.20046
2516.763,0.22542
2516.764,0.234975
2516.765,0.229905
2516.766,0.22503
2516.767,0.21684
2516.768,0.21567
2516.769,0.206115
2516.77,0.18525
2516.771,0.17979
2516.772,0.166335
2516.773,0.139035
2516.774,0.128115
2516.775,0.12558
2516.776,0.1404
2516.777,0.15795
2516.778,0.17979
2516.779,0.21411
2516.78,0.21996
2516.781,0.227175
2516.782,0.22815
2516.783,0.216255
2516.784,0.20943
2516.785,0.20787
2516.786,0.19422
2516.787,0.17862
2516.788,0.165555
2516.789,0.147615
2516.79,0.125775
2516.791,0.121095
2516.792,0.135135
2516.793,0.146055
2516.794,0.15170999999999998
2516.795,0.18291
2516.796,0.21528
2516.797,0.216255
2516.798,0.22503
2516.799,0.22269
2516.8,0.22035
2516.801,0.20787
2516.802,0.195585
2516.803,0.18369
2516.804,0.172575
2516.805,0.166335
2516.806,0.142935
2516.807,0.128115
2516.808,0.122655
2516.809,0.135135
2516.81,0.15054
2516.811,0.17199
2516.812,0.19539
2516.813,0.21528
2516.814,0.22854
2516.815,0.224835
2516.816,0.21996
2516.817,0.20377499999999998
2516.818,0.20357999999999998
2516.819,0.19636499999999998
2516.82,0.17667
2516.821,0.166335
2516.822,0.153855
2516.823,0.1326
2516.824,0.11739
2516.825,0.12050999999999999
2516.826,0.13182
2516.827,0.146835
2516.828,0.17628
2516.829,0.200655
2516.83,0.213915
2516.831,0.21723
2516.832,0.222105
2516.833,0.213915
2516.834,0.208455
2516.835,0.193245
2516.836,0.186615
2516.837,0.167895
2516.838,0.163995
2516.839,0.143325
2516.84,0.121485
2516.841,0.12050999999999999
2516.842,0.12636
2516.843,0.136305
2516.844,0.156975
2516.845,0.193635
2516.846,0.22035
2516.847,0.21820499999999998
2516.848,0.22464
2516.849,0.222495
2516.85,0.216255
2516.851,0.202995
2516.852,0.191295
2516.853,0.17628
2516.854,0.1638
2516.855,0.15229499999999999
2516.856,0.135135
2516.857,0.12050999999999999
2516.858,0.116415
2516.859,0.12792
2516.86,0.14235
2516.861,0.165555
2516.862,0.19227
2516.863,0.215475
2516.864,0.22035
2516.865,0.21762
2516.866,0.21606
2516.867,0.206505
2516.868,0.197535
2516.869,0.191295
2516.87,0.170235
2516.871,0.163215
2516.872,0.15873
2516.873,0.124995
2516.874,0.118365
2516.875,0.122655
2516.876,0.128895
2516.877,0.146055
2516.878,0.178815
2516.879,0.202995
2516.88,0.208065
2516.881,0.215085
2516.882,0.21216
2516.883,0.213135
2516.884,0.20377499999999998
2516.885,0.19032
2516.886,0.182715
2516.887,0.16614
2516.888,0.15795
2516.889,0.139425
2516.89,0.11427
2516.891,0.108615
2516.892,0.123435
2516.893,0.126945
2516.894,0.146055
2516.895,0.176865
2516.896,0.2028
2516.897,0.213135
2516.898,0.21411
2516.899,0.21216
2516.9,0.20163
2516.901,0.195975
2516.902,0.18895499999999998
2516.903,0.17667
2516.904,0.163215
2516.905,0.15229499999999999
2516.906,0.130065
2516.907,0.11232
2516.908,0.114855
2516.909,0.12558
2516.91,0.1404
2516.911,0.165555
2516.912,0.193245
2516.913,0.210015
2516.914,0.21098999999999998
2516.915,0.21411
2516.916,0.21411
2516.917,0.20377499999999998
2516.918,0.199095
2516.919,0.186615
2516.92,0.17277
2516.921,0.158925
2516.922,0.15170999999999998
2516.923,0.117975
2516.924,0.11427
2516.925,0.12031499999999999
2516.926,0.130065
2516.927,0.146445
2516.928,0.172575
2516.929,0.19734
2516.93,0.210015
2516.931,0.21157499999999999
2516.932,0.21098999999999998
2516.933,0.20396999999999998
2516.934,0.19539
2516.935,0.1911
2516.936,0.176475
2516.937,0.16536
2516.938,0.153855
2516.939,0.13299
2516.94,0.11622
2516.941,0.10374
2516.942,0.116415
2516.943,0.12519
2516.944,0.141375
2516.945,0.175695
2516.946,0.19539
2516.947,0.20319
2516.948,0.20377499999999998
2516.949,0.197535
2516.95,0.191295
2516.951,0.181155
2516.952,0.172575
2516.953,0.1599
2516.954,0.14508
2516.955,0.135135
2516.956,0.111345
2516.957,0.096135
2516.958,0.095745
2516.959,0.107055
2516.96,0.117195
2516.961,0.141375
2516.962,0.17043
2516.963,0.183105
2516.964,0.186225
2516.965,0.186615
2516.966,0.18193499999999999
2516.967,0.18134999999999998
2516.968,0.169455
2516.969,0.16575
2516.97,0.14235
2516.971,0.132795
2516.972,0.11622
2516.973,0.0936
2516.974,0.082875
2516.975,0.09067499999999999
2516.976,0.1014
2516.977,0.116415
2516.978,0.14157
2516.979,0.17043
2516.98,0.172575
2516.981,0.18291
2516.982,0.183105
2516.983,0.17979
2516.984,0.16672499999999998
2516.985,0.16302
2516.986,0.153855
2516.987,0.14429999999999998
2516.988,0.1326
2516.989,0.11388
2516.99,0.08931
2516.991,0.08619
2516.992,0.09808499999999999
2516.993,0.10647
2516.994,0.121095
2516.995,0.15756
2516.996,0.18291
2516.997,0.1911
2516.998,0.195585
2516.999,0.19305
2517.0,0.17901
2517.001,0.178035
2517.002,0.16419
2517.003,0.153855
2517.004,0.14118
2517.005,0.133575
2517.006,0.11329499999999999
2517.007,0.08931
2517.008,0.09808499999999999
2517.009,0.103935
2517.01,0.12246
2517.011,0.146055
2517.012,0.172575
2517.013,0.195585
2517.014,0.20046
2517.015,0.192855
2517.016,0.191295
2517.017,0.185055
2517.018,0.178815
2517.019,0.172575
2517.02,0.15288
2517.021,0.138255
2517.022,0.125775
2517.023,0.10178999999999999
2517.024,0.08716499999999999
2517.025,0.09555
2517.026,0.10608
2517.027,0.12324
2517.028,0.160095
2517.029,0.17667
2517.03,0.19071
2517.031,0.19422
2517.032,0.191295
2517.033,0.18291
2517.034,0.178815
2517.035,0.161655
2517.036,0.158535
2517.037,0.142545
2517.038,0.13533
2517.039,0.11622
2517.04,0.09165
2517.041,0.088335
2517.042,0.10178999999999999
2517.043,0.10803
2517.044,0.12675
2517.045,0.158535
2517.046,0.185055
2517.047,0.20124
2517.048,0.19461
2517.049,0.191685
2517.05,0.178815
2517.051,0.169455
2517.052,0.16263
2517.053,0.14742
2517.054,0.133575
2517.055,0.1248
2517.056,0.103935
2517.057,0.08931
2517.058,0.083655
2517.059,0.101595
2517.06,0.11309999999999999
2517.061,0.138255
2517.062,0.162435
2517.063,0.17667
2517.064,0.18134999999999998
2517.065,0.185055
2517.066,0.179205
2517.067,0.16672499999999998
2517.068,0.16302
2517.069,0.15327
2517.07,0.133575
2517.071,0.128115
2517.072,0.11660999999999999
2517.073,0.08931
2517.074,0.07644
2517.075,0.085215
2517.076,0.096525
2517.077,0.110175
2517.078,0.13923
2517.079,0.169455
2517.08,0.17413499999999998
2517.081,0.179985
2517.082,0.17979
2517.083,0.169455
2517.084,0.167895
2517.085,0.15639
2517.086,0.13708499999999998
2517.087,0.12792
2517.088,0.12050999999999999
2517.089,0.103155
2517.09,0.082095
2517.091,0.07683
2517.092,0.08424
2517.093,0.093015
2517.094,0.108615
2517.095,0.149175
2517.096,0.166335
2517.097,0.176475
2517.098,0.17628
2517.099,0.17355
2517.1,0.164385
2517.101,0.15873
2517.102,0.141375
2517.103,0.13494
2517.104,0.11680499999999999
2517.105,0.10764
2517.106,0.086775
2517.107,0.072735
2517.108,0.072735
2517.109,0.08463
2517.11,0.097695
2517.111,0.12050999999999999
2517.112,0.14781
2517.113,0.16419
2517.114,0.166335
2517.115,0.163215
2517.116,0.165555
2517.117,0.149175
2517.118,0.141375
2517.119,0.1404
2517.12,0.122655
2517.121,0.11037
2517.122,0.09555
2517.123,0.072735
2517.124,0.06123
2517.125,0.073905
2517.126,0.07683
2517.127,0.09555
2517.128,0.11934
2517.129,0.147615
2517.13,0.158535
2517.131,0.163215
2517.132,0.16419
2517.133,0.156975
2517.134,0.148005
2517.135,0.142935
2517.136,0.128895
2517.137,0.11309999999999999
2517.138,0.10374
2517.139,0.085215
2517.14,0.063375
2517.141,0.06123
2517.142,0.073125
2517.143,0.085215
2517.144,0.096135
2517.145,0.131235
2517.146,0.15795
2517.147,0.1638
2517.148,0.163215
2517.149,0.1638
2517.15,0.147615
2517.151,0.146835
2517.152,0.135135
2517.153,0.11895
2517.154,0.108615
2517.155,0.097695
2517.156,0.070785
2517.157,0.06396
2517.158,0.06396
2517.159,0.073515
2517.16,0.085215
2517.161,0.11309999999999999
2517.162,0.14157
2517.163,0.15170999999999998
2517.164,0.156975
2517.165,0.158145
2517.166,0.147615
2517.167,0.142545
2517.168,0.139035
2517.169,0.132795
2517.17,0.11329499999999999
2517.171,0.10413
2517.172,0.09048
2517.173,0.072735
2517.174,0.062595
2517.175,0.07059
2517.176,0.07917
2517.177,0.09457499999999999
2517.178,0.122655
2517.179,0.14859
2517.18,0.15795
2517.181,0.16302
2517.182,0.163215
2517.183,0.158535
2517.184,0.14742
2517.185,0.141375
2517.186,0.128115
2517.187,0.11622
2517.188,0.108615
2517.189,0.091455
2517.19,0.069615
2517.191,0.060645
2517.192,0.071955
2517.193,0.08463
2517.194,0.091455
2517.195,0.13143
2517.196,0.156
2517.197,0.163215
2517.198,0.158145
2517.199,0.156
2517.2,0.157755
2517.201,0.146055
2517.202,0.133575
2517.203,0.125775
2517.204,0.110175
2517.205,0.097695
2517.206,0.07371
2517.207,0.057915
2517.208,0.059085
2517.209,0.0702
2517.21,0.08307
2517.211,0.11427
2517.212,0.141375
2517.213,0.153855
2517.214,0.157755
2517.215,0.158535
2517.216,0.15229499999999999
2517.217,0.151515
2517.218,0.14079
2517.219,0.13299
2517.22,0.116415
2517.221,0.10198499999999999
2517.222,0.089115
2517.223,0.067665
2517.224,0.05811
2517.225,0.06591
2517.226,0.07683
2517.227,0.09243
2517.228,0.12246
2517.229,0.150345
2517.23,0.15639
2517.231,0.16419
2517.232,0.158535
2517.233,0.153075
2517.234,0.146055
2517.235,0.135135
2517.236,0.1248
2517.237,0.116415
2517.238,0.10647
2517.239,0.078975
2517.24,0.06552
2517.241,0.06435
2517.242,0.072735
2517.243,0.078975
2517.244,0.09555
2517.245,0.12831
2517.246,0.15170999999999998
2517.247,0.15639
2517.248,0.15795
2517.249,0.149175
2517.25,0.14625
2517.251,0.135915
2517.252,0.12675
2517.253,0.11427
2517.254,0.09984
2517.255,0.095745
2517.256,0.072735
2517.257,0.060254999999999996
2517.258,0.05811
2517.259,0.072735
2517.26,0.082875
2517.261,0.108225
2517.262,0.13611
2517.263,0.153075
2517.264,0.153855
2517.265,0.14859
2517.266,0.14742
2517.267,0.143325
2517.268,0.132795
2517.269,0.125775
2517.27,0.107055
2517.271,0.10178999999999999
2517.272,0.078975
2517.273,0.06435
2517.274,0.058304999999999996
2517.275,0.05811
2517.276,0.06747
2517.277,0.08326499999999999
2517.278,0.11544
2517.279,0.141375
2517.28,0.141375
2517.281,0.14449499999999998
2517.282,0.14508
2517.283,0.14079
2517.284,0.13884
2517.285,0.12986999999999999
2517.286,0.117975
2517.287,0.101595
2517.288,0.091455
2517.289,0.07059
2517.29,0.054015
2517.291,0.058695
2517.292,0.06279
2517.293,0.07371
2517.294,0.09516
2517.295,0.12246
2517.296,0.145275
2517.297,0.15190499999999998
2517.298,0.15483
2517.299,0.15190499999999998
2517.3,0.14157
2517.301,0.1365
2517.302,0.1287
2517.303,0.11427
2517.304,0.10647
2517.305,0.09243
2517.306,0.0702
2517.307,0.05382
2517.308,0.058304999999999996
2517.309,0.069615
2517.31,0.08307
2517.311,0.11427
2517.312,0.135135
2517.313,0.146055
2517.314,0.15170999999999998
2517.315,0.15483
2517.316,0.14937
2517.317,0.141375
2517.318,0.128895
2517.319,0.128115
2517.32,0.10803
2517.321,0.09243
2517.322,0.078975
2517.323,0.065715
2517.324,0.05343
2517.325,0.058695
2517.326,0.065715
2517.327,0.08307
2517.328,0.11329499999999999
2517.329,0.141375
2517.33,0.14547
2517.331,0.153075
2517.332,0.14547
2517.333,0.14118
2517.334,0.13299
2517.335,0.12675
2517.336,0.10686
2517.337,0.095745
2517.338,0.09243
2517.339,0.06844499999999999
2517.34,0.051675
2517.341,0.04563
2517.342,0.05499
2517.343,0.07371
2517.344,0.09067499999999999
2517.345,0.121095
2517.346,0.14274
2517.347,0.15170999999999998
2517.348,0.15132
2517.349,0.146055
2517.35,0.139035
2517.351,0.132015
2517.352,0.12246
2517.353,0.10803
2517.354,0.10178999999999999
2517.355,0.08716499999999999
2517.356,0.063375
2517.357,0.05187
2517.358,0.057525
2517.359,0.068055
2517.36,0.078975
2517.361,0.10764
2517.362,0.13747499999999999
2517.363,0.15327
2517.364,0.15483
2517.365,0.156
2517.366,0.149565
2517.367,0.14313
2517.368,0.13299
2517.369,0.12675
2517.37,0.11622
2517.371,0.110175
2517.372,0.085605
2517.373,0.070005
2517.374,0.05694
2517.375,0.06493499999999999
2517.376,0.08326499999999999
2517.377,0.100815
2517.378,0.1248
2517.379,0.155025
2517.38,0.163215
2517.381,0.16652999999999998
2517.382,0.165555
2517.383,0.162435
2517.384,0.15366
2517.385,0.145275
2517.386,0.12967499999999998
2517.387,0.124995
2517.388,0.11544
2517.389,0.08619
2517.39,0.07059
2517.391,0.066495
2517.392,0.083655
2517.393,0.09457499999999999
2517.394,0.11427
2517.395,0.14313
2517.396,0.1638
2517.397,0.17413499999999998
2517.398,0.172575
2517.399,0.16731
2517.4,0.16302
2517.401,0.156585
2517.402,0.14703
2517.403,0.14196
2517.404,0.12636
2517.405,0.11622
2517.406,0.08541
2517.407,0.07254
2517.408,0.07995
2517.409,0.08541
2517.41,0.101595
2517.411,0.13182
2517.412,0.156195
2517.413,0.171015
2517.414,0.170625
2517.415,0.17043
2517.416,0.16614
2517.417,0.16224
2517.418,0.15405
2517.419,0.142935
2517.42,0.125775
2517.421,0.11622
2517.422,0.100815
2517.423,0.07293
2517.424,0.07683
2517.425,0.08307
2517.426,0.09126
2517.427,0.11115
2517.428,0.14118
2517.429,0.16731
2517.43,0.171405
2517.431,0.17452499999999999
2517.432,0.178815
2517.433,0.169455
2517.434,0.166335
2517.435,0.15288
2517.436,0.13923
2517.437,0.12831
2517.438,0.125775
2517.439,0.10764
2517.44,0.083655
2517.441,0.08307
2517.442,0.09457499999999999
2517.443,0.10803
2517.444,0.11739
2517.445,0.15795
2517.446,0.18096
2517.447,0.185055
2517.448,0.186615
2517.449,0.185055
2517.45,0.17199
2517.451,0.16731
2517.452,0.158535
2517.453,0.141375
2517.454,0.12421499999999999
2517.455,0.116415
2517.456,0.10062
2517.457,0.08307
2517.458,0.086775
2517.459,0.0975
2517.46,0.11544
2517.461,0.13923
2517.462,0.165555
2517.463,0.175695
2517.464,0.182715
2517.465,0.181155
2517.466,0.17355
2517.467,0.17004
2517.468,0.16302
2517.469,0.15795
2517.47,0.135525
2517.471,0.12675
2517.472,0.103935
2517.473,0.08892
2517.474,0.08112
2517.475,0.089115
2517.476,0.0975
2517.477,0.11232
2517.478,0.145275
2517.479,0.17355
2517.48,0.177255
2517.481,0.178815
2517.482,0.178035
2517.483,0.171015
2517.484,0.1599
2517.485,0.153855
2517.486,0.141375
2517.487,0.126945
2517.488,0.11427
2517.489,0.098475
2517.49,0.08307
2517.491,0.07878
2517.492,0.091845
2517.493,0.103545
2517.494,0.118755
2517.495,0.153855
2517.496,0.17784
2517.497,0.18134999999999998
2517.498,0.18603
2517.499,0.171015
2517.5,0.163215
2517.501,0.16302
2517.502,0.15366
2517.503,0.13533
2517.504,0.12070499999999999
2517.505,0.11739
2517.506,0.08931
2517.507,0.07371
2517.508,0.08463
2517.509,0.08716499999999999
2517.51,0.108615
2517.511,0.133575
2517.512,0.16302
2517.513,0.170625
2517.514,0.18193499999999999
2517.515,0.17823
2517.516,0.17413499999999998
2517.517,0.163995
2517.518,0.156975
2517.519,0.147615
2517.52,0.133575
2517.521,0.12070499999999999
2517.522,0.10608
2517.523,0.08619
2517.524,0.07683
2517.525,0.08892
2517.526,0.09984
2517.527,0.11329499999999999
2517.528,0.14781
2517.529,0.17667
2517.53,0.178815
2517.531,0.183105
2517.532,0.178815
2517.533,0.17511
2517.534,0.172575
2517.535,0.1638
2517.536,0.14742
2517.537,0.13377
2517.538,0.12792
2517.539,0.109005
2517.54,0.08931
2517.541,0.08892
2517.542,0.100815
2517.543,0.11427
2517.544,0.128895
2517.545,0.16652999999999998
2517.546,0.18914999999999998
2517.547,0.191295
2517.548,0.185445
2517.549,0.1911
2517.55,0.178815
2517.551,0.17413499999999998
2517.552,0.166335
2517.553,0.14625
2517.554,0.141375
2517.555,0.12909
2517.556,0.10296
2517.557,0.092625
2517.558,0.09555
2517.559,0.10608
2517.56,0.11660999999999999
2517.561,0.146445
2517.562,0.176475
2517.563,0.185055
2517.564,0.192855
2517.565,0.191295
2517.566,0.18291
2517.567,0.17862
2517.568,0.172575
2517.569,0.158145
2517.57,0.147615
2517.571,0.14313
2517.572,0.116415
2517.573,0.093015
2517.574,0.09086999999999999
2517.575,0.100815
2517.576,0.110175
2517.577,0.1248
2517.578,0.153855
2517.579,0.18291
2517.58,0.18934499999999999
2517.581,0.18603
2517.582,0.190515
2517.583,0.183495
2517.584,0.18057
2517.585,0.16185
2517.586,0.153855
2517.587,0.14235
2517.588,0.126555
2517.589,0.10803
2517.59,0.086775
2517.591,0.09048
2517.592,0.09984
2517.593,0.11309999999999999
2517.594,0.12675
2517.595,0.16536
2517.596,0.185055
2517.597,0.191295
2517.598,0.191295
2517.599,0.17901
2517.6,0.18096
2517.601,0.172575
2517.602,0.158145
2517.603,0.145665
2517.604,0.135135
2517.605,0.128895
2517.606,0.103935
2517.607,0.09126
2517.608,0.09555
2517.609,0.11232
2517.61,0.12636
2517.611,0.15132
2517.612,0.179985
2517.613,0.1911
2517.614,0.192465
2517.615,0.19539
2517.616,0.190515
2517.617,0.18134999999999998
2517.618,0.17667
2517.619,0.16302
2517.62,0.15288
2517.621,0.14079
2517.622,0.12031499999999999
2517.623,0.103155
2517.624,0.095355
2517.625,0.101595
2517.626,0.110175
2517.627,0.13182
2517.628,0.167505
2517.629,0.2028
2517.63,0.191685
2517.631,0.197535
2517.632,0.197535
2517.633,0.191295
2517.634,0.185055
2517.635,0.176865
2517.636,0.160095
2517.637,0.150735
2517.638,0.139035
2517.639,0.12050999999999999
2517.64,0.10296
2517.641,0.10335
2517.642,0.11427
2517.643,0.12831
2517.644,0.146445
2517.645,0.18193499999999999
2517.646,0.197535
2517.647,0.20592
2517.648,0.202995
2517.649,0.19968
2517.65,0.191295
2517.651,0.18252
2517.652,0.17511
2517.653,0.160095
2517.654,0.15405
2517.655,0.14079
2517.656,0.117195
2517.657,0.10549499999999999
2517.658,0.108615
2517.659,0.117975
2517.66,0.133575
2517.661,0.16029
2517.662,0.18895499999999998
2517.663,0.2028
2517.664,0.20377499999999998
2517.665,0.206895
2517.666,0.195975
2517.667,0.1911
2517.668,0.181155
2517.669,0.1677
2517.67,0.157365
2517.671,0.149565
2517.672,0.122655
2517.673,0.10803
2517.674,0.10178999999999999
2517.675,0.10803
2517.676,0.117975
2517.677,0.1326
2517.678,0.171795
2517.679,0.19851
2517.68,0.195585
2517.681,0.20124
2517.682,0.199095
2517.683,0.19539
2517.684,0.186615
2517.685,0.172575
2517.686,0.15795
2517.687,0.142935
2517.688,0.13299
2517.689,0.11427
2517.69,0.097695
2517.691,0.09555
2517.692,0.10335
2517.693,0.12031499999999999
2517.694,0.141375
2517.695,0.17355
2517.696,0.191295
2517.697,0.19968
2517.698,0.19636499999999998
2517.699,0.19539
2517.7,0.1911
2517.701,0.185055
2517.702,0.17355
2517.703,0.16107
2517.704,0.15678
2517.705,0.142545
2517.706,0.122655
2517.707,0.103935
2517.708,0.11329499999999999
2517.709,0.12519
2517.71,0.139035
2517.711,0.166335
2517.712,0.19578
2517.713,0.206115
2517.714,0.20592
2517.715,0.210015
2517.716,0.20357999999999998
2517.717,0.197535
2517.718,0.191295
2517.719,0.183495
2517.72,0.167895
2517.721,0.160095
2517.722,0.141765
2517.723,0.12050999999999999
2517.724,0.10998
2517.725,0.1248
2517.726,0.133575
2517.727,0.150735
2517.728,0.18173999999999998
2517.729,0.213915
2517.73,0.21606
2517.731,0.222495
2517.732,0.21606
2517.733,0.20631
2517.734,0.202215
2517.735,0.1911
2517.736,0.178815
2517.737,0.16887
2517.738,0.158145
2517.739,0.141375
2517.74,0.122655
2517.741,0.121095
2517.742,0.130455
2517.743,0.141765
2517.744,0.167505
2517.745,0.199875
2517.746,0.21411
2517.747,0.216255
2517.748,0.221325
2517.749,0.21411
2517.75,0.20787
2517.751,0.197925
2517.752,0.195585
2517.753,0.17667
2517.754,0.16614
2517.755,0.15639
2517.756,0.128895
2517.757,0.117975
2517.758,0.121095
2517.759,0.14429999999999998
2517.76,0.15756
2517.761,0.17667
2517.762,0.20357999999999998
2517.763,0.213915
2517.764,0.21528
2517.765,0.21411
2517.766,0.210015
2517.767,0.197535
2517.768,0.19071
2517.769,0.182715
2517.77,0.17238
2517.771,0.156195
2517.772,0.135135
2517.773,0.121095
2517.774,0.116415
2517.775,0.123435
2517.776,0.13221
2517.777,0.14508
2517.778,0.17823
2517.779,0.20592
2517.78,0.20631
2517.781,0.21294
2517.782,0.21098999999999998
2517.783,0.20163
2517.784,0.19539
2517.785,0.19032
2517.786,0.171015
2517.787,0.165555
2517.788,0.15288
2517.789,0.133575
2517.79,0.117975
2517.791,0.117585
2517.792,0.12675
2517.793,0.141765
2517.794,0.1638
2517.795,0.19071
2517.796,0.20787
2517.797,0.213135
2517.798,0.213135
2517.799,0.206115
2517.8,0.20377499999999998
2517.801,0.19539
2517.802,0.18895499999999998
2517.803,0.171405
2517.804,0.164385
2517.805,0.15834
2517.806,0.13143
2517.807,0.12050999999999999
2517.808,0.12558
2517.809,0.13533
2517.81,0.147615
2517.811,0.18134999999999998
2517.812,0.2067
2517.813,0.215475
2517.814,0.224835
2517.815,0.220935
2517.816,0.20982
2517.817,0.20377499999999998
2517.818,0.19773
2517.819,0.185835
2517.82,0.176865
2517.821,0.169455
2517.822,0.14547
2517.823,0.12909
2517.824,0.12636
2517.825,0.13299
2517.826,0.147615
2517.827,0.158145
2517.828,0.19227
2517.829,0.21820499999999998
2517.83,0.22503
2517.831,0.22269
2517.832,0.22619999999999998
2517.833,0.22464
2517.834,0.213915
2517.835,0.20377499999999998
2517.836,0.18681
2517.837,0.173745
2517.838,0.164385
2517.839,0.14547
2517.84,0.125775
2517.841,0.128895
2517.842,0.139425
2517.843,0.153855
2517.844,0.17667
2517.845,0.20787
2517.846,0.21996
2517.847,0.232635
2517.848,0.23283
2517.849,0.22619999999999998
2517.85,0.21372
2517.851,0.208065
2517.852,0.20377499999999998
2517.853,0.178815
2517.854,0.17823
2517.855,0.165555
2517.856,0.140985
2517.857,0.132015
2517.858,0.13494
2517.859,0.143325
2517.86,0.1599
2517.861,0.1911
2517.862,0.2223
2517.863,0.22854
2517.864,0.23088
2517.865,0.22658999999999999
2517.866,0.224835
2517.867,0.217425
2517.868,0.207675
2517.869,0.195975
2517.87,0.18193499999999999
2517.871,0.166335
2517.872,0.14157
2517.873,0.12831
2517.874,0.131235
2517.875,0.13533
2517.876,0.150735
2517.877,0.15873
2517.878,0.197535
2517.879,0.222495
2517.88,0.22561499999999998
2517.881,0.228735
2517.882,0.22464
2517.883,0.216255
2517.884,0.21216
2517.885,0.20631
2517.886,0.18798
2517.887,0.18134999999999998
2517.888,0.172575
2517.889,0.14547
2517.89,0.122655
2517.891,0.13299
2517.892,0.13923
2517.893,0.15405
2517.894,0.17784
2517.895,0.20631
2517.896,0.22561499999999998
2517.897,0.22776
2517.898,0.22347
2517.899,0.22542
2517.9,0.219375
2517.901,0.206895
2517.902,0.195585
2517.903,0.181155
2517.904,0.172965
2517.905,0.158145
2517.906,0.135135
2517.907,0.128115
2517.908,0.135135
2517.909,0.142545
2517.91,0.157755
2517.911,0.1911
2517.912,0.21723
2517.913,0.22971
2517.914,0.231855
2517.915,0.22854
2517.916,0.222495
2517.917,0.21528
2517.918,0.20592
2517.919,0.191685
2517.92,0.18875999999999998
2517.921,0.17355
2517.922,0.156195
2517.923,0.135135
2517.924,0.1287
2517.925,0.14547
2517.926,0.15288
2517.927,0.16614
2517.928,0.204945
2517.929,0.228735
2517.93,0.232635
2517.931,0.23439
2517.932,0.23244
2517.933,0.227955
2517.934,0.217815
2517.935,0.21372
2517.936,0.192465
2517.937,0.1911
2517.938,0.18252
2517.939,0.15795
2517.94,0.138255
2517.941,0.14001
2517.942,0.149175
2517.943,0.16419
2517.944,0.19266
2517.945,0.21820499999999998
2517.946,0.23868
2517.947,0.24043499999999998
2517.948,0.24121499999999998
2517.949,0.23907
2517.95,0.23283
2517.951,0.224835
2517.952,0.21762
2517.953,0.20007
2517.954,0.19149
2517.955,0.18193499999999999
2517.956,0.154245
2517.957,0.15327
2517.958,0.15327
2517.959,0.16614
2517.96,0.175695
2517.961,0.20377499999999998
2517.962,0.238095
2517.963,0.238095
2517.964,0.24609
2517.965,0.245115
2517.966,0.242775
2517.967,0.23595
2517.968,0.22464
2517.969,0.215475
2517.97,0.20124
2517.971,0.19344
2517.972,0.17277
2517.973,0.153855
2517.974,0.142545
2517.975,0.15639
2517.976,0.16731
2517.977,0.183885
2517.978,0.222495
2517.979,0.24609
2517.98,0.2574
2517.981,0.25311
2517.982,0.252135
2517.983,0.241605
2517.984,0.236145
2517.985,0.22561499999999998
2517.986,0.213915
2517.987,0.208065
2517.988,0.19968
2517.989,0.17199
2517.99,0.15288
2517.991,0.158145
2517.992,0.16575
2517.993,0.17862
2517.994,0.20163
2517.995,0.232635
2517.996,0.25155
2517.997,0.25662
2517.998,0.25116
2517.999,0.25038
2518.0,0.25038
2518.001,0.23283
2518.002,0.22619999999999998
2518.003,0.213135
2518.004,0.20377499999999998
2518.005,0.18291
2518.006,0.16302
2518.007,0.158145
2518.008,0.163995
2518.009,0.172575
2518.01,0.186615
2518.011,0.216645
2518.012,0.23517
2518.013,0.253695
2518.014,0.25038
2518.015,0.256815
2518.016,0.243165
2518.017,0.24043499999999998
2518.018,0.23244
2518.019,0.215475
2518.02,0.21216
2518.021,0.201435
2518.022,0.178035
2518.023,0.16536
2518.024,0.15795
2518.025,0.169455
2518.026,0.17667
2518.027,0.19578
2518.028,0.230295
2518.029,0.257595
2518.03,0.253695
2518.031,0.25467
2518.032,0.25272
2518.033,0.24726
2518.034,0.24101999999999998
2518.035,0.23399999999999999
2518.036,0.21567
2518.037,0.207675
2518.038,0.19851
2518.039,0.174915
2518.04,0.1638
2518.041,0.16614
2518.042,0.17043
2518.043,0.185055
2518.044,0.208455
2518.045,0.23341499999999998
2518.046,0.252915
2518.047,0.25779
2518.048,0.25779
2518.049,0.25272
2518.05,0.245115
2518.051,0.238875
2518.052,0.22893
2518.053,0.21567
2518.054,0.20377499999999998
2518.055,0.186615
2518.056,0.163995
2518.057,0.156
2518.058,0.165555
2518.059,0.17199
2518.06,0.18291
2518.061,0.216645
2518.062,0.24297
2518.063,0.24842999999999998
2518.064,0.25779
2518.065,0.25662
2518.066,0.25311
2518.067,0.243165
2518.068,0.23283
2518.069,0.22542
2518.07,0.213135
2518.071,0.201435
2518.072,0.178815
2518.073,0.16419
2518.074,0.160095
2518.075,0.172575
2518.076,0.185055
2518.077,0.195975
2518.078,0.23595
2518.079,0.25993499999999997
2518.08,0.262275
2518.081,0.26286
2518.082,0.261105
2518.083,0.25155
2518.084,0.24062999999999998
2518.085,0.23380499999999999
2518.086,0.220155
2518.087,0.21372
2518.088,0.207675
2518.089,0.17823
2518.09,0.16575
2518.091,0.16302
2518.092,0.173355
2518.093,0.191295
2518.094,0.21372
2518.095,0.24219
2518.096,0.25779
2518.097,0.26598
2518.098,0.262275
2518.099,0.256425
2518.1,0.250575
2518.101,0.24121499999999998
2518.102,0.23907
2518.103,0.217425
2518.104,0.20592
2518.105,0.183885
2518.106,0.166335
2518.107,0.16302
2518.108,0.16575
2518.109,0.178815
2518.11,0.19305
2518.111,0.22561499999999998
2518.112,0.245895
2518.113,0.257595
2518.114,0.2652
2518.115,0.258375
2518.116,0.25272
2518.117,0.24531
2518.118,0.24121499999999998
2518.119,0.219375
2518.12,0.210015
2518.121,0.20007
2518.122,0.178815
2518.123,0.1638
2518.124,0.15795
2518.125,0.17004
2518.126,0.17862
2518.127,0.198315
2518.128,0.23088
2518.129,0.253695
2518.13,0.258375
2518.131,0.26364
2518.132,0.25779
2518.133,0.24842999999999998
2518.134,0.24531
2518.135,0.22658999999999999
2518.136,0.214695
2518.137,0.20377499999999998
2518.138,0.19149
2518.139,0.167895
2518.14,0.157755
2518.141,0.15756
2518.142,0.167505
2518.143,0.18369
2518.144,0.206895
2518.145,0.228735
2518.146,0.25662
2518.147,0.251355
2518.148,0.25623
2518.149,0.2574
2518.15,0.24062999999999998
2518.151,0.23341499999999998
2518.152,0.22561499999999998
2518.153,0.20163
2518.154,0.20163
2518.155,0.178425
2518.156,0.16263
2518.157,0.15132
2518.158,0.158535
2518.159,0.16263
2518.16,0.185055
2518.161,0.21333
2518.162,0.24121499999999998
2518.163,0.245895
2518.164,0.25116
2518.165,0.24842999999999998
2518.166,0.245505
2518.167,0.235755
2518.168,0.22971
2518.169,0.21255
2518.17,0.204555
2518.171,0.19539
2518.172,0.172575
2518.173,0.155415
2518.174,0.15756
2518.175,0.16536
2518.176,0.17121
2518.177,0.186225
2518.178,0.22658999999999999
2518.179,0.245505
2518.18,0.253695
2518.181,0.253695
2518.182,0.25038
2518.183,0.244335
2518.184,0.23088
2518.185,0.220935
2518.186,0.210015
2518.187,0.195975
2518.188,0.191295
2518.189,0.163215
2518.19,0.15132
2518.191,0.15288
2518.192,0.162435
2518.193,0.176475
2518.194,0.204555
2518.195,0.230685
2518.196,0.24140999999999999
2518.197,0.2496
2518.198,0.24999
2518.199,0.245115
2518.2,0.234975
2518.201,0.227175
2518.202,0.219375
2518.203,0.20124
2518.204,0.191295
2518.205,0.173745
2518.206,0.15795
2518.207,0.141375
2518.208,0.151515
2518.209,0.16419
2518.21,0.17589
2518.211,0.20592
2518.212,0.23302499999999998
2518.213,0.238095
2518.214,0.24121499999999998
2518.215,0.239655
2518.216,0.228735
2518.217,0.22542
2518.218,0.216255
2518.219,0.197535
2518.22,0.18837
2518.221,0.17901
2518.222,0.158535
2518.223,0.13299
2518.224,0.13221
2518.225,0.147615
2518.226,0.15950999999999999
2518.227,0.173355
2518.228,0.21216
2518.229,0.23595
2518.23,0.24043499999999998
2518.231,0.24024
2518.232,0.22971
2518.233,0.22639499999999999
2518.234,0.220935
2518.235,0.21333
2518.236,0.19616999999999998
2518.237,0.185055
2518.238,0.183105
2518.239,0.153855
2518.24,0.13923
2518.241,0.14547
2518.242,0.15170999999999998
2518.243,0.17413499999999998
2518.244,0.191295
2518.245,0.219375
2518.246,0.24140999999999999
2518.247,0.24101999999999998
2518.248,0.242385
2518.249,0.234975
2518.25,0.22639499999999999
2518.251,0.222885
2518.252,0.214305
2518.253,0.197535
2518.254,0.191295
2518.255,0.16731
2518.256,0.15288
2518.257,0.142935
2518.258,0.156
2518.259,0.160485
2518.26,0.176865
2518.261,0.20631
2518.262,0.23283
2518.263,0.24062999999999998
2518.264,0.247455
2518.265,0.24823499999999998
2518.266,0.234975
2518.267,0.22542
2518.268,0.213915
2518.269,0.206895
2518.27,0.192855
2518.271,0.179985
2518.272,0.162435
2518.273,0.146055
2518.274,0.142935
2518.275,0.153855
2518.276,0.16575
2518.277,0.18603
2518.278,0.216255
2518.279,0.24121499999999998
2518.28,0.249015
2518.281,0.242775
2518.282,0.24121499999999998
2518.283,0.23283
2518.284,0.224835
2518.285,0.22035
2518.286,0.20357999999999998
2518.287,0.195195
2518.288,0.183885
2518.289,0.158535
2518.29,0.14235
2518.291,0.14859
2518.292,0.15950999999999999
2518.293,0.172965
2518.294,0.20124
2518.295,0.22658999999999999
2518.296,0.235365
2518.297,0.250575
2518.298,0.245115
2518.299,0.24219
2518.3,0.234975
2518.301,0.22464
2518.302,0.21606
2518.303,0.20007
2518.304,0.19032
2518.305,0.172575
2518.306,0.146445
2518.307,0.14429999999999998
2518.308,0.143325
2518.309,0.16575
2518.31,0.16887
2518.311,0.20377499999999998
2518.312,0.23244
2518.313,0.234975
2518.314,0.24336
2518.315,0.23283
2518.316,0.22658999999999999
2518.317,0.216645
2518.318,0.21372
2518.319,0.20377499999999998
2518.32,0.191295
2518.321,0.183105
2518.322,0.158535
2518.323,0.141375
2518.324,0.141375
2518.325,0.145275
2518.326,0.161265
2518.327,0.18096
2518.328,0.213135
2518.329,0.226785
2518.33,0.23907
2518.331,0.24024
2518.332,0.234585
2518.333,0.231855
2518.334,0.222495
2518.335,0.215475
2518.336,0.19773
2518.337,0.183495
2518.338,0.18134999999999998
2518.339,0.150735
2518.34,0.142545
2518.341,0.15132
2518.342,0.15190499999999998
2518.343,0.167895
2518.344,0.191295
2518.345,0.21606
2518.346,0.232635
2518.347,0.236535
2518.348,0.23907
2518.349,0.23478
2518.35,0.22698
2518.351,0.21294
2518.352,0.20007
2518.353,0.1911
2518.354,0.17862
2518.355,0.158535
2518.356,0.13708499999999998
2518.357,0.12967499999999998
2518.358,0.136695
2518.359,0.148395
2518.36,0.1638
2518.361,0.193245
2518.362,0.22464
2518.363,0.22464
2518.364,0.228735
2518.365,0.222495
2518.366,0.22035
2518.367,0.21021
2518.368,0.20377499999999998
2518.369,0.18291
2518.37,0.17238
2518.371,0.16419
2518.372,0.141375
2518.373,0.125775
2518.374,0.1248
2518.375,0.12675
2518.376,0.15015
2518.377,0.16224
2518.378,0.197535
2518.379,0.22035
2518.38,0.222495
2518.381,0.22561499999999998
2518.382,0.219375
2518.383,0.21411
2518.384,0.2028
2518.385,0.197535
2518.386,0.185055
2518.387,0.17238
2518.388,0.158535
2518.389,0.133185
2518.39,0.12050999999999999
2518.391,0.121095
2518.392,0.131235
2518.393,0.142935
2518.394,0.171015
2518.395,0.19636499999999998
2518.396,0.212355
2518.397,0.22035
2518.398,0.216255
2518.399,0.213135
2518.4,0.201435
2518.401,0.19675499999999999
2518.402,0.182715
2518.403,0.17043
2518.404,0.160095
2518.405,0.141375
2518.406,0.126555
2518.407,0.114075
2518.408,0.122655
2518.409,0.13143
2518.41,0.147615
2518.411,0.177255
2518.412,0.200655
2518.413,0.2067
2518.414,0.21372
2518.415,0.216255
2518.416,0.20124
2518.417,0.19539
2518.418,0.19032
2518.419,0.17043
2518.42,0.16419
2518.421,0.15170999999999998
2518.422,0.132405
2518.423,0.116415
2518.424,0.108615
2518.425,0.1248
2518.426,0.136695
2518.427,0.15678
2518.428,0.186225
2518.429,0.208455
2518.43,0.20865
2518.431,0.21411
2518.432,0.20787
2518.433,0.19851
2518.434,0.194415
2518.435,0.184275
2518.436,0.17082
2518.437,0.15950999999999999
2518.438,0.15170999999999998
2518.439,0.132015
2518.44,0.103935
2518.441,0.110175
2518.442,0.12597
2518.443,0.14235
2518.444,0.16419
2518.445,0.195195
2518.446,0.208455
2518.447,0.215475
2518.448,0.210015
2518.449,0.20357999999999998
2518.45,0.19578
2518.451,0.18173999999999998
2518.452,0.17901
2518.453,0.166335
2518.454,0.155025
2518.455,0.134745
2518.456,0.112515
2518.457,0.103935
2518.458,0.11115
2518.459,0.12246
2518.46,0.13611
2518.461,0.167895
2518.462,0.195
2518.463,0.197535
2518.464,0.19539
2518.465,0.20046
2518.466,0.194415
2518.467,0.18681
2518.468,0.179205
2518.469,0.166335
2518.47,0.148005
2518.471,0.136695
2518.472,0.12792
2518.473,0.10647
2518.474,0.09867
2518.475,0.11232
2518.476,0.12246
2518.477,0.147615
2518.478,0.17784
2518.479,0.18798
2518.48,0.20124
2518.481,0.197535
2518.482,0.19616999999999998
2518.483,0.19149
2518.484,0.181155
2518.485,0.170235
2518.486,0.15327
2518.487,0.141375
2518.488,0.13299
2518.489,0.11037
2518.49,0.101595
2518.491,0.107835
2518.492,0.11427
2518.493,0.121095
2518.494,0.142935
2518.495,0.173745
2518.496,0.183885
2518.497,0.193245
2518.498,0.191685
2518.499,0.18759
2518.5,0.17355
2518.501,0.16614
2518.502,0.15678
2518.503,0.14118
2518.504,0.133575
2518.505,0.110175
2518.506,0.085605
2518.507,0.089115
2518.508,0.095745
2518.509,0.100035
2518.51,0.116415
2518.511,0.156975
2518.512,0.17413499999999998
2518.513,0.18134999999999998
2518.514,0.186615
2518.515,0.18096
2518.516,0.172575
2518.517,0.166335
2518.518,0.154245
2518.519,0.142935
2518.52,0.135135
2518.521,0.12421499999999999
2518.522,0.100815
2518.523,0.078975
2518.524,0.078975
2518.525,0.09457499999999999
2518.526,0.105105
2518.527,0.12636
2518.528,0.16224
2518.529,0.17413499999999998
2518.53,0.186615
2518.531,0.183495
2518.532,0.176475
2518.533,0.17043
2518.534,0.158535
2518.535,0.15639
2518.536,0.138255
2518.537,0.12792
2518.538,0.11427
2518.539,0.089505
2518.54,0.078975
2518.541,0.08326499999999999
2518.542,0.09243
2518.543,0.10647
2518.544,0.135135
2518.545,0.166335
2518.546,0.17511
2518.547,0.17452499999999999
2518.548,0.172575
2518.549,0.172575
2518.55,0.162435
2518.551,0.150735
2518.552,0.13962
2518.553,0.12714
2518.554,0.11739
2518.555,0.093015
2518.556,0.072735
2518.557,0.066495
2518.558,0.078975
2518.559,0.091455
2518.56,0.103935
2518.561,0.13923
2518.562,0.16614
2518.563,0.16575
2518.564,0.170625
2518.565,0.169455
2518.566,0.158535
2518.567,0.15132
2518.568,0.14157
2518.569,0.12986999999999999
2518.57,0.11427
2518.571,0.108615
2518.572,0.085215
2518.573,0.06747
2518.574,0.068055
2518.575,0.07995
2518.576,0.09165
2518.577,0.114075
2518.578,0.141765
2518.579,0.160095
2518.58,0.164775
2518.581,0.165945
2518.582,0.1638
2518.583,0.15834
2518.584,0.149175
2518.585,0.138255
2518.586,0.12285
2518.587,0.11622
2518.588,0.107835
2518.589,0.07995
2518.59,0.06747
2518.591,0.073905
2518.592,0.084045
2518.593,0.096135
2518.594,0.128895
2518.595,0.153855
2518.596,0.169065
2518.597,0.167505
2518.598,0.16731
2518.599,0.16419
2518.6,0.15795
2518.601,0.147615
2518.602,0.141375
2518.603,0.128895
2518.604,0.11329499999999999
2518.605,0.095745
2518.606,0.076635
2518.607,0.072735
2518.608,0.08307
2518.609,0.08892
2518.61,0.10608
2518.611,0.135135
2518.612,0.1638
2518.613,0.172575
2518.614,0.172965
2518.615,0.17432999999999998
2518.616,0.166335
2518.617,0.15795
2518.618,0.15170999999999998
2518.619,0.13611
2518.62,0.12012
2518.621,0.11739
2518.622,0.09711
2518.623,0.07917
2518.624,0.070785
2518.625,0.08541
2518.626,0.09555
2518.627,0.126945
2518.628,0.153075
2518.629,0.17238
2518.63,0.17628
2518.631,0.1755
2518.632,0.17043
2518.633,0.16731
2518.634,0.157755
2518.635,0.151515
2518.636,0.13299
2518.637,0.12519
2518.638,0.11544
2518.639,0.08814
2518.64,0.07214999999999999
2518.641,0.07644
2518.642,0.08268
2518.643,0.09867
2518.644,0.1326
2518.645,0.1638
2518.646,0.1755
2518.647,0.174915
2518.648,0.172965
2518.649,0.167895
2518.65,0.156
2518.651,0.147615
2518.652,0.141375
2518.653,0.12636
2518.654,0.11309999999999999
2518.655,0.091455
2518.656,0.07293
2518.657,0.06669
2518.658,0.077025
2518.659,0.085215
2518.66,0.103935
2518.661,0.13923
2518.662,0.16536
2518.663,0.168285
2518.664,0.17452499999999999
2518.665,0.170235
2518.666,0.16263
2518.667,0.153075
2518.668,0.142545
2518.669,0.13299
2518.67,0.11817
2518.671,0.10491
2518.672,0.089115
2518.673,0.07059
2518.674,0.071175
2518.675,0.082875
2518.676,0.096135
2518.677,0.122655
2518.678,0.15170999999999998
2518.679,0.16672499999999998
2518.68,0.17004
2518.681,0.168285
2518.682,0.16419
2518.683,0.15639
2518.684,0.147615
2518.685,0.139425
2518.686,0.128115
2518.687,0.11622
2518.688,0.100815
2518.689,0.085215
2518.69,0.066495
2518.691,0.07878
2518.692,0.085215
2518.693,0.100035
2518.694,0.12986999999999999
2518.695,0.16029
2518.696,0.166335
2518.697,0.181155
2518.698,0.17277
2518.699,0.167505
2518.7,0.160095
2518.701,0.14742
2518.702,0.13611
2518.703,0.11934
2518.704,0.11427
2518.705,0.0975
2518.706,0.08112
2518.707,0.07371
2518.708,0.082875
2518.709,0.09555
2518.71,0.109005
2518.711,0.14313
2518.712,0.170235
2518.713,0.171015
2518.714,0.17355
2518.715,0.171405
2518.716,0.163995
2518.717,0.158145
2518.718,0.149955
2518.719,0.140595
2518.72,0.12831
2518.721,0.11427
2518.722,0.095745
2518.723,0.07585499999999999
2518.724,0.080535
2518.725,0.092625
2518.726,0.10062
2518.727,0.125775
2518.728,0.156975
2518.729,0.17667
2518.73,0.178815
2518.731,0.175695
2518.732,0.173745
2518.733,0.17004
2518.734,0.161655
2518.735,0.15366
2518.736,0.1404
2518.737,0.131235
2518.738,0.116415
2518.739,0.088335
2518.74,0.074295
2518.741,0.082875
2518.742,0.096525
2518.743,0.11309999999999999
2518.744,0.135135
2518.745,0.166335
2518.746,0.172575
2518.747,0.18291
2518.748,0.17862
2518.749,0.17413499999999998
2518.75,0.163995
2518.751,0.15639
2518.752,0.14508
2518.753,0.133185
2518.754,0.12129
2518.755,0.102375
2518.756,0.08892
2518.757,0.078195
2518.758,0.091455
2518.759,0.101595
2518.76,0.11329499999999999
2518.761,0.146445
2518.762,0.17452499999999999
2518.763,0.18096
2518.764,0.17667
2518.765,0.17413499999999998
2518.766,0.16614
2518.767,0.160095
2518.768,0.15678
2518.769,0.1404
2518.77,0.128895
2518.771,0.115635
2518.772,0.09633
2518.773,0.085215
2518.774,0.085215
2518.775,0.091455
2518.776,0.110175
2518.777,0.13299
2518.778,0.158925
2518.779,0.18252
2518.78,0.185055
2518.781,0.182715
2518.782,0.178035
2518.783,0.171015
2518.784,0.167895
2518.785,0.15170999999999998
2518.786,0.13688999999999998
2518.787,0.1326
2518.788,0.12050999999999999
2518.789,0.09516
2518.79,0.07995
2518.791,0.091455
2518.792,0.095745
2518.793,0.112515
2518.794,0.139815
2518.795,0.171015
2518.796,0.17667
2518.797,0.18173999999999998
2518.798,0.18096
2518.799,0.17862
2518.8,0.166335
2518.801,0.16575
2518.802,0.147615
2518.803,0.13923
2518.804,0.126555
2518.805,0.11309999999999999
2518.806,0.091845
2518.807,0.088335
2518.808,0.09672
2518.809,0.11037
2518.81,0.119535
2518.811,0.15795
2518.812,0.18291
2518.813,0.18914999999999998
2518.814,0.185835
2518.815,0.186225
2518.816,0.178815
2518.817,0.172575
2518.818,0.16107
2518.819,0.147615
2518.82,0.141375
2518.821,0.128895
2518.822,0.100815
2518.823,0.09067499999999999
2518.824,0.095745
2518.825,0.10178999999999999
2518.826,0.11232
2518.827,0.1404
2518.828,0.16614
2518.829,0.178815
2518.83,0.185835
2518.831,0.18895499999999998
2518.832,0.183105
2518.833,0.17667
2518.834,0.164385
2518.835,0.156585
2518.836,0.14547
2518.837,0.132795
2518.838,0.11739
2518.839,0.08931
2518.84,0.082095
2518.841,0.085215
2518.842,0.093405
2518.843,0.109005
2518.844,0.141375
2518.845,0.169455
2518.846,0.179595
2518.847,0.17823
2518.848,0.179985
2518.849,0.17511
2518.85,0.17238
2518.851,0.158925
2518.852,0.141375
2518.853,0.136305
2518.854,0.1287
2518.855,0.116415
2518.856,0.08814
2518.857,0.08892
2518.858,0.10062
2518.859,0.109005
2518.86,0.121095
2518.861,0.158535
2518.862,0.178815
2518.863,0.19422
2518.864,0.19227
2518.865,0.18895499999999998
2518.866,0.179205
2518.867,0.171405
2518.868,0.16224
2518.869,0.15366
2518.87,0.141375
2518.871,0.133575
2518.872,0.11271
2518.873,0.09555
2518.874,0.095745
2518.875,0.11232
2518.876,0.121095
2518.877,0.148005
2518.878,0.17277
2518.879,0.191295
2518.88,0.20377499999999998
2518.881,0.199095
2518.882,0.19539
2518.883,0.18252
2518.884,0.17862
2518.885,0.166335
2518.886,0.149565
2518.887,0.14508
2518.888,0.12519
2518.889,0.10374
2518.89,0.095355
2518.891,0.10374
2518.892,0.11329499999999999
2518.893,0.12636
2518.894,0.153855
2518.895,0.18193499999999999
2518.896,0.195
2518.897,0.19851
2518.898,0.195975
2518.899,0.195975
2518.9,0.18798
2518.901,0.18193499999999999
2518.902,0.16419
2518.903,0.156
2518.904,0.139035
2518.905,0.11934
2518.906,0.10178999999999999
2518.907,0.095745
2518.908,0.10881
2518.909,0.12050999999999999
2518.91,0.13688999999999998
2518.911,0.170625
2518.912,0.195975
2518.913,0.19539
2518.914,0.200655
2518.915,0.197535
2518.916,0.18837
2518.917,0.176865
2518.918,0.17706
2518.919,0.160095
2518.92,0.15288
2518.921,0.14547
2518.922,0.11934
2518.923,0.0975
2518.924,0.103935
2518.925,0.108615
2518.926,0.12792
2518.927,0.155415
2518.928,0.18193499999999999
2518.929,0.19539
2518.93,0.207675
2518.931,0.20319
2518.932,0.194415
2518.933,0.19071
2518.934,0.181155
2518.935,0.172575
2518.936,0.16029
2518.937,0.155025
2518.938,0.131235
2518.939,0.11427
2518.94,0.107835
2518.941,0.118365
2518.942,0.121095
2518.943,0.14235
2518.944,0.170625
2518.945,0.195975
2518.946,0.202995
2518.947,0.20748
2518.948,0.21021
2518.949,0.208455
2518.95,0.20124
2518.951,0.19539
2518.952,0.17355
2518.953,0.16731
2518.954,0.158145
2518.955,0.1404
2518.956,0.12070499999999999
2518.957,0.11329499999999999
2518.958,0.12792
2518.959,0.136695
2518.96,0.15366
2518.961,0.19305
2518.962,0.213915
2518.963,0.22658999999999999
2518.964,0.21762
2518.965,0.22035
2518.966,0.213135
2518.967,0.20631
2518.968,0.19539
2518.969,0.18291
2518.97,0.17082
2518.971,0.166335
2518.972,0.13708499999999998
2518.973,0.122655
2518.974,0.13299
2518.975,0.14118
2518.976,0.15405
2518.977,0.178815
2518.978,0.21294
2518.979,0.22542
2518.98,0.23283
2518.981,0.23127
2518.982,0.23088
2518.983,0.21528
2518.984,0.213915
2518.985,0.20319
2518.986,0.183105
2518.987,0.18096
2518.988,0.156975
2518.989,0.14118
2518.99,0.13299
2518.991,0.145665
2518.992,0.15405
2518.993,0.16614
2518.994,0.195975
2518.995,0.22815
2518.996,0.23166
2518.997,0.234975
2518.998,0.23321999999999998
2518.999,0.230295
2519.0,0.219375
2519.001,0.21294
2519.002,0.19636499999999998
2519.003,0.191295
2519.004,0.17901
2519.005,0.157755
2519.006,0.139425
2519.007,0.135915
2519.008,0.14781
2519.009,0.16536
2519.01,0.171795
2519.011,0.21176999999999999
2519.012,0.23907
2519.013,0.24531
2519.014,0.234975
2519.015,0.238095
2519.016,0.231075
2519.017,0.22639499999999999
2519.018,0.22035
2519.019,0.20377499999999998
2519.02,0.19227
2519.021,0.18914999999999998
2519.022,0.15795
2519.023,0.145275
2519.024,0.156
2519.025,0.163995
2519.026,0.178815
2519.027,0.2067
2519.028,0.228735
2519.029,0.244335
2519.03,0.24531
2519.031,0.245895
2519.032,0.24121499999999998
2519.033,0.23595
2519.034,0.228735
2519.035,0.22035
2519.036,0.20787
2519.037,0.19616999999999998
2519.038,0.178035
2519.039,0.15795
2519.04,0.147615
2519.041,0.15639
2519.042,0.166335
2519.043,0.18759
2519.044,0.21411
2519.045,0.24121499999999998
2519.046,0.25116
2519.047,0.258375
2519.048,0.246675
2519.049,0.238095
2519.05,0.234975
2519.051,0.226785
2519.052,0.21723
2519.053,0.197535
2519.054,0.193245
2519.055,0.175695
2519.056,0.15756
2519.057,0.147615
2519.058,0.16614
2519.059,0.176475
2519.06,0.19032
2519.061,0.22464
2519.062,0.247455
2519.063,0.257595
2519.064,0.24687
2519.065,0.251745
2519.066,0.245505
2519.067,0.23907
2519.068,0.222885
2519.069,0.210015
2519.07,0.19636499999999998
2519.071,0.193635
2519.072,0.16711499999999999
2519.073,0.153855
2519.074,0.15756
2519.075,0.17043
2519.076,0.178815
2519.077,0.20748
2519.078,0.23244
2519.079,0.24687
2519.08,0.25155
2519.081,0.253695
2519.082,0.25155
2519.083,0.24121499999999998
2519.084,0.22658999999999999
2519.085,0.220155
2519.086,0.206895
2519.087,0.200655
2519.088,0.181155
2519.089,0.163215
2519.09,0.15054
2519.091,0.163995
2519.092,0.17121
2519.093,0.18895499999999998
2519.094,0.21411
2519.095,0.25038
2519.096,0.253695
2519.097,0.25116
2519.098,0.256815
2519.099,0.245115
2519.1,0.24121499999999998
2519.101,0.23302499999999998
2519.102,0.216255
2519.103,0.20787
2519.104,0.19851
2519.105,0.178815
2519.106,0.16029
2519.107,0.156975
2519.108,0.16575
2519.109,0.173745
2519.11,0.193245
2519.111,0.23166
2519.112,0.24531
2519.113,0.257985
2519.114,0.257595
2519.115,0.25038
2519.116,0.24726
2519.117,0.23907
2519.118,0.22561499999999998
2519.119,0.21606
2519.12,0.19968
2519.121,0.194415
2519.122,0.170625
2519.123,0.15795
2519.124,0.165555
2519.125,0.167895
2519.126,0.183495
2519.127,0.21684
2519.128,0.241605
2519.129,0.250575
2519.13,0.257595
2519.131,0.2574
2519.132,0.25272
2519.133,0.24609
2519.134,0.231855
2519.135,0.22854
2519.136,0.20865
2519.137,0.197535
2519.138,0.178815
2519.139,0.16341
2519.14,0.149175
2519.141,0.156
2519.142,0.16711499999999999
2519.143,0.18173999999999998
2519.144,0.20377499999999998
2519.145,0.23478
2519.146,0.24531
2519.147,0.24765
2519.148,0.245505
2519.149,0.24101999999999998
2519.15,0.23341499999999998
2519.151,0.216255
2519.152,0.208065
2519.153,0.18914999999999998
2519.154,0.182715
2519.155,0.16614
2519.156,0.14547
2519.157,0.145275
2519.158,0.153855
2519.159,0.170625
2519.16,0.18291
2519.161,0.216255
2519.162,0.235755
2519.163,0.24101999999999998
2519.164,0.24121499999999998
2519.165,0.236925
2519.166,0.229905
2519.167,0.220935
2519.168,0.213915
2519.169,0.19636499999999998
2519.17,0.190515
2519.171,0.18134999999999998
2519.172,0.154635
2519.173,0.139425
2519.174,0.14625
2519.175,0.15170999999999998
2519.176,0.167895
2519.177,0.202995
2519.178,0.22561499999999998
2519.179,0.24726
2519.18,0.25311
2519.181,0.249015
2519.182,0.23868
2519.183,0.23595
2519.184,0.22503
2519.185,0.21645
2519.186,0.20124
2519.187,0.19149
2519.188,0.17355
2519.189,0.15678
2519.19,0.14742
2519.191,0.156
2519.192,0.161265
2519.193,0.18486
2519.194,0.208845
2519.195,0.24024
2519.196,0.24121499999999998
2519.197,0.250575
2519.198,0.246285
2519.199,0.24121499999999998
2519.2,0.228735
2519.201,0.22815
2519.202,0.20748
2519.203,0.20357999999999998
2519.204,0.19227
2519.205,0.17355
2519.206,0.153855
2519.207,0.146055
2519.208,0.15795
2519.209,0.17413499999999998
2519.21,0.187005
2519.211,0.22542
2519.212,0.242775
2519.213,0.254085
2519.214,0.251355
2519.215,0.25116
2519.216,0.242775
2519.217,0.23244
2519.218,0.22542
2519.219,0.21606
2519.22,0.20377499999999998
2519.221,0.20124
2519.222,0.170235
2519.223,0.15678
2519.224,0.16302
2519.225,0.170235
2519.226,0.18291
2519.227,0.20709
2519.228,0.23595
2519.229,0.25155
2519.23,0.25623
2519.231,0.262275
2519.232,0.24726
2519.233,0.245895
2519.234,0.232635
2519.235,0.22464
2519.236,0.21528
2519.237,0.206115
2519.238,0.18291
2519.239,0.166335
2519.24,0.15795
2519.241,0.163215
2519.242,0.17277
2519.243,0.18875999999999998
2519.244,0.223275
2519.245,0.25116
2519.246,0.251745
2519.247,0.26208
2519.248,0.254085
2519.249,0.245505
2519.25,0.24121499999999998
2519.251,0.23341499999999998
2519.252,0.222495
2519.253,0.207675
2519.254,0.200655
2519.255,0.18193499999999999
2519.256,0.15639
2519.257,0.154635
2519.258,0.166335
2519.259,0.180375
2519.26,0.19616999999999998
2519.261,0.232635
2519.262,0.254475
2519.263,0.25779
2519.264,0.24842999999999998
2519.265,0.250575
2519.266,0.244335
2519.267,0.24101999999999998
2519.268,0.22854
2519.269,0.21216
2519.27,0.197925
2519.271,0.19149
2519.272,0.16575
2519.273,0.14742
2519.274,0.16224
2519.275,0.163995
2519.276,0.178815
2519.277,0.2067
2519.278,0.23439
2519.279,0.251355
2519.28,0.25116
2519.281,0.249795
2519.282,0.24121499999999998
2519.283,0.23595
2519.284,0.22971
2519.285,0.216255
2519.286,0.20631
2519.287,0.19734
2519.288,0.17862
2519.289,0.156
2519.29,0.15366
2519.291,0.16652999999999998
2519.292,0.175305
2519.293,0.18914999999999998
2519.294,0.217815
2519.295,0.245895
2519.296,0.242775
2519.297,0.2574
2519.298,0.257595
2519.299,0.24842999999999998
2519.3,0.24219
2519.301,0.23517
2519.302,0.22464
2519.303,0.206895
2519.304,0.197535
2519.305,0.17823
2519.306,0.158535
2519.307,0.15795
2519.308,0.1638
2519.309,0.186225
2519.31,0.20163
2519.311,0.23302499999999998
2519.312,0.253695
2519.313,0.26013
2519.314,0.25779
2519.315,0.25272
2519.316,0.242385
2519.317,0.2379
2519.318,0.23341499999999998
2519.319,0.216645
2519.32,0.20748
2519.321,0.19305
2519.322,0.172575
2519.323,0.1599
2519.324,0.16224
2519.325,0.17862
2519.326,0.19227
2519.327,0.21528
2519.328,0.24531
2519.329,0.25915499999999997
2519.33,0.257595
2519.331,0.263445
2519.332,0.257985
2519.333,0.2496
2519.334,0.24219
2519.335,0.23517
2519.336,0.21606
2519.337,0.20592
2519.338,0.18291
2519.339,0.17043
2519.34,0.16302
2519.341,0.17043
2519.342,0.18134999999999998
2519.343,0.192855
2519.344,0.227955
2519.345,0.2535
2519.346,0.256035
2519.347,0.25934999999999997
2519.348,0.253695
2519.349,0.245895
2519.35,0.24219
2519.351,0.23478
2519.352,0.210015
2519.353,0.20787
2519.354,0.195975
2519.355,0.172965
2519.356,0.160875
2519.357,0.156195
2519.358,0.16809
2519.359,0.17784
2519.36,0.19812
2519.361,0.23283
2519.362,0.250575
2519.363,0.2574
2519.364,0.25662
2519.365,0.251355
2519.366,0.24414
2519.367,0.231855
2519.368,0.229905
2519.369,0.21157499999999999
2519.37,0.2028
2519.371,0.195195
2519.372,0.16224
2519.373,0.156
2519.374,0.158535
2519.375,0.16419
2519.376,0.18096
2519.377,0.20396999999999998
2519.378,0.23127
2519.379,0.24219
2519.38,0.250575
2519.381,0.245895
2519.382,0.24531
2519.383,0.236535
2519.384,0.231855
2519.385,0.22152
2519.386,0.20865
2519.387,0.195195
2519.388,0.17043
2519.389,0.158535
2519.39,0.145665
2519.391,0.15366
2519.392,0.16926
2519.393,0.17784
2519.394,0.21098999999999998
2519.395,0.23868
2519.396,0.242775
2519.397,0.246285
2519.398,0.24609
2519.399,0.24531
2519.4,0.231855
2519.401,0.22464
2519.402,0.21216
2519.403,0.1989
2519.404,0.185445
2519.405,0.163215
2519.406,0.145275
2519.407,0.141375
2519.408,0.15229499999999999
2519.409,0.166335
2519.41,0.192465
2519.411,0.21801
2519.412,0.23478
2519.413,0.25155
2519.414,0.245115
2519.415,0.239265
2519.416,0.231855
2519.417,0.22035
2519.418,0.216255
2519.419,0.20124
2519.42,0.192075
2519.421,0.18291
2519.422,0.153855
2519.423,0.14118
2519.424,0.14235
2519.425,0.158145
2519.426,0.16711499999999999
2519.427,0.19929
2519.428,0.23088
2519.429,0.24101999999999998
2519.43,0.24121499999999998
2519.431,0.236535
2519.432,0.23380499999999999
2519.433,0.222495
2519.434,0.216255
2519.435,0.204555
2519.436,0.19227
2519.437,0.185055
2519.438,0.166335
2519.439,0.146055
2519.44,0.133185
2519.441,0.15170999999999998
2519.442,0.156975
2519.443,0.17667
2519.444,0.20748
2519.445,0.23283
2519.446,0.234975
2519.447,0.235365
2519.448,0.24121499999999998
2519.449,0.22893
2519.45,0.227175
2519.451,0.213915
2519.452,0.195585
2519.453,0.178815
2519.454,0.176475
2519.455,0.148395
2519.456,0.132795
2519.457,0.132795
2519.458,0.14391
2519.459,0.160095
2519.46,0.183105
2519.461,0.21567
2519.462,0.234975
2519.463,0.23302499999999998
2519.464,0.23341499999999998
2519.465,0.231465
2519.466,0.22464
2519.467,0.220545
2519.468,0.213135
2519.469,0.195
2519.47,0.185055
2519.471,0.18173999999999998
2519.472,0.14547
2519.473,0.13611
2519.474,0.14157
2519.475,0.14937
2519.476,0.166335
2519.477,0.19539
2519.478,0.21820499999999998
2519.479,0.24024
2519.48,0.23907
2519.481,0.23517
2519.482,0.22619999999999998
2519.483,0.222495
2519.484,0.21372
2519.485,0.20124
2519.486,0.1911
2519.487,0.178815
2519.488,0.1638
2519.489,0.13923
2519.49,0.13182
2519.491,0.142935
2519.492,0.153855
2519.493,0.170235
2519.494,0.20787
2519.495,0.22658999999999999
2519.496,0.231465
2519.497,0.23868
2519.498,0.237315
2519.499,0.228735
2519.5,0.21645
2519.501,0.20787
2519.502,0.199095
2519.503,0.18369
2519.504,0.17432999999999998
2519.505,0.15795
2519.506,0.135135
2519.507,0.14118
2519.508,0.14508
2519.509,0.15795
2519.51,0.186225
2519.511,0.210015
2519.512,0.228735
2519.513,0.236535
2519.514,0.23380499999999999
2519.515,0.23360999999999998
2519.516,0.220545
2519.517,0.215475
2519.518,0.21021
2519.519,0.18895499999999998
2519.52,0.18193499999999999
2519.521,0.16731
2519.522,0.14547
2519.523,0.13688999999999998
2519.524,0.136695
2519.525,0.14937
2519.526,0.166335
2519.527,0.193245
2519.528,0.21996
2519.529,0.23166
2519.53,0.234975
2519.531,0.24043499999999998
2519.532,0.23088
2519.533,0.21859499999999998
2519.534,0.21606
2519.535,0.200655
2519.536,0.191295
2519.537,0.17862
2519.538,0.164385
2519.539,0.141375
2519.54,0.135135
2519.541,0.15405
2519.542,0.15795
2519.543,0.171015
2519.544,0.20475
2519.545,0.22776
2519.546,0.23127
2519.547,0.228735
2519.548,0.234975
2519.549,0.22464
2519.55,0.216645
2519.551,0.20592
2519.552,0.19636499999999998
2519.553,0.185055
2519.554,0.168285
2519.555,0.153075
2519.556,0.133575
2519.557,0.133575
2519.558,0.1404
2519.559,0.156195
2519.56,0.17823
2519.561,0.20124
2519.562,0.21957
2519.563,0.22658999999999999
2519.564,0.22658999999999999
2519.565,0.21645
2519.566,0.20787
2519.567,0.20319
2519.568,0.19539
2519.569,0.18486
2519.57,0.172965
2519.571,0.158145
2519.572,0.135135
2519.573,0.123045
2519.574,0.127335
2519.575,0.13923
2519.576,0.156975
2519.577,0.18193499999999999
2519.578,0.21294
2519.579,0.21801
2519.58,0.22561499999999998
2519.581,0.22035
2519.582,0.217815
2519.583,0.20787
2519.584,0.195195
2519.585,0.18603
2519.586,0.17199
2519.587,0.16614
2519.588,0.147615
2519.589,0.13182
2519.59,0.118365
2519.591,0.12986999999999999
2519.592,0.14449499999999998
2519.593,0.158535
2519.594,0.18875999999999998
2519.595,0.21528
2519.596,0.22191
2519.597,0.22386
2519.598,0.22542
2519.599,0.210015
2519.6,0.207675
2519.601,0.19227
2519.602,0.185055
2519.603,0.17121
2519.604,0.16224
2519.605,0.14079
2519.606,0.12519
2519.607,0.128895
2519.608,0.13806
2519.609,0.148785
2519.61,0.175695
2519.611,0.20163
2519.612,0.21723
2519.613,0.22619999999999998
2519.614,0.22113
2519.615,0.21411
2519.616,0.208065
2519.617,0.20357999999999998
2519.618,0.195585
2519.619,0.18291
2519.62,0.178035
2519.621,0.163215
2519.622,0.13806
2519.623,0.124995
2519.624,0.13299
2519.625,0.145665
2519.626,0.15678
2519.627,0.18895499999999998
2519.628,0.210015
2519.629,0.22776
2519.63,0.22658999999999999
2519.631,0.23127
2519.632,0.223275
2519.633,0.213915
2519.634,0.20748
2519.635,0.193245
2519.636,0.176475
2519.637,0.170235
2519.638,0.15366
2519.639,0.13182
2519.64,0.128895
2519.641,0.135525
2519.642,0.14547
2519.643,0.163995
2519.644,0.200655
2519.645,0.220545
2519.646,0.22854
2519.647,0.22542
2519.648,0.228735
2519.649,0.2223
2519.65,0.20709
2519.651,0.197535
2519.652,0.18895499999999998
2519.653,0.178035
2519.654,0.16731
2519.655,0.14313
2519.656,0.13143
2519.657,0.13299
2519.658,0.141375
2519.659,0.157755
2519.66,0.17667
2519.661,0.208455
2519.662,0.232635
2519.663,0.23634
2519.664,0.23088
2519.665,0.221325
2519.666,0.215475
2519.667,0.208455
2519.668,0.206115
2519.669,0.18096
2519.67,0.17823
2519.671,0.165555
2519.672,0.135525
2519.673,0.124995
2519.674,0.128895
2519.675,0.13923
2519.676,0.154245
2519.677,0.188175
2519.678,0.21411
2519.679,0.227175
2519.68,0.23127
2519.681,0.22639499999999999
2519.682,0.21762
2519.683,0.21606
2519.684,0.200655
2519.685,0.19149
2519.686,0.1755
2519.687,0.17043
2519.688,0.15756
2519.689,0.13533
2519.69,0.12792
2519.691,0.143325
2519.692,0.147615
2519.693,0.16419
2519.694,0.19851
2519.695,0.22464
2519.696,0.23244
2519.697,0.22893
2519.698,0.22658999999999999
2519.699,0.21723
2519.7,0.21372
2519.701,0.20338499999999998
2519.702,0.19305
2519.703,0.17667
2519.704,0.17043
2519.705,0.14547
2519.706,0.12831
2519.707,0.133185
2519.708,0.141375
2519.709,0.156195
2519.71,0.180375
2519.711,0.20787
2519.712,0.220935
2519.713,0.226785
2519.714,0.22815
2519.715,0.22776
2519.716,0.216255
2519.717,0.208845
2519.718,0.20124
2519.719,0.18603
2519.72,0.176475
2519.721,0.15795
2519.722,0.13923
2519.723,0.12519
2519.724,0.13299
2519.725,0.146055
2519.726,0.15756
2519.727,0.181155
2519.728,0.21294
2519.729,0.22464
2519.73,0.22639499999999999
2519.731,0.231465
2519.732,0.216255
2519.733,0.213525
2519.734,0.19539
2519.735,0.191295
2519.736,0.178815
2519.737,0.17043
2519.738,0.15229499999999999
2519.739,0.12831
2519.74,0.125775
2519.741,0.13299
2519.742,0.141765
2519.743,0.15327
2519.744,0.192855
2519.745,0.21567
2519.746,0.22639499999999999
2519.747,0.227955
2519.748,0.222495
2519.749,0.210015
2519.75,0.20631
2519.751,0.20124
2519.752,0.182715
2519.753,0.17121
2519.754,0.16614
2519.755,0.138255
2519.756,0.122655
2519.757,0.122655
2519.758,0.138255
2519.759,0.15366
2519.76,0.17862
2519.761,0.2028
2519.762,0.217425
2519.763,0.220935
2519.764,0.22464
2519.765,0.222105
2519.766,0.21762
2519.767,0.207675
2519.768,0.18914999999999998
2519.769,0.178815
2519.77,0.16672499999999998
2519.771,0.15229499999999999
2519.772,0.132795
2519.773,0.12363
2519.774,0.126945
2519.775,0.140595
2519.776,0.14937
2519.777,0.186225
2519.778,0.21294
2519.779,0.21820499999999998
2519.78,0.2223
2519.781,0.220935
2519.782,0.219375
2519.783,0.21294
2519.784,0.20475
2519.785,0.191295
2519.786,0.178035
2519.787,0.169455
2519.788,0.14937
2519.789,0.128895
2519.79,0.126555
2519.791,0.14118
2519.792,0.14937
2519.793,0.1599
2519.794,0.19812
2519.795,0.220935
2519.796,0.231855
2519.797,0.222495
2519.798,0.227175
2519.799,0.22035
2519.8,0.210015
2519.801,0.20163
2519.802,0.1833
2519.803,0.172575
2519.804,0.17043
2519.805,0.14859
2519.806,0.1326
2519.807,0.135135
2519.808,0.143325
2519.809,0.158925
2519.81,0.183495
2519.811,0.208845
2519.812,0.22035
2519.813,0.22658999999999999
2519.814,0.229515
2519.815,0.220545
2519.816,0.20943
2519.817,0.206895
2519.818,0.197535
2519.819,0.182715
2519.82,0.179205
2519.821,0.166335
2519.822,0.142545
2519.823,0.126555
2519.824,0.132015
2519.825,0.14079
2519.826,0.16224
2519.827,0.190515
2519.828,0.216255
2519.829,0.22658999999999999
2519.83,0.228735
2519.831,0.22639499999999999
2519.832,0.21684
2519.833,0.20787
2519.834,0.19734
2519.835,0.19071
2519.836,0.17862
2519.837,0.166335
2519.838,0.14508
2519.839,0.128895
2519.84,0.12050999999999999
2519.841,0.13377
2519.842,0.15327
2519.843,0.157755
2519.844,0.20046
2519.845,0.220935
2519.846,0.22503
2519.847,0.217425
2519.848,0.216645
2519.849,0.208065
2519.85,0.199875
2519.851,0.19539
2519.852,0.179985
2519.853,0.17043
2519.854,0.157755
2519.855,0.128115
2519.856,0.118365
2519.857,0.12050999999999999
2519.858,0.133575
2519.859,0.145275
2519.86,0.172575
2519.861,0.197535
2519.862,0.213135
2519.863,0.216645
2519.864,0.215475
2519.865,0.208065
2519.866,0.20748
2519.867,0.197535
2519.868,0.18603
2519.869,0.17238
2519.87,0.16575
2519.871,0.14547
2519.872,0.12636
2519.873,0.11329499999999999
2519.874,0.122655
2519.875,0.13377
2519.876,0.146445
2519.877,0.178815
2519.878,0.20163
2519.879,0.21528
2519.88,0.217815
2519.881,0.216645
2519.882,0.208845
2519.883,0.19773
2519.884,0.19149
2519.885,0.17667
2519.886,0.167505
2519.887,0.15795
2519.888,0.141375
2519.889,0.11680499999999999
2519.89,0.114855
2519.891,0.127335
2519.892,0.141375
2519.893,0.15170999999999998
2519.894,0.19149
2519.895,0.210015
2519.896,0.22035
2519.897,0.22035
2519.898,0.216255
2519.899,0.20982
2519.9,0.20357999999999998
2519.901,0.18914999999999998
2519.902,0.17901
2519.903,0.163995
2519.904,0.158925
2519.905,0.132015
2519.906,0.11427
2519.907,0.12012
2519.908,0.132015
2519.909,0.141375
2519.91,0.166335
2519.911,0.19539
2519.912,0.208455
2519.913,0.216255
2519.914,0.21411
2519.915,0.21255
2519.916,0.20377499999999998
2519.917,0.1911
2519.918,0.185055
2519.919,0.17043
2519.92,0.158535
2519.921,0.13611
2519.922,0.123825
2519.923,0.11232
2519.924,0.117585
2519.925,0.1287
2519.926,0.14391
2519.927,0.17628
2519.928,0.20319
2519.929,0.208065
2519.93,0.21411
2519.931,0.216255
2519.932,0.20357999999999998
2519.933,0.194415
2519.934,0.186615
2519.935,0.16731
2519.936,0.160095
2519.937,0.147615
2519.938,0.136695
2519.939,0.110565
2519.94,0.10803
2519.941,0.117585
2519.942,0.133575
2519.943,0.145665
2519.944,0.185055
2519.945,0.208455
2519.946,0.216255
2519.947,0.21528
2519.948,0.21216
2519.949,0.20377499999999998
2519.95,0.195
2519.951,0.185055
2519.952,0.17511
2519.953,0.160095
2519.954,0.15405
2519.955,0.12909
2519.956,0.11329499999999999
2519.957,0.114075
2519.958,0.1287
2519.959,0.14118
2519.96,0.16575
2519.961,0.19539
2519.962,0.208065
2519.963,0.213915
2519.964,0.21528
2519.965,0.216255
2519.966,0.206115
2519.967,0.19227
2519.968,0.187005
2519.969,0.17043
2519.97,0.16263
2519.971,0.141375
2519.972,0.12129
2519.973,0.114855
2519.974,0.117195
2519.975,0.128895
2519.976,0.147615
2519.977,0.179205
2519.978,0.20319
2519.979,0.21645
2519.98,0.217815
2519.981,0.221715
2519.982,0.20787
2519.983,0.20163
2519.984,0.1911
2519.985,0.18252
2519.986,0.16672499999999998
2519.987,0.156195
2519.988,0.13767
2519.989,0.116415
2519.99,0.115635
2519.991,0.13104
2519.992,0.13494
2519.993,0.15229499999999999
2519.994,0.18193499999999999
2519.995,0.208065
2519.996,0.217425
2519.997,0.216255
2519.998,0.21411
2519.999,0.20377499999999998
2520.0,0.19539
2520.001,0.187395
2520.002,0.17043
2520.003,0.16536
2520.004,0.15931499999999998
2520.005,0.12558
2520.006,0.116415
2520.007,0.11739
2520.008,0.132015
2520.009,0.146055
2520.01,0.16614
2520.011,0.194415
2520.012,0.21255
2520.013,0.21294
2520.014,0.210405
2520.015,0.20787
2520.016,0.19851
2520.017,0.19071
2520.018,0.187005
2520.019,0.170625
2520.02,0.163995
2520.021,0.141375
2520.022,0.11817
2520.023,0.114075
2520.024,0.128115
2520.025,0.13143
2520.026,0.14547
2520.027,0.178815
2520.028,0.20475
2520.029,0.216255
2520.03,0.216645
2520.031,0.220545
2520.032,0.213135
2520.033,0.20319
2520.034,0.197535
2520.035,0.183495
2520.036,0.17667
2520.037,0.169455
2520.038,0.145665
2520.039,0.132015
2520.04,0.12831
2520.041,0.141375
2520.042,0.15170999999999998
2520.043,0.16536
2520.044,0.202995
2520.045,0.221325
2520.046,0.228735
2520.047,0.22658999999999999
2520.048,0.22971
2520.049,0.22269
2520.05,0.208065
2520.051,0.20163
2520.052,0.194415
2520.053,0.181155
2520.054,0.17628
2520.055,0.14859
2520.056,0.125775
2520.057,0.13611
2520.058,0.14703
2520.059,0.15795
2520.06,0.185445
2520.061,0.21372
2520.062,0.228735
2520.063,0.234975
2520.064,0.23283
2520.065,0.23283
2520.066,0.222495
2520.067,0.210015
2520.068,0.209235
2520.069,0.186615
2520.07,0.178815
2520.071,0.1638
2520.072,0.139035
2520.073,0.13182
2520.074,0.136695
2520.075,0.15366
2520.076,0.165555
2520.077,0.195
2520.078,0.222495
2520.079,0.23166
2520.08,0.231855
2520.081,0.23478
2520.082,0.22542
2520.083,0.21723
2520.084,0.20592
2520.085,0.19539
2520.086,0.182715
2520.087,0.172965
2520.088,0.157755
2520.089,0.13611
2520.09,0.135135
2520.091,0.142935
2520.092,0.15911999999999998
2520.093,0.178035
2520.094,0.21294
2520.095,0.231855
2520.096,0.24121499999999998
2520.097,0.23127
2520.098,0.232635
2520.099,0.22542
2520.1,0.21878999999999998
2520.101,0.206895
2520.102,0.194415
2520.103,0.178815
2520.104,0.171405
2520.105,0.14547
2520.106,0.135135
2520.107,0.1326
2520.108,0.147615
2520.109,0.166335
2520.11,0.187005
2520.111,0.21645
2520.112,0.23360999999999998
2520.113,0.236145
2520.114,0.23595
2520.115,0.23360999999999998
2520.116,0.21801
2520.117,0.21411
2520.118,0.20592
2520.119,0.1911
2520.12,0.18193499999999999
2520.121,0.15483
2520.122,0.14508
2520.123,0.138255
2520.124,0.146055
2520.125,0.15366
2520.126,0.165945
2520.127,0.197535
2520.128,0.22658999999999999
2520.129,0.22561499999999998
2520.13,0.234975
2520.131,0.232635
2520.132,0.22658999999999999
2520.133,0.216645
2520.134,0.21098999999999998
2520.135,0.19968
2520.136,0.18603
2520.137,0.17628
2520.138,0.157755
2520.139,0.139815
2520.14,0.13299
2520.141,0.14547
2520.142,0.158145
2520.143,0.173745
2520.144,0.208455
2520.145,0.228735
2520.146,0.2379
2520.147,0.23595
2520.148,0.23380499999999999
2520.149,0.22854
2520.15,0.21411
2520.151,0.20982
2520.152,0.195195
2520.153,0.18603
2520.154,0.17432999999999998
2520.155,0.14742
2520.156,0.13299
2520.157,0.141375
2520.158,0.153855
2520.159,0.16536
2520.16,0.193245
2520.161,0.21820499999999998
2520.162,0.23283
2520.163,0.23166
2520.164,0.24043499999999998
2520.165,0.23341499999999998
2520.166,0.22561499999999998
2520.167,0.216255
2520.168,0.20748
2520.169,0.195195
2520.17,0.179205
2520.171,0.16575
2520.172,0.14547
2520.173,0.141375
2520.174,0.14547
2520.175,0.15678
2520.176,0.172575
2520.177,0.20904
2520.178,0.23088
2520.179,0.23088
2520.18,0.23595
2520.181,0.236535
2520.182,0.22658999999999999
2520.183,0.21996
2520.184,0.21411
2520.185,0.1989
2520.186,0.183495
2520.187,0.17784
2520.188,0.153855
2520.189,0.136695
2520.19,0.13299
2520.191,0.14235
2520.192,0.15950999999999999
2520.193,0.172575
2520.194,0.207675
2520.195,0.22464
2520.196,0.235365
2520.197,0.23088
2520.198,0.22854
2520.199,0.22035
2520.2,0.210405
2520.201,0.19968
2520.202,0.186615
2520.203,0.17355
2520.204,0.170625
2520.205,0.142545
2520.206,0.125775
2520.207,0.1326
2520.208,0.142545
2520.209,0.15756
2520.21,0.17901
2520.211,0.20748
2520.212,0.224835
2520.213,0.22503
2520.214,0.22113
2520.215,0.219375
2520.216,0.21528
2520.217,0.2028
2520.218,0.197535
2520.219,0.18173999999999998
2520.22,0.17199
2520.221,0.15132
2520.222,0.135135
2520.223,0.121095
2520.224,0.1287
2520.225,0.14508
2520.226,0.16224
2520.227,0.186615
2520.228,0.217425
2520.229,0.22503
2520.23,0.22503
2520.231,0.22971
2520.232,0.216255
2520.233,0.21372
2520.234,0.206115
2520.235,0.18895499999999998
2520.236,0.18173999999999998
2520.237,0.16691999999999999
2520.238,0.153855
2520.239,0.12831
2520.24,0.126555
2520.241,0.14235
2520.242,0.15366
2520.243,0.171405
2520.244,0.20748
2520.245,0.228735
2520.246,0.23127
2520.247,0.23751
2520.248,0.22619999999999998
2520.249,0.21216
2520.25,0.208065
2520.251,0.200655
2520.252,0.18173999999999998
2520.253,0.18525
2520.254,0.16672499999999998
2520.255,0.140595
2520.256,0.12675
2520.257,0.13377
2520.258,0.139425
2520.259,0.16107
2520.26,0.18914999999999998
2520.261,0.21645
2520.262,0.228735
2520.263,0.23283
2520.264,0.22658999999999999
2520.265,0.22658999999999999
2520.266,0.217815
2520.267,0.20787
2520.268,0.19851
2520.269,0.18291
2520.27,0.17413499999999998
2520.271,0.15405
2520.272,0.139035
2520.273,0.128115
2520.274,0.135135
2520.275,0.15190499999999998
2520.276,0.16302
2520.277,0.19616999999999998
2520.278,0.21996
2520.279,0.227175
2520.28,0.22815
2520.281,0.22815
2520.282,0.220155
2520.283,0.21216
2520.284,0.20357999999999998
2520.285,0.18486
2520.286,0.176475
2520.287,0.17277
2520.288,0.145665
2520.289,0.128895
2520.29,0.13104
2520.291,0.139815
2520.292,0.15366
2520.293,0.172575
2520.294,0.204555
2520.295,0.220935
2520.296,0.227955
2520.297,0.22639499999999999
2520.298,0.22580999999999998
2520.299,0.21917999999999999
2520.3,0.208455
2520.301,0.19851
2520.302,0.1833
2520.303,0.17355
2520.304,0.1638
2520.305,0.139815
2520.306,0.131235
2520.307,0.1326
2520.308,0.14586
2520.309,0.15288
2520.31,0.183495
2520.311,0.208065
2520.312,0.22542
2520.313,0.22464
2520.314,0.22561499999999998
2520.315,0.222495
2520.316,0.216255
2520.317,0.20377499999999998
2520.318,0.193635
2520.319,0.178815
2520.32,0.172965
2520.321,0.154245
2520.322,0.128895
2520.323,0.121095
2520.324,0.132015
2520.325,0.143325
2520.326,0.16302
2520.327,0.195975
2520.328,0.21917999999999999
2520.329,0.22035
2520.33,0.227955
2520.331,0.223275
2520.332,0.21820499999999998
2520.333,0.21606
2520.334,0.202995
2520.335,0.194415
2520.336,0.177255
2520.337,0.17043
2520.338,0.15132
2520.339,0.123045
2520.34,0.1248
2520.341,0.13338
2520.342,0.14625
2520.343,0.16536
2520.344,0.195975
2520.345,0.213135
2520.346,0.222495
2520.347,0.21957
2520.348,0.21723
2520.349,0.21294
2520.35,0.201435
2520.351,0.18895499999999998
2520.352,0.175695
2520.353,0.166335
2520.354,0.156195
2520.355,0.122655
2520.356,0.10998
2520.357,0.121095
2520.358,0.12246
2520.359,0.14352
2520.36,0.16575
2520.361,0.19539
2520.362,0.20475
2520.363,0.21528
2520.364,0.21372
2520.365,0.20748
2520.366,0.197535
2520.367,0.18291
2520.368,0.178815
2520.369,0.160095
2520.37,0.15366
2520.371,0.135915
2520.372,0.114855
2520.373,0.10881
2520.374,0.11427
2520.375,0.125775
2520.376,0.142545
2520.377,0.17472
2520.378,0.197535
2520.379,0.207675
2520.38,0.21021
2520.381,0.20631
2520.382,0.198705
2520.383,0.192465
2520.384,0.178035
2520.385,0.16652999999999998
2520.386,0.15327
2520.387,0.142935
2520.388,0.117975
2520.389,0.1014
2520.39,0.101595
2520.391,0.110175
2520.392,0.124995
2520.393,0.147615
2520.394,0.172575
2520.395,0.195585
2520.396,0.20377499999999998
2520.397,0.20163
2520.398,0.19539
2520.399,0.185055
2520.4,0.17862
2520.401,0.17355
2520.402,0.1599
2520.403,0.15132
2520.404,0.135135
2520.405,0.11271
2520.406,0.097695
2520.407,0.110175
2520.408,0.11427
2520.409,0.13182
2520.41,0.15795
2520.411,0.188175
2520.412,0.2028
2520.413,0.20319
2520.414,0.2028
2520.415,0.20163
2520.416,0.191295
2520.417,0.178815
2520.418,0.17355
2520.419,0.163215
2520.42,0.153855
2520.421,0.132015
2520.422,0.11388
2520.423,0.10296
2520.424,0.119535
2520.425,0.122655
2520.426,0.139035
2520.427,0.176475
2520.428,0.200655
2520.429,0.200655
2520.43,0.206895
2520.431,0.20748
2520.432,0.19539
2520.433,0.192465
2520.434,0.180375
2520.435,0.17043
2520.436,0.163215
2520.437,0.15366
2520.438,0.12519
2520.439,0.108225
2520.44,0.11427
2520.441,0.12031499999999999
2520.442,0.136305
2520.443,0.158145
2520.444,0.18369
2520.445,0.20592
2520.446,0.208455
2520.447,0.210015
2520.448,0.20475
2520.449,0.20046
2520.45,0.194415
2520.451,0.18798
2520.452,0.17004
2520.453,0.156975
2520.454,0.149175
2520.455,0.12050999999999999
2520.456,0.107835
2520.457,0.110565
2520.458,0.13299
2520.459,0.14508
2520.46,0.17043
2520.461,0.195975
2520.462,0.208065
2520.463,0.21255
2520.464,0.210015
2520.465,0.206115
2520.466,0.19227
2520.467,0.18895499999999998
2520.468,0.17238
2520.469,0.166335
2520.47,0.15327
2520.471,0.13611
2520.472,0.11544
2520.473,0.10608
2520.474,0.11739
2520.475,0.124995
2520.476,0.141375
2520.477,0.178035
2520.478,0.2028
2520.479,0.20046
2520.48,0.21098999999999998
2520.481,0.20592
2520.482,0.19636499999999998
2520.483,0.19305
2520.484,0.18291
2520.485,0.17004
2520.486,0.153855
2520.487,0.145275
2520.488,0.1248
2520.489,0.107055
2520.49,0.10803
2520.491,0.116025
2520.492,0.12792
2520.493,0.15795
2520.494,0.178815
2520.495,0.200655
2520.496,0.201435
2520.497,0.20377499999999998
2520.498,0.2028
2520.499,0.193635
2520.5,0.183495
2520.501,0.17862
2520.502,0.16302
2520.503,0.148785
2520.504,0.135135
2520.505,0.10881
2520.506,0.1014
2520.507,0.107055
2520.508,0.11232
2520.509,0.125775
2520.51,0.15170999999999998
2520.511,0.185055
2520.512,0.19227
2520.513,0.195585
2520.514,0.20046
2520.515,0.1911
2520.516,0.183105
2520.517,0.17784
2520.518,0.16302
2520.519,0.148005
2520.52,0.14118
2520.521,0.12675
2520.522,0.097695
2520.523,0.09126
2520.524,0.1014
2520.525,0.115635
2520.526,0.128895
2520.527,0.166335
2520.528,0.186225
2520.529,0.19071
2520.53,0.18914999999999998
2520.531,0.183105
2520.532,0.18486
2520.533,0.172965
2520.534,0.16419
2520.535,0.148785
2520.536,0.136695
2520.537,0.124995
2520.538,0.108615
2520.539,0.08931
2520.54,0.09516
2520.541,0.10296
2520.542,0.11544
2520.543,0.13884
2520.544,0.165555
2520.545,0.18193499999999999
2520.546,0.183885
2520.547,0.18291
2520.548,0.18291
2520.549,0.17628
2520.55,0.16224
2520.551,0.15190499999999998
2520.552,0.13923
2520.553,0.133575
2520.554,0.121095
2520.555,0.09555
2520.556,0.085215
2520.557,0.091455
2520.558,0.10413
2520.559,0.11544
2520.56,0.14859
2520.561,0.17238
2520.562,0.185055
2520.563,0.18291
2520.564,0.18603
2520.565,0.17862
2520.566,0.17432999999999998
2520.567,0.16302
2520.568,0.145665
2520.569,0.14079
2520.57,0.125775
2520.571,0.108225
2520.572,0.08931
2520.573,0.07839
2520.574,0.091455
2520.575,0.106275
2520.576,0.11583
2520.577,0.14625
2520.578,0.178815
2520.579,0.18173999999999998
2520.58,0.18603
2520.581,0.182715
2520.582,0.17511
2520.583,0.163215
2520.584,0.15756
2520.585,0.13923
2520.586,0.132795
2520.587,0.12050999999999999
2520.588,0.09555
2520.589,0.079365
2520.59,0.083655
2520.591,0.091455
2520.592,0.10217999999999999
2520.593,0.12675
2520.594,0.15795
2520.595,0.17862
2520.596,0.178815
2520.597,0.17901
2520.598,0.169455
2520.599,0.16614
2520.6,0.160095
2520.601,0.15209999999999999
2520.602,0.133185
2520.603,0.12070499999999999
2520.604,0.11115
2520.605,0.08696999999999999
2520.606,0.074295
2520.607,0.07995
2520.608,0.09321
2520.609,0.10686
2520.61,0.136695
2520.611,0.163995
2520.612,0.172575
2520.613,0.17667
2520.614,0.172575
2520.615,0.160095
2520.616,0.15678
2520.617,0.148785
2520.618,0.133965
2520.619,0.122655
2520.62,0.108615
2520.621,0.096135
2520.622,0.069615
2520.623,0.07059
2520.624,0.08502
2520.625,0.091455
2520.626,0.10257
2520.627,0.141765
2520.628,0.17004
2520.629,0.16809
2520.63,0.16419
2520.631,0.160095
2520.632,0.15873
2520.633,0.149175
2520.634,0.135135
2520.635,0.125775
2520.636,0.11388
2520.637,0.10549499999999999
2520.638,0.0858
2520.639,0.074295
2520.64,0.06844499999999999
2520.641,0.08345999999999999
2520.642,0.092625
2520.643,0.12050999999999999
2520.644,0.147615
2520.645,0.1599
2520.646,0.17004
2520.647,0.167895
2520.648,0.162435
2520.649,0.15834
2520.65,0.140595
2520.651,0.136695
2520.652,0.121095
2520.653,0.11388
2520.654,0.100815
2520.655,0.078
2520.656,0.06747
2520.657,0.070785
2520.658,0.08307
2520.659,0.096915
2520.66,0.128895
2520.661,0.15795
2520.662,0.166335
2520.663,0.16731
2520.664,0.16107
2520.665,0.156975
2520.666,0.15795
2520.667,0.14625
2520.668,0.135135
2520.669,0.12050999999999999
2520.67,0.11076
2520.671,0.09048
2520.672,0.07293
2520.673,0.06669
2520.674,0.07995
2520.675,0.089895
2520.676,0.10764
2520.677,0.138255
2520.678,0.166335
2520.679,0.17004
2520.68,0.170625
2520.681,0.167895
2520.682,0.160095
2520.683,0.15170999999999998
2520.684,0.14547
2520.685,0.12909
2520.686,0.117975
2520.687,0.10998
2520.688,0.08112
2520.689,0.07488
2520.69,0.07254
2520.691,0.082875
2520.692,0.091455
2520.693,0.12031499999999999
2520.694,0.15366
2520.695,0.166335
2520.696,0.171405
2520.697,0.17043
2520.698,0.16652999999999998
2520.699,0.15795
2520.7,0.150735
2520.701,0.142545
2520.702,0.12597
2520.703,0.110175
2520.704,0.09555
2520.705,0.078975
2520.706,0.068055
2520.707,0.07566
2520.708,0.078975
2520.709,0.097695
2520.71,0.12792
2520.711,0.156
2520.712,0.166335
2520.713,0.16731
2520.714,0.16614
2520.715,0.16029
2520.716,0.151515
2520.717,0.140595
2520.718,0.12831
2520.719,0.114075
2520.72,0.103935
2520.721,0.082875
2520.722,0.06435
2520.723,0.05811
2520.724,0.06435
2520.725,0.07683
2520.726,0.091455
2520.727,0.12831
2520.728,0.153855
2520.729,0.160095
2520.73,0.160095
2520.731,0.15327
2520.732,0.14547
2520.733,0.13494
2520.734,0.130455
2520.735,0.116415
2520.736,0.100035
2520.737,0.093015
2520.738,0.070785
2520.739,0.05811
2520.74,0.057915
2520.741,0.066495
2520.742,0.0819
2520.743,0.10608
2520.744,0.12909
2520.745,0.148395
2520.746,0.14859
2520.747,0.14781
2520.748,0.14547
2520.749,0.142545
2520.75,0.13299
2520.751,0.12792
2520.752,0.110175
2520.753,0.09984
2520.754,0.0819
2520.755,0.064545
2520.756,0.05304
2520.757,0.055575
2520.758,0.06747
2520.759,0.085215
2520.76,0.11232
2520.761,0.142935
2520.762,0.15366
2520.763,0.158535
2520.764,0.15873
2520.765,0.147615
2520.766,0.14449499999999998
2520.767,0.133185
2520.768,0.123045
2520.769,0.109005
2520.77,0.100035
2520.771,0.07955999999999999
2520.772,0.05811
2520.773,0.05772
2520.774,0.0663
2520.775,0.074295
2520.776,0.095355
2520.777,0.12947999999999998
2520.778,0.15327
2520.779,0.154635
2520.78,0.157755
2520.781,0.15229499999999999
2520.782,0.14703
2520.783,0.13923
2520.784,0.12831
2520.785,0.11309999999999999
2520.786,0.106275
2520.787,0.097695
2520.788,0.073905
2520.789,0.061425
2520.79,0.06045
2520.791,0.073125
2520.792,0.085605
2520.793,0.108615
2520.794,0.14118
2520.795,0.15209999999999999
2520.796,0.160095
2520.797,0.16419
2520.798,0.163215
2520.799,0.156195
2520.8,0.147615
2520.801,0.140595
2520.802,0.123435
2520.803,0.11544
2520.804,0.100035
2520.805,0.078975
2520.806,0.07059
2520.807,0.076635
2520.808,0.085215
2520.809,0.103935
2520.81,0.13611
2520.811,0.15639
2520.812,0.16224
2520.813,0.170235
2520.814,0.166335
2520.815,0.16263
2520.816,0.153465
2520.817,0.146055
2520.818,0.136695
2520.819,0.12675
2520.82,0.115635
2520.821,0.09243
2520.822,0.078195
2520.823,0.07644
2520.824,0.08892
2520.825,0.09555
2520.826,0.11271
2520.827,0.14547
2520.828,0.17413499999999998
2520.829,0.17784
2520.83,0.18096
2520.831,0.17628
2520.832,0.172575
2520.833,0.166335
2520.834,0.15366
2520.835,0.141375
2520.836,0.130455
2520.837,0.117975
2520.838,0.09555
2520.839,0.085215
2520.84,0.085215
2520.841,0.096135
2520.842,0.10686
2520.843,0.14118
2520.844,0.165555
2520.845,0.178035
2520.846,0.185055
2520.847,0.18173999999999998
2520.848,0.18018
2520.849,0.178035
2520.85,0.16419
2520.851,0.15327
2520.852,0.135135
2520.853,0.128895
2520.854,0.11309999999999999
2520.855,0.09555
2520.856,0.089115
2520.857,0.08931
2520.858,0.103155
2520.859,0.118365
2520.86,0.14781
2520.861,0.172965
2520.862,0.181155
2520.863,0.1911
2520.864,0.18291
2520.865,0.18173999999999998
2520.866,0.17043
2520.867,0.16224
2520.868,0.146055
2520.869,0.14196
2520.87,0.13299
2520.871,0.115635
2520.872,0.09126
2520.873,0.086775
2520.874,0.095745
2520.875,0.10803
2520.876,0.128895
2520.877,0.158535
2520.878,0.183495
2520.879,0.195585
2520.88,0.18875999999999998
2520.881,0.186615
2520.882,0.17979
2520.883,0.172575
2520.884,0.16224
2520.885,0.147615
2520.886,0.14079
2520.887,0.12909
2520.888,0.106275
2520.889,0.09321
2520.89,0.09984
2520.891,0.101595
2520.892,0.118365
2520.893,0.147615
2520.894,0.17628
2520.895,0.18914999999999998
2520.896,0.197535
2520.897,0.192855
2520.898,0.195975
2520.899,0.18914999999999998
2520.9,0.175695
2520.901,0.171015
2520.902,0.15170999999999998
2520.903,0.14547
2520.904,0.13104
2520.905,0.10178999999999999
2520.906,0.10062
2520.907,0.104325
2520.908,0.12050999999999999
2520.909,0.135525
2520.91,0.16419
2520.911,0.19071
2520.912,0.198705
2520.913,0.20377499999999998
2520.914,0.199875
2520.915,0.19539
2520.916,0.188175
2520.917,0.17432999999999998
2520.918,0.164385
2520.919,0.15795
2520.92,0.14625
2520.921,0.125775
2520.922,0.10374
2520.923,0.10023
2520.924,0.116415
2520.925,0.123045
2520.926,0.133575
2520.927,0.172965
2520.928,0.195
2520.929,0.20377499999999998
2520.93,0.20163
2520.931,0.201435
2520.932,0.195
2520.933,0.18681
2520.934,0.1755
2520.935,0.172575
2520.936,0.156975
2520.937,0.15170999999999998
2520.938,0.121095
2520.939,0.108615
2520.94,0.116415
2520.941,0.12050999999999999
2520.942,0.133575
2520.943,0.163215
2520.944,0.19071
2520.945,0.207675
2520.946,0.21098999999999998
2520.947,0.208065
2520.948,0.206895
2520.949,0.197535
2520.95,0.19422
2520.951,0.185055
2520.952,0.17043
2520.953,0.1638
2520.954,0.14547
2520.955,0.1248
2520.956,0.11232
2520.957,0.116025
2520.958,0.128895
2520.959,0.14391
2520.96,0.17667
2520.961,0.21021
2520.962,0.213915
2520.963,0.213135
2520.964,0.21917999999999999
2520.965,0.204945
2520.966,0.20163
2520.967,0.18875999999999998
2520.968,0.182715
2520.969,0.171795
2520.97,0.16536
2520.971,0.14157
2520.972,0.12050999999999999
2520.973,0.122655
2520.974,0.132015
2520.975,0.135135
2520.976,0.148005
2520.977,0.18914999999999998
2520.978,0.210015
2520.979,0.220935
2520.98,0.21567
2520.981,0.216255
2520.982,0.205335
2520.983,0.199875
2520.984,0.192075
2520.985,0.172575
2520.986,0.16419
2520.987,0.153855
2520.988,0.132015
2520.989,0.12050999999999999
2520.99,0.11739
2520.991,0.126945
2520.992,0.143325
2520.993,0.170235
2520.994,0.198315
2520.995,0.20787
2520.996,0.217035
2520.997,0.21606
2520.998,0.20396999999999998
2520.999,0.20377499999999998
2521.0,0.194415
2521.001,0.18895499999999998
2521.002,0.17043
2521.003,0.16731
2521.004,0.13611
2521.005,0.12285
2521.006,0.110175
2521.007,0.122655
2521.008,0.13143
2521.009,0.142545
2521.01,0.173355
2521.011,0.20475
2521.012,0.208845
2521.013,0.21606
2521.014,0.21411
2521.015,0.210015
2521.016,0.19968
2521.017,0.191685
2521.018,0.17277
2521.019,0.15795
2521.02,0.153855
2521.021,0.1326
2521.022,0.114855
2521.023,0.11309999999999999
2521.024,0.131235
2521.025,0.142935
2521.026,0.153855
2521.027,0.193245
2521.028,0.216255
2521.029,0.21801
2521.03,0.217815
2521.031,0.21294
2521.032,0.20592
2521.033,0.20124
2521.034,0.18525
2521.035,0.176475
2521.036,0.16731
2521.037,0.15795
2521.038,0.13104
2521.039,0.11290499999999999
2521.04,0.12050999999999999
2521.041,0.125775
2521.042,0.14449499999999998
2521.043,0.17043
2521.044,0.19675499999999999
2521.045,0.2067
2521.046,0.21372
2521.047,0.21411
2521.048,0.20787
2521.049,0.2028
2521.05,0.195
2521.051,0.191295
2521.052,0.17823
2521.053,0.165555
2521.054,0.14235
2521.055,0.122655
2521.056,0.11388
2521.057,0.11739
2521.058,0.133575
2521.059,0.15015
2521.06,0.183495
2521.061,0.20943
2521.062,0.21098999999999998
2521.063,0.21606
2521.064,0.217815
2521.065,0.206115
2521.066,0.20319
2521.067,0.1911
2521.068,0.17823
2521.069,0.16536
2521.07,0.15834
2521.071,0.132015
2521.072,0.110175
2521.073,0.10686
2521.074,0.11427
2521.075,0.130455
2521.076,0.14547
2521.077,0.183495
2521.078,0.20475
2521.079,0.21255
2521.08,0.20377499999999998
2521.081,0.201435
2521.082,0.193245
2521.083,0.18193499999999999
2521.084,0.17862
2521.085,0.15795
2521.086,0.15795
2521.087,0.146445
2521.088,0.116415
2521.089,0.11115
2521.09,0.11505
2521.091,0.1248
2521.092,0.13923
2521.093,0.167505
2521.094,0.197535
2521.095,0.20377499999999998
2521.096,0.21216
2521.097,0.20787
2521.098,0.21216
2521.099,0.201435
2521.1,0.19539
2521.101,0.18525
2521.102,0.17043
2521.103,0.160095
2521.104,0.14235
2521.105,0.12363
2521.106,0.11934
2521.107,0.1248
2521.108,0.133965
2521.109,0.153855
2521.11,0.178815
2521.111,0.20748
2521.112,0.21606
2521.113,0.21723
2521.114,0.21723
2521.115,0.20787
2521.116,0.197925
2521.117,0.195
2521.118,0.178815
2521.119,0.16926
2521.12,0.16302
2521.121,0.140595
2521.122,0.121485
2521.123,0.119535
2521.124,0.130065
2521.125,0.136695
2521.126,0.15170999999999998
2521.127,0.19071
2521.128,0.20982
2521.129,0.219375
2521.13,0.216255
2521.131,0.213915
2521.132,0.204555
2521.133,0.19812
2521.134,0.1911
2521.135,0.17043
2521.136,0.160095
2521.137,0.156975
2521.138,0.12967499999999998
2521.139,0.11895
2521.14,0.12031499999999999
2521.141,0.135135
2521.142,0.147615
2521.143,0.173355
2521.144,0.20319
2521.145,0.213135
2521.146,0.20865
2521.147,0.21567
2521.148,0.213915
2521.149,0.20319
2521.15,0.194415
2521.151,0.18486
2521.152,0.172575
2521.153,0.163215
2521.154,0.139035
2521.155,0.12070499999999999
2521.156,0.114465
2521.157,0.121485
2521.158,0.135135
2521.159,0.15170999999999998
2521.16,0.183495
2521.161,0.20163
2521.162,0.2067
2521.163,0.21411
2521.164,0.20748
2521.165,0.20163
2521.166,0.19968
2521.167,0.183495
2521.168,0.16926
2521.169,0.163215
2521.17,0.15132
2521.171,0.12986999999999999
2521.172,0.11427
2521.173,0.10958999999999999
2521.174,0.12831
2521.175,0.133965
2521.176,0.15054
2521.177,0.183495
2521.178,0.20357999999999998
2521.179,0.21098999999999998
2521.18,0.207675
2521.181,0.21216
2521.182,0.20787
2521.183,0.19071
2521.184,0.19071
2521.185,0.17043
2521.186,0.16419
2521.187,0.15795
2521.188,0.131235
2521.189,0.122655
2521.19,0.11680499999999999
2521.191,0.1248
2521.192,0.135135
2521.193,0.16536
2521.194,0.192075
2521.195,0.201435
2521.196,0.214305
2521.197,0.217035
2521.198,0.21528
2521.199,0.207675
2521.2,0.201435
2521.201,0.18934499999999999
2521.202,0.17199
2521.203,0.166335
2521.204,0.146835
2521.205,0.12558
2521.206,0.11622
2521.207,0.13182
2521.208,0.141375
2521.209,0.1599
2521.21,0.18875999999999998
2521.211,0.21411
2521.212,0.208065
2521.213,0.216255
2521.214,0.21411
2521.215,0.20787
2521.216,0.20475
2521.217,0.191295
2521.218,0.182715
2521.219,0.16711499999999999
2521.22,0.149565
2521.221,0.132015
2521.222,0.12050999999999999
2521.223,0.11895
2521.224,0.136695
2521.225,0.147225
2521.226,0.17004
2521.227,0.20046
2521.228,0.216255
2521.229,0.22035
2521.23,0.21917999999999999
2521.231,0.2145
2521.232,0.202995
2521.233,0.19539
2521.234,0.191295
2521.235,0.175695
2521.236,0.166335
2521.237,0.15795
2521.238,0.126945
2521.239,0.118365
2521.24,0.1248
2521.241,0.1326
2521.242,0.14118
2521.243,0.170235
2521.244,0.19539
2521.245,0.20592
2521.246,0.206895
2521.247,0.20377499999999998
2521.248,0.20124
2521.249,0.19227
2521.25,0.18369
2521.251,0.178035
2521.252,0.16302
2521.253,0.152685
2521.254,0.1404
2521.255,0.11680499999999999
2521.256,0.108615
2521.257,0.117975
2521.258,0.12986999999999999
2521.259,0.142935
2521.26,0.177255
2521.261,0.195
2521.262,0.20319
2521.263,0.208065
2521.264,0.208455
2521.265,0.197535
2521.266,0.183495
2521.267,0.178815
2521.268,0.166335
2521.269,0.15873
2521.27,0.146445
2521.271,0.121095
2521.272,0.103935
2521.273,0.108615
2521.274,0.121485
2521.275,0.128895
2521.276,0.15054
2521.277,0.17277
2521.278,0.192855
2521.279,0.20982
2521.28,0.20592
2521.281,0.208845
2521.282,0.19539
2521.283,0.192465
2521.284,0.178815
2521.285,0.16419
2521.286,0.14547
2521.287,0.145665
2521.288,0.12070499999999999
2521.289,0.10998
2521.29,0.10881
2521.291,0.12070499999999999
2521.292,0.136305
2521.293,0.16672499999999998
2521.294,0.18895499999999998
2521.295,0.200655
2521.296,0.19636499999999998
2521.297,0.20748
2521.298,0.20124
2521.299,0.195975
2521.3,0.17979
2521.301,0.170625
2521.302,0.156975
2521.303,0.14742
2521.304,0.13299
2521.305,0.111735
2521.306,0.103935
2521.307,0.10549499999999999
2521.308,0.12050999999999999
2521.309,0.14079
2521.31,0.171015
2521.311,0.200655
2521.312,0.2028
2521.313,0.20007
2521.314,0.204945
2521.315,0.192465
2521.316,0.183105
2521.317,0.17823
2521.318,0.16224
2521.319,0.154245
2521.32,0.142545
2521.321,0.12031499999999999
2521.322,0.10608
2521.323,0.09867
2521.324,0.110175
2521.325,0.12636
2521.326,0.150735
2521.327,0.178035
2521.328,0.20163
2521.329,0.20748
2521.33,0.20357999999999998
2521.331,0.194415
2521.332,0.19071
2521.333,0.18291
2521.334,0.17413499999999998
2521.335,0.15795
2521.336,0.153855
2521.337,0.14313
2521.338,0.114855
2521.339,0.110175
2521.34,0.11329499999999999
2521.341,0.12070499999999999
2521.342,0.135525
2521.343,0.160095
2521.344,0.186615
2521.345,0.194415
2521.346,0.199875
2521.347,0.208455
2521.348,0.195195
2521.349,0.185835
2521.35,0.17784
2521.351,0.17043
2521.352,0.153075
2521.353,0.142155
2521.354,0.1248
2521.355,0.10374
2521.356,0.10374
2521.357,0.10764
2521.358,0.12558
2521.359,0.13727999999999999
2521.36,0.17043
2521.361,0.192855
2521.362,0.198705
2521.363,0.20826
2521.364,0.20357999999999998
2521.365,0.192855
2521.366,0.18914999999999998
2521.367,0.176475
2521.368,0.16263
2521.369,0.149175
2521.37,0.135135
2521.371,0.12246
2521.372,0.102375
2521.373,0.09243
2521.374,0.10178999999999999
2521.375,0.116415
2521.376,0.14449499999999998
2521.377,0.18018
2521.378,0.195975
2521.379,0.20163
2521.38,0.20748
2521.381,0.199095
2521.382,0.185445
2521.383,0.178815
2521.384,0.17238
2521.385,0.15639
2521.386,0.14449499999999998
2521.387,0.13611
2521.388,0.10764
2521.389,0.097695
2521.39,0.10296
2521.391,0.116415
2521.392,0.12986999999999999
2521.393,0.156975
2521.394,0.178815
2521.395,0.191295
2521.396,0.198705
2521.397,0.200655
2521.398,0.190515
2521.399,0.18193499999999999
2521.4,0.17784
2521.401,0.1638
2521.402,0.148785
2521.403,0.14449499999999998
2521.404,0.125775
2521.405,0.103935
2521.406,0.10335
2521.407,0.108225
2521.408,0.12050999999999999
2521.409,0.13299
2521.41,0.166335
2521.411,0.18525
2521.412,0.191685
2521.413,0.192855
2521.414,0.197535
2521.415,0.185055
2521.416,0.178035
2521.417,0.17043
2521.418,0.153855
2521.419,0.147225
2521.42,0.13727999999999999
2521.421,0.11739
2521.422,0.102375
2521.423,0.10374
2521.424,0.11660999999999999
2521.425,0.12519
2521.426,0.14547
2521.427,0.17355
2521.428,0.18895499999999998
2521.429,0.195
2521.43,0.195585
2521.431,0.191295
2521.432,0.18447
2521.433,0.178815
2521.434,0.16614
2521.435,0.15327
2521.436,0.14118
2521.437,0.12986999999999999
2521.438,0.10764
2521.439,0.09555
2521.44,0.096135
2521.441,0.11309999999999999
2521.442,0.12831
2521.443,0.150735
2521.444,0.17667
2521.445,0.188175
2521.446,0.19227
2521.447,0.18914999999999998
2521.448,0.183495
2521.449,0.183105
2521.45,0.17472
2521.451,0.158535
2521.452,0.147615
2521.453,0.13923
2521.454,0.116415
2521.455,0.10198499999999999
2521.456,0.089115
2521.457,0.10023
2521.458,0.11329499999999999
2521.459,0.1326
2521.46,0.16302
2521.461,0.18603
2521.462,0.18798
2521.463,0.187005
2521.464,0.1911
2521.465,0.185055
2521.466,0.172575
2521.467,0.17043
2521.468,0.15170999999999998
2521.469,0.14547
2521.47,0.132795
2521.471,0.11544
2521.472,0.09516
2521.473,0.1014
2521.474,0.10803
2521.475,0.122655
2521.476,0.147615
2521.477,0.172575
2521.478,0.18798
2521.479,0.195975
2521.48,0.19773
2521.481,0.19539
2521.482,0.18096
2521.483,0.17355
2521.484,0.160095
2521.485,0.153855
2521.486,0.141375
2521.487,0.133185
2521.488,0.107055
2521.489,0.103935
2521.49,0.103935
2521.491,0.108615
2521.492,0.118755
2521.493,0.147615
2521.494,0.183495
2521.495,0.19539
2521.496,0.19616999999999998
2521.497,0.195195
2521.498,0.183105
2521.499,0.18291
2521.5,0.17628
2521.501,0.16672499999999998
2521.502,0.15170999999999998
2521.503,0.14118
2521.504,0.12558
2521.505,0.102375
2521.506,0.09321
2521.507,0.10335
2521.508,0.118365
2521.509,0.13299
2521.51,0.16263
2521.511,0.190515
2521.512,0.197535
2521.513,0.20124
2521.514,0.19968
2521.515,0.19071
2521.516,0.18447
2521.517,0.17511
2521.518,0.15405
2521.519,0.147615
2521.52,0.132795
2521.521,0.114075
2521.522,0.095355
2521.523,0.099255
2521.524,0.11329499999999999
2521.525,0.128895
2521.526,0.146445
2521.527,0.17667
2521.528,0.19539
2521.529,0.20046
2521.53,0.19539
2521.531,0.19539
2521.532,0.18193499999999999
2521.533,0.18134999999999998
2521.534,0.17452499999999999
2521.535,0.16107
2521.536,0.146835
2521.537,0.14449499999999998
2521.538,0.110175
2521.539,0.10803
2521.54,0.11290499999999999
2521.541,0.126555
2521.542,0.13923
2521.543,0.16224
2521.544,0.193245
2521.545,0.20748
2521.546,0.20377499999999998
2521.547,0.20787
2521.548,0.20357999999999998
2521.549,0.195195
2521.55,0.186615
2521.551,0.17862
2521.552,0.16224
2521.553,0.156
2521.554,0.132015
2521.555,0.117975
2521.556,0.10998
2521.557,0.12012
2521.558,0.128895
2521.559,0.141375
2521.56,0.18193499999999999
2521.561,0.20046
2521.562,0.20396999999999998
2521.563,0.213135
2521.564,0.2067
2521.565,0.199875
2521.566,0.191295
2521.567,0.183885
2521.568,0.17043
2521.569,0.160095
2521.57,0.15639
2521.571,0.1287
2521.572,0.11271
2521.573,0.11427
2521.574,0.125385
2521.575,0.13299
2521.576,0.15795
2521.577,0.185055
2521.578,0.20475
2521.579,0.21079499999999998
2521.58,0.208455
2521.581,0.197535
2521.582,0.198705
2521.583,0.195195
2521.584,0.18291
2521.585,0.16536
2521.586,0.153855
2521.587,0.141375
2521.588,0.118365
2521.589,0.110175
2521.59,0.11427
2521.591,0.12792
2521.592,0.14196
2521.593,0.16731
2521.594,0.202995
2521.595,0.20416499999999999
2521.596,0.21216
2521.597,0.208065
2521.598,0.20357999999999998
2521.599,0.192855
2521.6,0.18154499999999998
2521.601,0.17355
2521.602,0.158535
2521.603,0.15873
2521.604,0.134355
2521.605,0.11427
2521.606,0.112515
2521.607,0.12050999999999999
2521.608,0.132795
2521.609,0.147615
2521.61,0.179985
2521.611,0.20377499999999998
2521.612,0.213915
2521.613,0.21372
2521.614,0.21294
2521.615,0.20396999999999998
2521.616,0.19734
2521.617,0.191295
2521.618,0.176085
2521.619,0.16497
2521.62,0.160485
2521.621,0.135915
2521.622,0.116415
2521.623,0.114855
2521.624,0.12675
2521.625,0.14079
2521.626,0.160095
2521.627,0.19539
2521.628,0.20748
2521.629,0.21372
2521.63,0.21372
2521.631,0.21294
2521.632,0.202995
2521.633,0.19851
2521.634,0.18895499999999998
2521.635,0.166335
2521.636,0.16068
2521.637,0.14547
2521.638,0.12246
2521.639,0.11115
2521.64,0.11622
2521.641,0.12558
2521.642,0.14235
2521.643,0.171015
2521.644,0.20377499999999998
2521.645,0.210015
2521.646,0.213915
2521.647,0.22035
2521.648,0.21216
2521.649,0.200655
2521.65,0.194415
2521.651,0.17862
2521.652,0.167505
2521.653,0.15795
2521.654,0.139035
2521.655,0.11739
2521.656,0.11154
2521.657,0.12831
2521.658,0.141375
2521.659,0.151515
2521.66,0.186615
2521.661,0.210015
2521.662,0.21411
2521.663,0.210015
2521.664,0.212355
2521.665,0.20592
2521.666,0.19539
2521.667,0.18895499999999998
2521.668,0.17628
2521.669,0.16224
2521.67,0.15795
2521.671,0.13299
2521.672,0.117975
2521.673,0.116415
2521.674,0.12753
2521.675,0.14508
2521.676,0.168675
2521.677,0.19227
2521.678,0.21216
2521.679,0.216255
2521.68,0.215475
2521.681,0.21411
2521.682,0.202215
2521.683,0.197535
2521.684,0.18914999999999998
2521.685,0.167505
2521.686,0.15795
2521.687,0.136305
2521.688,0.12636
2521.689,0.11309999999999999
2521.69,0.117585
2521.691,0.132015
2521.692,0.14157
2521.693,0.176865
2521.694,0.202995
2521.695,0.21528
2521.696,0.21411
2521.697,0.21294
2521.698,0.20592
2521.699,0.19539
2521.7,0.186615
2521.701,0.172575
2521.702,0.160095
2521.703,0.15170999999999998
2521.704,0.128895
2521.705,0.116415
2521.706,0.110175
2521.707,0.115635
2521.708,0.12675
2521.709,0.141375
2521.71,0.178815
2521.711,0.201825
2521.712,0.210405
2521.713,0.20592
2521.714,0.20787
2521.715,0.194415
2521.716,0.18914999999999998
2521.717,0.182715
2521.718,0.176475
2521.719,0.15717
2521.72,0.15327
2521.721,0.128895
2521.722,0.110175
2521.723,0.110175
2521.724,0.12246
2521.725,0.135135
2521.726,0.161655
2521.727,0.18525
2521.728,0.201435
2521.729,0.20357999999999998
2521.73,0.20592
2521.731,0.195975
2521.732,0.19539
2521.733,0.18369
2521.734,0.17043
2521.735,0.15795
2521.736,0.15756
2521.737,0.139035
2521.738,0.11309999999999999
2521.739,0.103935
2521.74,0.10764
2521.741,0.11739
2521.742,0.1326
2521.743,0.163995
2521.744,0.1911
2521.745,0.20163
2521.746,0.20319
2521.747,0.199875
2521.748,0.193245
2521.749,0.19071
2521.75,0.179205
2521.751,0.16575
2521.752,0.154635
2521.753,0.14449499999999998
2521.754,0.130455
2521.755,0.106665
2521.756,0.10296
2521.757,0.11232
2521.758,0.1248
2521.759,0.13923
2521.76,0.17355
2521.761,0.19227
2521.762,0.2028
2521.763,0.19968
2521.764,0.197535
2521.765,0.18914999999999998
2521.766,0.181155
2521.767,0.174915
2521.768,0.158925
2521.769,0.14859
2521.77,0.14079
2521.771,0.11583
2521.772,0.09516
2521.773,0.100035
2521.774,0.10803
2521.775,0.12558
2521.776,0.145275
2521.777,0.172575
2521.778,0.18895499999999998
2521.779,0.195585
2521.78,0.191295
2521.781,0.18875999999999998
2521.782,0.182715
2521.783,0.171015
2521.784,0.15873
2521.785,0.14547
2521.786,0.135135
2521.787,0.12031499999999999
2521.788,0.096135
2521.789,0.085215
2521.79,0.09086999999999999
2521.791,0.10296
2521.792,0.11388
2521.793,0.139815
2521.794,0.178035
2521.795,0.181155
2521.796,0.18291
2521.797,0.18369
2521.798,0.178815
2521.799,0.172575
2521.8,0.16419
2521.801,0.14547
2521.802,0.13611
2521.803,0.128895
2521.804,0.10062
2521.805,0.08385
2521.806,0.07878
2521.807,0.09048
2521.808,0.10374
2521.809,0.11739
2521.81,0.153855
2521.811,0.180765
2521.812,0.18603
2521.813,0.182715
2521.814,0.18193499999999999
2521.815,0.172575
2521.816,0.163215
2521.817,0.160095
2521.818,0.14157
2521.819,0.13104
2521.82,0.121095
2521.821,0.089115
2521.822,0.0741
2521.823,0.08307
2521.824,0.09048
2521.825,0.10686
2521.826,0.1287
2521.827,0.157755
2521.828,0.17238
2521.829,0.173745
2521.83,0.17511
2521.831,0.170235
2521.832,0.1599
2521.833,0.153855
2521.834,0.146055
2521.835,0.12636
2521.836,0.12050999999999999
2521.837,0.103935
2521.838,0.082875
2521.839,0.069615
2521.84,0.07683
2521.841,0.0819
2521.842,0.10296
2521.843,0.133575
2521.844,0.16224
2521.845,0.16263
2521.846,0.166335
2521.847,0.167505
2521.848,0.157755
2521.849,0.153855
2521.85,0.148005
2521.851,0.128895
2521.852,0.12031499999999999
2521.853,0.10803
2521.854,0.09457499999999999
2521.855,0.07059
2521.856,0.06435
2521.857,0.071175
2521.858,0.09243
2521.859,0.10374
2521.86,0.133185
2521.861,0.156975
2521.862,0.165555
2521.863,0.16107
2521.864,0.158535
2521.865,0.15756
2521.866,0.147615
2521.867,0.138255
2521.868,0.1248
2521.869,0.112515
2521.87,0.10803
2521.871,0.082095
2521.872,0.063375
2521.873,0.07137
2521.874,0.082875
2521.875,0.095355
2521.876,0.122655
2521.877,0.155025
2521.878,0.16731
2521.879,0.171015
2521.88,0.171015
2521.881,0.166335
2521.882,0.160095
2521.883,0.15288
2521.884,0.145275
2521.885,0.126945
2521.886,0.116415
2521.887,0.096525
2521.888,0.077415
2521.889,0.069615
2521.89,0.07137
2521.891,0.085215
2521.892,0.10062
2521.893,0.1326
2521.894,0.15756
2521.895,0.160095
2521.896,0.167895
2521.897,0.158535
2521.898,0.162435
2521.899,0.146835
2521.9,0.13923
2521.901,0.129285
2521.902,0.121095
2521.903,0.110175
2521.904,0.08892
2521.905,0.071565
2521.906,0.06513
2521.907,0.07878
2521.908,0.085215
2521.909,0.10647
2521.91,0.142935
2521.911,0.168285
2521.912,0.167895
2521.913,0.17199
2521.914,0.168285
2521.915,0.160095
2521.916,0.15170999999999998
2521.917,0.145665
2521.918,0.12597
2521.919,0.119145
2521.92,0.11427
2521.921,0.08931
2521.922,0.06747
2521.923,0.070785
2521.924,0.08775
2521.925,0.1014
2521.926,0.128895
2521.927,0.160095
2521.928,0.170625
2521.929,0.17043
2521.93,0.17823
2521.931,0.17043
2521.932,0.156975
2521.933,0.14703
2521.934,0.138255
2521.935,0.12363
2521.936,0.11660999999999999
2521.937,0.0975
2521.938,0.07527
2521.939,0.06591
2521.94,0.080535
2521.941,0.08307
2521.942,0.10062
2521.943,0.133185
2521.944,0.15756
2521.945,0.163995
2521.946,0.16731
2521.947,0.166335
2521.948,0.16419
2521.949,0.15288
2521.95,0.14079
2521.951,0.129285
2521.952,0.114855
2521.953,0.11232
2521.954,0.091455
2521.955,0.07059
2521.956,0.066495
2521.957,0.078975
2521.958,0.08892
2521.959,0.103935
2521.96,0.14703
2521.961,0.163215
2521.962,0.17043
2521.963,0.16536
2521.964,0.1638
2521.965,0.15639
2521.966,0.139035
2521.967,0.136305
2521.968,0.117195
2521.969,0.10686
2521.97,0.1014
2521.971,0.070785
2521.972,0.06552
2521.973,0.062595
2521.974,0.073125
2521.975,0.08463
2521.976,0.117975
2521.977,0.13611
2521.978,0.15327
2521.979,0.16263
2521.98,0.15170999999999998
2521.981,0.15366
2521.982,0.14118
2521.983,0.135135
2521.984,0.12636
2521.985,0.108615
2521.986,0.096135
2521.987,0.079365
2521.988,0.058695
2521.989,0.04797
2521.99,0.058695
2521.991,0.06747
2521.992,0.08268
2521.993,0.112515
2521.994,0.139425
2521.995,0.140595
2521.996,0.14859
2521.997,0.148395
2521.998,0.13923
2521.999,0.132015
2522.0,0.12246
2522.001,0.11388
2522.002,0.09457499999999999
2522.003,0.085215
2522.004,0.070395
2522.005,0.044655
2522.006,0.04251
2522.007,0.05811
2522.008,0.066495
2522.009,0.08268
2522.01,0.11544
2522.011,0.13708499999999998
2522.012,0.14508
2522.013,0.14449499999999998
2522.014,0.141375
2522.015,0.128895
2522.016,0.12558
2522.017,0.11817
2522.018,0.096135
2522.019,0.089505
2522.02,0.078975
2522.021,0.053235
2522.022,0.033345
2522.023,0.041535
2522.024,0.05265
2522.025,0.064545
2522.026,0.089505
2522.027,0.11739
2522.028,0.13299
2522.029,0.1404
2522.03,0.14079
2522.031,0.13533
2522.032,0.12519
2522.033,0.116415
2522.034,0.112515
2522.035,0.096135
2522.036,0.08424
2522.037,0.066495
2522.038,0.047775
2522.039,0.040755
2522.04,0.047775
2522.041,0.061425
2522.042,0.07585499999999999
2522.043,0.10608
2522.044,0.133965
2522.045,0.13494
2522.046,0.139035
2522.047,0.143325
2522.048,0.13611
2522.049,0.13182
2522.05,0.123045
2522.051,0.10764
2522.052,0.095355
2522.053,0.08619
2522.054,0.06844499999999999
2522.055,0.051675
2522.056,0.047775
2522.057,0.060254999999999996
2522.058,0.07059
2522.059,0.091455
2522.06,0.118755
2522.061,0.14547
2522.062,0.155415
2522.063,0.153855
2522.064,0.14703
2522.065,0.14001
2522.066,0.133185
2522.067,0.1248
2522.068,0.109005
2522.069,0.097695
2522.07,0.08892
2522.071,0.06552
2522.072,0.050115
2522.073,0.05421
2522.074,0.06396
2522.075,0.08307
2522.076,0.103935
2522.077,0.133185
2522.078,0.147615
2522.079,0.157755
2522.08,0.15170999999999998
2522.081,0.149175
2522.082,0.143325
2522.083,0.13299
2522.084,0.122655
2522.085,0.10803
2522.086,0.10335
2522.087,0.081315
2522.088,0.06552
2522.089,0.056549999999999996
2522.09,0.069615
2522.091,0.073125
2522.092,0.09243
2522.093,0.119535
2522.094,0.142935
2522.095,0.15444
2522.096,0.15931499999999998
2522.097,0.15795
2522.098,0.15366
2522.099,0.14742
2522.1,0.13611
2522.101,0.12031499999999999
2522.102,0.109005
2522.103,0.106275
2522.104,0.085215
2522.105,0.06669
2522.106,0.06552
2522.107,0.072735
2522.108,0.08151
2522.109,0.103935
2522.11,0.142545
2522.111,0.162435
2522.112,0.170625
2522.113,0.16614
2522.114,0.15873
2522.115,0.154245
2522.116,0.142935
2522.117,0.13494
2522.118,0.12558
2522.119,0.115635
2522.12,0.10198499999999999
2522.121,0.082095
2522.122,0.06747
2522.123,0.068835
2522.124,0.078975
2522.125,0.092235
2522.126,0.121095
2522.127,0.15170999999999998
2522.128,0.16731
2522.129,0.16731
2522.13,0.172575
2522.131,0.16263
2522.132,0.153855
2522.133,0.14118
2522.134,0.132015
2522.135,0.12246
2522.136,0.10647
2522.137,0.08931
2522.138,0.07839
2522.139,0.06552
2522.14,0.07059
2522.141,0.082095
2522.142,0.096525
2522.143,0.1287
2522.144,0.15756
2522.145,0.166335
2522.146,0.172575
2522.147,0.165945
2522.148,0.16224
2522.149,0.15132
2522.15,0.141375
2522.151,0.13104
2522.152,0.11309999999999999
2522.153,0.110175
2522.154,0.08775
2522.155,0.066495
2522.156,0.06844499999999999
2522.157,0.078975
2522.158,0.086385
2522.159,0.10686
2522.16,0.141375
2522.161,0.1638
2522.162,0.170235
2522.163,0.16029
2522.164,0.160095
2522.165,0.15327
2522.166,0.141375
2522.167,0.135135
2522.168,0.12070499999999999
2522.169,0.10764
2522.17,0.107055
2522.171,0.07683
2522.172,0.061425
2522.173,0.06591
2522.174,0.078975
2522.175,0.09243
2522.176,0.121095
2522.177,0.145665
2522.178,0.162435
2522.179,0.16575
2522.18,0.16419
2522.181,0.16068
2522.182,0.148005
2522.183,0.14449499999999998
2522.184,0.133965
2522.185,0.119535
2522.186,0.107055
2522.187,0.08931
2522.188,0.06863999999999999
2522.189,0.058304999999999996
2522.19,0.07059
2522.191,0.083655
2522.192,0.09867
2522.193,0.12986999999999999
2522.194,0.151515
2522.195,0.15795
2522.196,0.16419
2522.197,0.156975
2522.198,0.15405
2522.199,0.149175
2522.2,0.136305
2522.201,0.12031499999999999
2522.202,0.10998
2522.203,0.100815
2522.204,0.07683
2522.205,0.068835
2522.206,0.060254999999999996
2522.207,0.072735
2522.208,0.08345999999999999
2522.209,0.107055
2522.21,0.140595
2522.211,0.15327
2522.212,0.160875
2522.213,0.160095
2522.214,0.15327
2522.215,0.14547
2522.216,0.142545
2522.217,0.128895
2522.218,0.12050999999999999
2522.219,0.108225
2522.22,0.10062
2522.221,0.07566
2522.222,0.05616
2522.223,0.06669
2522.224,0.07683
2522.225,0.083655
2522.226,0.11329499999999999
2522.227,0.14859
2522.228,0.15327
2522.229,0.16029
2522.23,0.16419
2522.231,0.157755
2522.232,0.15288
2522.233,0.139035
2522.234,0.13182
2522.235,0.11622
2522.236,0.10803
2522.237,0.09126
2522.238,0.07059
2522.239,0.066495
2522.24,0.07059
2522.241,0.082875
2522.242,0.09867
2522.243,0.132015
2522.244,0.156
2522.245,0.15795
2522.246,0.16263
2522.247,0.15756
2522.248,0.15327
2522.249,0.147615
2522.25,0.135135
2522.251,0.12050999999999999
2522.252,0.10803
2522.253,0.097695
2522.254,0.07995
2522.255,0.058695
2522.256,0.05967
2522.257,0.06825
2522.258,0.07917
2522.259,0.097695
2522.26,0.13143
2522.261,0.14429999999999998
2522.262,0.156975
2522.263,0.15678
2522.264,0.15132
2522.265,0.14508
2522.266,0.13299
2522.267,0.116415
2522.268,0.108225
2522.269,0.09789
2522.27,0.091455
2522.271,0.066495
2522.272,0.04563
2522.273,0.046605
2522.274,0.065715
2522.275,0.085215
2522.276,0.108225
2522.277,0.133185
2522.278,0.146445
2522.279,0.151515
2522.28,0.15366
2522.281,0.142935
2522.282,0.13767
2522.283,0.12792
2522.284,0.121095
2522.285,0.103935
2522.286,0.093405
2522.287,0.07527
2522.288,0.05187
2522.289,0.05343
2522.29,0.058695
2522.291,0.07059
2522.292,0.08619
2522.293,0.12012
2522.294,0.15366
2522.295,0.157755
2522.296,0.160875
2522.297,0.160095
2522.298,0.149175
2522.299,0.141375
2522.3,0.13299
2522.301,0.12050999999999999
2522.302,0.10803
2522.303,0.100815
2522.304,0.08326499999999999
2522.305,0.059085
2522.306,0.06435
2522.307,0.076635
2522.308,0.08307
2522.309,0.103935
2522.31,0.133575
2522.311,0.15639
2522.312,0.160485
2522.313,0.158925
2522.314,0.15170999999999998
2522.315,0.15366
2522.316,0.13533
2522.317,0.13221
2522.318,0.116415
2522.319,0.103935
2522.32,0.09067499999999999
2522.321,0.066495
2522.322,0.05031
2522.323,0.056549999999999996
2522.324,0.066495
2522.325,0.07878
2522.326,0.10413
2522.327,0.136305
2522.328,0.145275
2522.329,0.147615
2522.33,0.147615
2522.331,0.147615
2522.332,0.14313
2522.333,0.12909
2522.334,0.116415
2522.335,0.10803
2522.336,0.09477
2522.337,0.07839
2522.338,0.057915
2522.339,0.0507
2522.34,0.06318
2522.341,0.078975
2522.342,0.085215
2522.343,0.12285
2522.344,0.145665
2522.345,0.15366
2522.346,0.153855
2522.347,0.150735
2522.348,0.150735
2522.349,0.136695
2522.35,0.132015
2522.351,0.12129
2522.352,0.107055
2522.353,0.09555
2522.354,0.07214999999999999
2522.355,0.05811
2522.356,0.057135
2522.357,0.069615
2522.358,0.081315
2522.359,0.103155
2522.36,0.136695
2522.361,0.156
2522.362,0.153855
2522.363,0.16263
2522.364,0.153855
2522.365,0.142545
2522.366,0.14157
2522.367,0.12831
2522.368,0.11583
2522.369,0.106275
2522.37,0.096525
2522.371,0.07527
2522.372,0.058499999999999996
2522.373,0.058304999999999996
2522.374,0.073125
2522.375,0.085215
2522.376,0.117975
2522.377,0.14547
2522.378,0.156195
2522.379,0.162435
2522.38,0.161265
2522.381,0.149175
2522.382,0.14449499999999998
2522.383,0.13299
2522.384,0.12792
2522.385,0.11544
2522.386,0.10491
2522.387,0.085215
2522.388,0.066495
2522.389,0.060254999999999996
2522.39,0.071175
2522.391,0.081315
2522.392,0.092235
2522.393,0.128895
2522.394,0.147615
2522.395,0.156
2522.396,0.16107
2522.397,0.16146
2522.398,0.153855
2522.399,0.142545
2522.4,0.141375
2522.401,0.12558
2522.402,0.11739
2522.403,0.10296
2522.404,0.0819
2522.405,0.0663
2522.406,0.065715
2522.407,0.07644
2522.408,0.088725
2522.409,0.118755
2522.41,0.14625
2522.411,0.16536
2522.412,0.168285
2522.413,0.164775
2522.414,0.161655
2522.415,0.157755
2522.416,0.14742
2522.417,0.14157
2522.418,0.12519
2522.419,0.12050999999999999
2522.42,0.10686
2522.421,0.08268
2522.422,0.07059
2522.423,0.07254
2522.424,0.083655
2522.425,0.1014
2522.426,0.128895
2522.427,0.156
2522.428,0.166335
2522.429,0.16809
2522.43,0.163995
2522.431,0.16302
2522.432,0.16224
2522.433,0.148005
2522.434,0.136695
2522.435,0.129285
2522.436,0.11680499999999999
2522.437,0.10413
2522.438,0.082875
2522.439,0.076635
2522.44,0.091455
2522.441,0.09321
2522.442,0.115635
2522.443,0.147615
2522.444,0.17472
2522.445,0.178815
2522.446,0.183495
2522.447,0.176865
2522.448,0.17082
2522.449,0.164385
2522.45,0.15483
2522.451,0.141765
2522.452,0.12831
2522.453,0.116415
2522.454,0.096915
2522.455,0.08268
2522.456,0.083655
2522.457,0.091455
2522.458,0.104325
2522.459,0.1326
2522.46,0.16302
2522.461,0.17862
2522.462,0.18759
2522.463,0.18681
2522.464,0.178815
2522.465,0.170235
2522.466,0.166335
2522.467,0.15678
2522.468,0.13708499999999998
2522.469,0.128895
2522.47,0.12070499999999999
2522.471,0.09808499999999999
2522.472,0.08307
2522.473,0.09126
2522.474,0.096135
2522.475,0.110175
2522.476,0.14235
2522.477,0.16926
2522.478,0.182715
2522.479,0.18895499999999998
2522.48,0.187005
2522.481,0.17784
2522.482,0.172575
2522.483,0.16614
2522.484,0.15366
2522.485,0.141375
2522.486,0.132015
2522.487,0.11388
2522.488,0.09126
2522.489,0.08619
2522.49,0.097695
2522.491,0.108225
2522.492,0.12031499999999999
2522.493,0.15795
2522.494,0.178815
2522.495,0.186615
2522.496,0.188175
2522.497,0.180375
2522.498,0.18193499999999999
2522.499,0.17043
2522.5,0.161265
2522.501,0.146055
2522.502,0.134355
2522.503,0.12675
2522.504,0.103935
2522.505,0.086385
2522.506,0.082875
2522.507,0.0975
2522.508,0.11115
2522.509,0.13494
2522.51,0.16575
2522.511,0.18369
2522.512,0.19032
2522.513,0.18914999999999998
2522.514,0.18193499999999999
2522.515,0.17432999999999998
2522.516,0.166335
2522.517,0.15795
2522.518,0.143325
2522.519,0.13533
2522.52,0.119535
2522.521,0.094185
2522.522,0.085215
2522.523,0.09516
2522.524,0.097695
2522.525,0.115635
2522.526,0.14547
2522.527,0.172575
2522.528,0.183495
2522.529,0.185055
2522.53,0.18193499999999999
2522.531,0.17355
2522.532,0.172575
2522.533,0.16731
2522.534,0.153855
2522.535,0.140595
2522.536,0.13182
2522.537,0.114465
2522.538,0.091845
2522.539,0.09067499999999999
2522.54,0.09633
2522.541,0.11329499999999999
2522.542,0.122655
2522.543,0.16263
2522.544,0.18291
2522.545,0.191295
2522.546,0.195195
2522.547,0.191295
2522.548,0.183885
2522.549,0.18134999999999998
2522.55,0.167505
2522.551,0.15209999999999999
2522.552,0.14118
2522.553,0.130065
2522.554,0.11232
2522.555,0.097695
2522.556,0.096135
2522.557,0.10764
2522.558,0.126555
2522.559,0.14625
2522.56,0.17413499999999998
2522.561,0.18914999999999998
2522.562,0.192855
2522.563,0.19422
2522.564,0.19227
2522.565,0.183495
2522.566,0.178815
2522.567,0.17043
2522.568,0.153855
2522.569,0.142545
2522.57,0.128895
2522.571,0.10491
2522.572,0.100425
2522.573,0.097695
2522.574,0.11309999999999999
2522.575,0.125775
2522.576,0.16419
2522.577,0.18252
2522.578,0.19539
2522.579,0.195585
2522.58,0.194025
2522.581,0.191295
2522.582,0.18134999999999998
2522.583,0.176475
2522.584,0.160095
2522.585,0.146445
2522.586,0.142155
2522.587,0.117975
2522.588,0.10178999999999999
2522.589,0.09086999999999999
2522.59,0.10491
2522.591,0.110175
2522.592,0.1326
2522.593,0.160095
2522.594,0.18603
2522.595,0.19578
2522.596,0.19636499999999998
2522.597,0.195585
2522.598,0.18642
2522.599,0.185055
2522.6,0.167505
2522.601,0.15756
2522.602,0.15132
2522.603,0.139035
2522.604,0.11427
2522.605,0.09477
2522.606,0.09867
2522.607,0.107835
2522.608,0.11817
2522.609,0.147615
2522.61,0.17043
2522.611,0.18914999999999998
2522.612,0.19227
2522.613,0.192465
2522.614,0.195
2522.615,0.187005
2522.616,0.172575
2522.617,0.160095
2522.618,0.153075
2522.619,0.14508
2522.62,0.132795
2522.621,0.10413
2522.622,0.09126
2522.623,0.09984
2522.624,0.109005
2522.625,0.12519
2522.626,0.153855
2522.627,0.182715
2522.628,0.18914999999999998
2522.629,0.18681
2522.63,0.190515
2522.631,0.18291
2522.632,0.1755
2522.633,0.16536
2522.634,0.156
2522.635,0.142545
2522.636,0.13182
2522.637,0.108615
2522.638,0.09243
2522.639,0.093405
2522.64,0.100815
2522.641,0.11388
2522.642,0.12558
2522.643,0.16302
2522.644,0.190515
2522.645,0.194415
2522.646,0.19539
2522.647,0.1911
2522.648,0.18291
2522.649,0.174915
2522.65,0.16302
2522.651,0.158535
2522.652,0.148785
2522.653,0.139035
2522.654,0.10803
2522.655,0.096525
2522.656,0.095355
2522.657,0.10686
2522.658,0.12558
2522.659,0.15288
2522.66,0.178035
2522.661,0.19305
2522.662,0.19539
2522.663,0.19968
2522.664,0.19422
2522.665,0.18525
2522.666,0.18291
2522.667,0.17413499999999998
2522.668,0.157755
2522.669,0.147615
2522.67,0.133185
2522.671,0.10803
2522.672,0.10296
2522.673,0.11115
2522.674,0.117585
2522.675,0.135135
2522.676,0.16419
2522.677,0.18895499999999998
2522.678,0.197925
2522.679,0.20377499999999998
2522.68,0.20357999999999998
2522.681,0.197535
2522.682,0.191295
2522.683,0.17667
2522.684,0.166335
2522.685,0.16107
2522.686,0.15327
2522.687,0.125775
2522.688,0.11544
2522.689,0.110175
2522.69,0.11680499999999999
2522.691,0.128895
2522.692,0.141375
2522.693,0.178035
2522.694,0.20377499999999998
2522.695,0.210015
2522.696,0.210015
2522.697,0.20475
2522.698,0.200265
2522.699,0.19636499999999998
2522.7,0.188175
2522.701,0.172575
2522.702,0.16575
2522.703,0.156
2522.704,0.12831
2522.705,0.110175
2522.706,0.11583
2522.707,0.125775
2522.708,0.136305
2522.709,0.169845
2522.71,0.195975
2522.711,0.20982
2522.712,0.21528
2522.713,0.21372
2522.714,0.20943
2522.715,0.20163
2522.716,0.192465
2522.717,0.187005
2522.718,0.167505
2522.719,0.158925
2522.72,0.143325
2522.721,0.116415
2522.722,0.109005
2522.723,0.11037
2522.724,0.122655
2522.725,0.139035
2522.726,0.17004
2522.727,0.195195
2522.728,0.206895
2522.729,0.210015
2522.73,0.21118499999999998
2522.731,0.20319
2522.732,0.19305
2522.733,0.18603
2522.734,0.171015
2522.735,0.161655
2522.736,0.153855
2522.737,0.135135
2522.738,0.11583
2522.739,0.11232
2522.74,0.11622
2522.741,0.12792
2522.742,0.14547
2522.743,0.18134999999999998
2522.744,0.20163
2522.745,0.210015
2522.746,0.21098999999999998
2522.747,0.208845
2522.748,0.19149
2522.749,0.195975
2522.75,0.191295
2522.751,0.170625
2522.752,0.15970499999999999
2522.753,0.15327
2522.754,0.12675
2522.755,0.114075
2522.756,0.11622
2522.757,0.13143
2522.758,0.14313
2522.759,0.17043
2522.76,0.19734
2522.761,0.20787
2522.762,0.208065
2522.763,0.21606
2522.764,0.210015
2522.765,0.19539
2522.766,0.192855
2522.767,0.190515
2522.768,0.17043
2522.769,0.166335
2522.77,0.14235
2522.771,0.124995
2522.772,0.117975
2522.773,0.126945
2522.774,0.1326
2522.775,0.14547
2522.776,0.171015
2522.777,0.208455
2522.778,0.207675
2522.779,0.21528
2522.78,0.216255
2522.781,0.20826
2522.782,0.195195
2522.783,0.191295
2522.784,0.172965
2522.785,0.17004
2522.786,0.160095
2522.787,0.142545
2522.788,0.117975
2522.789,0.11427
2522.79,0.12558
2522.791,0.13884
2522.792,0.153855
2522.793,0.19188
2522.794,0.213525
2522.795,0.220545
2522.796,0.220155
2522.797,0.220545
2522.798,0.21216
2522.799,0.20377499999999998
2522.8,0.191295
2522.801,0.18193499999999999
2522.802,0.16809
2522.803,0.16224
2522.804,0.13377
2522.805,0.12031499999999999
2522.806,0.12070499999999999
2522.807,0.128895
2522.808,0.14118
2522.809,0.167505
2522.81,0.197535
2522.811,0.210015
2522.812,0.21606
2522.813,0.214305
2522.814,0.208845
2522.815,0.202215
2522.816,0.19636499999999998
2522.817,0.1911
2522.818,0.169455
2522.819,0.163995
2522.82,0.13923
2522.821,0.1248
2522.822,0.11309999999999999
2522.823,0.121095
2522.824,0.12792
2522.825,0.142545
2522.826,0.171795
2522.827,0.20163
2522.828,0.208455
2522.829,0.210015
2522.83,0.213135
2522.831,0.20319
2522.832,0.192855
2522.833,0.181155
2522.834,0.171015
2522.835,0.16731
2522.836,0.153855
2522.837,0.136695
2522.838,0.117585
2522.839,0.11622
2522.84,0.12050999999999999
2522.841,0.132795
2522.842,0.147615
2522.843,0.18291
2522.844,0.20982
2522.845,0.217815
2522.846,0.21528
2522.847,0.20475
2522.848,0.19968
2522.849,0.191295
2522.85,0.185055
2522.851,0.16731
2522.852,0.15229499999999999
2522.853,0.153855
2522.854,0.128895
2522.855,0.103935
2522.856,0.11583
2522.857,0.126555
2522.858,0.13806
2522.859,0.16419
2522.86,0.188175
2522.861,0.20475
2522.862,0.20475
2522.863,0.20982
2522.864,0.20357999999999998
2522.865,0.198315
2522.866,0.18875999999999998
2522.867,0.18486
2522.868,0.16731
2522.869,0.157755
2522.87,0.13299
2522.871,0.119535
2522.872,0.108225
2522.873,0.111735
2522.874,0.12050999999999999
2522.875,0.13533
2522.876,0.16614
2522.877,0.19539
2522.878,0.195195
2522.879,0.200655
2522.88,0.19851
2522.881,0.194415
2522.882,0.19227
2522.883,0.17979
2522.884,0.165555
2522.885,0.156
2522.886,0.141375
2522.887,0.12031499999999999
2522.888,0.10023
2522.889,0.09555
2522.89,0.103935
2522.891,0.12050999999999999
2522.892,0.133575
2522.893,0.171405
2522.894,0.1911
2522.895,0.199875
2522.896,0.201435
2522.897,0.198315
2522.898,0.183495
2522.899,0.185055
2522.9,0.167895
2522.901,0.15756
2522.902,0.14449499999999998
2522.903,0.136305
2522.904,0.103935
2522.905,0.09243
2522.906,0.093015
2522.907,0.109005
2522.908,0.116415
2522.909,0.14547
2522.91,0.17277
2522.911,0.191295
2522.912,0.192855
2522.913,0.191295
2522.914,0.19149
2522.915,0.18291
2522.916,0.172575
2522.917,0.167895
2522.918,0.148005
2522.919,0.140595
2522.92,0.12012
2522.921,0.09867
2522.922,0.09086999999999999
2522.923,0.09867
2522.924,0.108615
2522.925,0.126945
2522.926,0.15795
2522.927,0.18291
2522.928,0.18681
2522.929,0.192855
2522.93,0.192855
2522.931,0.18603
2522.932,0.18252
2522.933,0.16652999999999998
2522.934,0.147615
2522.935,0.139035
2522.936,0.133185
2522.937,0.110175
2522.938,0.089115
2522.939,0.09086999999999999
2522.94,0.100035
2522.941,0.11680499999999999
2522.942,0.13143
2522.943,0.1638
2522.944,0.18525
2522.945,0.193245
2522.946,0.191295
2522.947,0.18914999999999998
2522.948,0.17979
2522.949,0.17238
2522.95,0.164775
2522.951,0.15288
2522.952,0.141375
2522.953,0.128115
2522.954,0.10217999999999999
2522.955,0.089895
2522.956,0.097695
2522.957,0.10178999999999999
2522.958,0.117975
2522.959,0.14118
2522.96,0.170625
2522.961,0.18291
2522.962,0.186615
2522.963,0.18798
2522.964,0.18173999999999998
2522.965,0.175695
2522.966,0.16575
2522.967,0.15756
2522.968,0.139035
2522.969,0.13494
2522.97,0.110175
2522.971,0.093405
2522.972,0.08307
2522.973,0.09243
2522.974,0.1014
2522.975,0.110955
2522.976,0.148785
2522.977,0.172575
2522.978,0.18193499999999999
2522.979,0.187005
2522.98,0.187395
2522.981,0.185055
2522.982,0.169455
2522.983,0.163215
2522.984,0.14937
2522.985,0.141765
2522.986,0.132795
2522.987,0.108615
2522.988,0.091455
2522.989,0.089895
2522.99,0.1014
2522.991,0.116415
2522.992,0.12675
2522.993,0.16536
2522.994,0.183495
2522.995,0.19305
2522.996,0.195
2522.997,0.18895499999999998
2522.998,0.17355
2522.999,0.17667
2523.0,0.167895
2523.001,0.149175
2523.002,0.14313
2523.003,0.13923
2523.004,0.112515
2523.005,0.09555
2523.006,0.10296
2523.007,0.112515
2523.008,0.12070499999999999
2523.009,0.14937
2523.01,0.18291
2523.011,0.195
2523.012,0.193635
2523.013,0.197535
2523.014,0.191295
2523.015,0.18603
2523.016,0.18173999999999998
2523.017,0.167895
2523.018,0.15639
2523.019,0.14235
2523.02,0.12831
2523.021,0.11232
2523.022,0.10335
2523.023,0.107835
2523.024,0.122655
2523.025,0.135135
2523.026,0.16652999999999998
2523.027,0.19968
2523.028,0.20319
2523.029,0.206115
2523.03,0.20377499999999998
2523.031,0.19227
2523.032,0.18525
2523.033,0.183495
2523.034,0.173745
2523.035,0.16536
2523.036,0.151515
2523.037,0.131235
2523.038,0.11583
2523.039,0.11427
2523.04,0.122655
2523.041,0.132795
2523.042,0.15170999999999998
2523.043,0.188175
2523.044,0.204945
2523.045,0.219375
2523.046,0.215475
2523.047,0.21372
2523.048,0.201435
2523.049,0.19636499999999998
2523.05,0.18369
2523.051,0.17004
2523.052,0.167895
2523.053,0.154635
2523.054,0.128895
2523.055,0.109005
2523.056,0.110565
2523.057,0.1248
2523.058,0.14079
2523.059,0.163995
2523.06,0.19539
2523.061,0.21255
2523.062,0.21567
2523.063,0.21606
2523.064,0.20709
2523.065,0.20163
2523.066,0.198705
2523.067,0.18895499999999998
2523.068,0.17043
2523.069,0.16224
2523.07,0.14313
2523.071,0.12050999999999999
2523.072,0.11544
2523.073,0.12050999999999999
2523.074,0.135525
2523.075,0.14449499999999998
2523.076,0.178425
2523.077,0.20377499999999998
2523.078,0.210015
2523.079,0.217425
2523.08,0.21372
2523.081,0.208065
2523.082,0.20163
2523.083,0.195195
2523.084,0.18291
2523.085,0.16652999999999998
2523.086,0.158145
2523.087,0.13923
2523.088,0.118365
2523.089,0.116415
2523.09,0.12675
2523.091,0.141765
2523.092,0.15132
2523.093,0.18681
2523.094,0.2067
2523.095,0.21294
2523.096,0.207675
2523.097,0.20163
2523.098,0.199095
2523.099,0.19344
2523.1,0.18252
2523.101,0.172185
2523.102,0.153075
2523.103,0.149175
2523.104,0.11739
2523.105,0.103935
2523.106,0.103935
2523.107,0.11583
2523.108,0.128895
2523.109,0.15795
2523.11,0.18134999999999998
2523.111,0.197535
2523.112,0.19968
2523.113,0.200655
2523.114,0.20007
2523.115,0.185445
2523.116,0.1755
2523.117,0.16536
2523.118,0.15170999999999998
2523.119,0.142935
2523.12,0.12675
2523.121,0.10568999999999999
2523.122,0.09399
2523.123,0.097695
2523.124,0.10608
2523.125,0.124995
2523.126,0.15678
2523.127,0.183495
2523.128,0.187005
2523.129,0.191295
2523.13,0.18525
2523.131,0.17511
2523.132,0.17628
2523.133,0.16224
2523.134,0.145665
2523.135,0.13377
2523.136,0.12909
2523.137,0.105105
2523.138,0.086775
2523.139,0.09048
2523.14,0.09789
2523.141,0.10803
2523.142,0.125775
2523.143,0.15873
2523.144,0.17667
2523.145,0.186615
2523.146,0.17862
2523.147,0.17121
2523.148,0.167895
2523.149,0.16731
2523.15,0.15483
2523.151,0.13923
2523.152,0.12636
2523.153,0.116415
2523.154,0.09126
2523.155,0.074295
2523.156,0.078975
2523.157,0.092625
2523.158,0.10178999999999999
2523.159,0.133185
2523.16,0.158535
2523.161,0.169455
2523.162,0.178815
2523.163,0.17043
2523.164,0.167505
2523.165,0.158145
2523.166,0.15229499999999999
2523.167,0.138255
2523.168,0.128895
2523.169,0.11583
2523.17,0.096135
2523.171,0.076245
2523.172,0.066495
2523.173,0.07585499999999999
2523.174,0.08814
2523.175,0.103935
2523.176,0.13455
2523.177,0.1638
2523.178,0.16263
2523.179,0.17043
2523.18,0.166335
2523.181,0.161265
2523.182,0.15288
2523.183,0.142935
2523.184,0.128115
2523.185,0.11680499999999999
2523.186,0.10686
2523.187,0.085995
2523.188,0.065715
2523.189,0.06552
2523.19,0.076635
2523.191,0.08892
2523.192,0.106275
2523.193,0.133185
2523.194,0.160095
2523.195,0.16419
2523.196,0.160095
2523.197,0.156195
2523.198,0.14859
2523.199,0.14196
2523.2,0.13611
2523.201,0.11680499999999999
2523.202,0.11115
2523.203,0.10178999999999999
2523.204,0.07137
2523.205,0.060254999999999996
2523.206,0.060254999999999996
2523.207,0.073905
2523.208,0.09126
2523.209,0.110175
2523.21,0.13611
2523.211,0.15678
2523.212,0.160095
2523.213,0.15756
2523.214,0.149175
2523.215,0.145275
2523.216,0.1326
2523.217,0.13299
2523.218,0.110175
2523.219,0.10608
2523.22,0.09086999999999999
2523.221,0.07214999999999999
2523.222,0.06006
2523.223,0.06844499999999999
2523.224,0.078975
2523.225,0.10023
2523.226,0.128895
2523.227,0.153855
2523.228,0.160095
2523.229,0.167505
2523.23,0.158925
2523.231,0.15795
2523.232,0.15366
2523.233,0.142545
2523.234,0.1287
2523.235,0.115635
2523.236,0.11309999999999999
2523.237,0.09321
2523.238,0.07137
2523.239,0.07059
2523.24,0.078
2523.241,0.095745
2523.242,0.116415
2523.243,0.141375
2523.244,0.16731
2523.245,0.17043
2523.246,0.17043
2523.247,0.166335
2523.248,0.15795
2523.249,0.149565
2523.25,0.14196
2523.251,0.125775
2523.252,0.128895
2523.253,0.107835
2523.254,0.08268
2523.255,0.06942
2523.256,0.072735
2523.257,0.08326499999999999
2523.258,0.09984
2523.259,0.125775
2523.26,0.153855
2523.261,0.158925
2523.262,0.16419
2523.263,0.16731
2523.264,0.16224
2523.265,0.153855
2523.266,0.14313
2523.267,0.13455
2523.268,0.12050999999999999
2523.269,0.11309999999999999
2523.27,0.085215
2523.271,0.07059
2523.272,0.0663
2523.273,0.07059
2523.274,0.08541
2523.275,0.097695
2523.276,0.133185
2523.277,0.15756
2523.278,0.15639
2523.279,0.16302
2523.28,0.160095
2523.281,0.149955
2523.282,0.141375
2523.283,0.13572
2523.284,0.117975
2523.285,0.10803
2523.286,0.097695
2523.287,0.08112
2523.288,0.06357
2523.289,0.06279
2523.29,0.07585499999999999
2523.291,0.086775
2523.292,0.108615
2523.293,0.133965
2523.294,0.15288
2523.295,0.158145
2523.296,0.15639
2523.297,0.15756
2523.298,0.149175
2523.299,0.133965
2523.3,0.128895
2523.301,0.114465
2523.302,0.10803
2523.303,0.09555
2523.304,0.07214999999999999
2523.305,0.057135
2523.306,0.063375
2523.307,0.071175
2523.308,0.08326499999999999
2523.309,0.10803
2523.31,0.14079
2523.311,0.147615
2523.312,0.153855
2523.313,0.150735
2523.314,0.147615
2523.315,0.136695
2523.316,0.1287
2523.317,0.11622
2523.318,0.107835
2523.319,0.093795
2523.32,0.078975
2523.321,0.05811
2523.322,0.050894999999999996
2523.323,0.06435
2523.324,0.06669
2523.325,0.08696999999999999
2523.326,0.12050999999999999
2523.327,0.13845
2523.328,0.142545
2523.329,0.15288
2523.33,0.148005
2523.331,0.14313
2523.332,0.13494
2523.333,0.126555
2523.334,0.11583
2523.335,0.10335
2523.336,0.08853
2523.337,0.072735
2523.338,0.05616
2523.339,0.05304
2523.34,0.061815
2523.341,0.07449
2523.342,0.09555
2523.343,0.117975
2523.344,0.14429999999999998
2523.345,0.146835
2523.346,0.146445
2523.347,0.13923
2523.348,0.135525
2523.349,0.1287
2523.35,0.117975
2523.351,0.103935
2523.352,0.09243
2523.353,0.086385
2523.354,0.05694
2523.355,0.047775
2523.356,0.045825
2523.357,0.054015
2523.358,0.06396
2523.359,0.09516
2523.36,0.122655
2523.361,0.133965
2523.362,0.135135
2523.363,0.1326
2523.364,0.13299
2523.365,0.12519
2523.366,0.114855
2523.367,0.106275
2523.368,0.08931
2523.369,0.08268
2523.37,0.063375
2523.371,0.043095
2523.372,0.04134
2523.373,0.04563
2523.374,0.06435
2523.375,0.07722
2523.376,0.11309999999999999
2523.377,0.135135
2523.378,0.141375
2523.379,0.14703
2523.38,0.14937
2523.381,0.1404
2523.382,0.13494
2523.383,0.125775
2523.384,0.11583
2523.385,0.096135
2523.386,0.09126
2523.387,0.072735
2523.388,0.05811
2523.389,0.06318
2523.39,0.066495
2523.391,0.078975
2523.392,0.10374
2523.393,0.128895
2523.394,0.145665
2523.395,0.15170999999999998
2523.396,0.15054
2523.397,0.15288
2523.398,0.148785
2523.399,0.13416
2523.4,0.12636
2523.401,0.11309999999999999
2523.402,0.10178999999999999
2523.403,0.09086999999999999
2523.404,0.058304999999999996
2523.405,0.05148
2523.406,0.05811
2523.407,0.069615
2523.408,0.082875
2523.409,0.110175
2523.41,0.14079
2523.411,0.15366
2523.412,0.15756
2523.413,0.158535
2523.414,0.141375
2523.415,0.14118
2523.416,0.12831
2523.417,0.116415
2523.418,0.10647
2523.419,0.09808499999999999
2523.42,0.078975
2523.421,0.058695
2523.422,0.05772
2523.423,0.06279
2523.424,0.074295
2523.425,0.086775
2523.426,0.1248
2523.427,0.145275
2523.428,0.146445
2523.429,0.157755
2523.43,0.156
2523.431,0.14859
2523.432,0.14235
2523.433,0.135915
2523.434,0.121095
2523.435,0.10803
2523.436,0.09457499999999999
2523.437,0.070785
2523.438,0.056549999999999996
2523.439,0.0624
2523.44,0.07214999999999999
2523.441,0.083655
2523.442,0.103935
2523.443,0.132795
2523.444,0.153855
2523.445,0.158535
2523.446,0.15795
2523.447,0.153855
2523.448,0.14625
2523.449,0.138255
2523.45,0.133575
2523.451,0.11934
2523.452,0.103935
2523.453,0.09243
2523.454,0.06669
2523.455,0.05811
2523.456,0.057135
2523.457,0.07644
2523.458,0.08931
2523.459,0.116415
2523.46,0.146055
2523.461,0.15795
2523.462,0.16107
2523.463,0.16107
2523.464,0.15678
2523.465,0.156
2523.466,0.13708499999999998
2523.467,0.124995
2523.468,0.110175
2523.469,0.107055
2523.47,0.089115
2523.471,0.0702
2523.472,0.06123
2523.473,0.07059
2523.474,0.0819
2523.475,0.095745
2523.476,0.13494
2523.477,0.15795
2523.478,0.1638
2523.479,0.16652999999999998
2523.48,0.163215
2523.481,0.15756
2523.482,0.14235
2523.483,0.1404
2523.484,0.12207
2523.485,0.114075
2523.486,0.10296
2523.487,0.072735
2523.488,0.06435
2523.489,0.066495
2523.49,0.07683
2523.491,0.09126
2523.492,0.11622
2523.493,0.14508
2523.494,0.160095
2523.495,0.16575
2523.496,0.16419
2523.497,0.156975
2523.498,0.153855
2523.499,0.14547
2523.5,0.141375
2523.501,0.122655
2523.502,0.11232
2523.503,0.097695
2523.504,0.070785
2523.505,0.0624
2523.506,0.070785
2523.507,0.078975
2523.508,0.09516
2523.509,0.11895
2523.51,0.146445
2523.511,0.16302
2523.512,0.161655
2523.513,0.160485
2523.514,0.1638
2523.515,0.14547
2523.516,0.1404
2523.517,0.12831
2523.518,0.114855
2523.519,0.105105
2523.52,0.086775
2523.521,0.06903
2523.522,0.0624
2523.523,0.070395
2523.524,0.079365
2523.525,0.09555
2523.526,0.13299
2523.527,0.153855
2523.528,0.156975
2523.529,0.15795
2523.53,0.15950999999999999
2523.531,0.15405
2523.532,0.145665
2523.533,0.135135
2523.534,0.12012
2523.535,0.108225
2523.536,0.10374
2523.537,0.08112
2523.538,0.06435
2523.539,0.06552
2523.54,0.07683
2523.541,0.08931
2523.542,0.11622
2523.543,0.148395
2523.544,0.160095
2523.545,0.164775
2523.546,0.16731
2523.547,0.158535
2523.548,0.14625
2523.549,0.14449499999999998
2523.55,0.133575
2523.551,0.122655
2523.552,0.110175
2523.553,0.095745
2523.554,0.07878
2523.555,0.057915
2523.556,0.06435
2523.557,0.075075
2523.558,0.091455
2523.559,0.12246
2523.56,0.149565
2523.561,0.15483
2523.562,0.161655
2523.563,0.16731
2523.564,0.157755
2523.565,0.14859
2523.566,0.142935
2523.567,0.128895
2523.568,0.119535
2523.569,0.108615
2523.57,0.08814
2523.571,0.07059
2523.572,0.062595
2523.573,0.07293
2523.574,0.08307
2523.575,0.096525
2523.576,0.13923
2523.577,0.160095
2523.578,0.169455
2523.579,0.167895
2523.58,0.16536
2523.581,0.1638
2523.582,0.153855
2523.583,0.14547
2523.584,0.12986999999999999
2523.585,0.12050999999999999
2523.586,0.10881
2523.587,0.09126
2523.588,0.07293
2523.589,0.078975
2523.59,0.089895
2523.591,0.09867
2523.592,0.12421499999999999
2523.593,0.15366
2523.594,0.171015
2523.595,0.171015
2523.596,0.17823
2523.597,0.1638
2523.598,0.16263
2523.599,0.149175
2523.6,0.147615
2523.601,0.128115
2523.602,0.11622
2523.603,0.107055
2523.604,0.08229
2523.605,0.069615
2523.606,0.07683
2523.607,0.08696999999999999
2523.608,0.103935
2523.609,0.12986999999999999
2523.61,0.16614
2523.611,0.16536
2523.612,0.17511
2523.613,0.17413499999999998
2523.614,0.166335
2523.615,0.15756
2523.616,0.153855
2523.617,0.14118
2523.618,0.126555
2523.619,0.11680499999999999
2523.62,0.097695
2523.621,0.073515
2523.622,0.07683
2523.623,0.085215
2523.624,0.09243
2523.625,0.10881
2523.626,0.146055
2523.627,0.16926
2523.628,0.18291
2523.629,0.18193499999999999
2523.63,0.175695
2523.631,0.17004
2523.632,0.15678
2523.633,0.15366
2523.634,0.133575
2523.635,0.12831
2523.636,0.12363
2523.637,0.09827999999999999
2523.638,0.079365
2523.639,0.080145
2523.64,0.095355
2523.641,0.103155
2523.642,0.133185
2523.643,0.16224
2523.644,0.1755
2523.645,0.18291
2523.646,0.17667
2523.647,0.179595
2523.648,0.1638
2523.649,0.16263
2523.65,0.15795
2523.651,0.136695
2523.652,0.12675
2523.653,0.11271
2523.654,0.09126
2523.655,0.084045
2523.656,0.08463
2523.657,0.097695
2523.658,0.110175
2523.659,0.146055
2523.66,0.168285
2523.661,0.185055
2523.662,0.18603
2523.663,0.183495
2523.664,0.183495
2523.665,0.17043
2523.666,0.156
2523.667,0.150735
2523.668,0.135135
2523.669,0.133575
2523.67,0.107835
2523.671,0.08892
2523.672,0.08696999999999999
2523.673,0.09126
2523.674,0.107055
2523.675,0.12070499999999999
2523.676,0.158535
2523.677,0.179205
2523.678,0.191295
2523.679,0.192465
2523.68,0.186225
2523.681,0.17862
2523.682,0.171015
2523.683,0.16224
2523.684,0.153855
2523.685,0.13884
2523.686,0.13143
2523.687,0.10686
2523.688,0.08326499999999999
2523.689,0.09243
2523.69,0.097695
2523.691,0.11388
2523.692,0.14118
2523.693,0.16575
2523.694,0.18798
2523.695,0.18895499999999998
2523.696,0.183495
2523.697,0.188175
2523.698,0.17784
2523.699,0.171015
2523.7,0.163995
2523.701,0.15054
2523.702,0.133575
2523.703,0.11934
2523.704,0.096135
2523.705,0.08892
2523.706,0.089505
2523.707,0.098865
2523.708,0.115635
2523.709,0.14547
2523.71,0.172575
2523.711,0.18486
2523.712,0.18798
2523.713,0.185055
2523.714,0.18291
2523.715,0.16809
2523.716,0.1638
2523.717,0.1482
2523.718,0.13884
2523.719,0.12675
2523.72,0.107055
2523.721,0.085215
2523.722,0.08307
2523.723,0.096135
2523.724,0.10374
2523.725,0.124995
2523.726,0.15678
2523.727,0.17628
2523.728,0.183105
2523.729,0.192075
2523.73,0.18525
2523.731,0.172575
2523.732,0.167505
2523.733,0.16419
2523.734,0.14742
2523.735,0.135525
2523.736,0.12714
2523.737,0.10296
2523.738,0.09126
2523.739,0.091455
2523.74,0.09633
2523.741,0.11388
2523.742,0.141375
2523.743,0.166335
2523.744,0.183105
2523.745,0.190515
2523.746,0.184275
2523.747,0.183495
2523.748,0.176475
2523.749,0.16614
2523.75,0.157755
2523.751,0.142935
2523.752,0.13299
2523.753,0.11271
2523.754,0.096135
2523.755,0.08307
2523.756,0.091455
2523.757,0.105105
2523.758,0.12031499999999999
2523.759,0.146055
2523.76,0.17823
2523.761,0.185055
2523.762,0.186615
2523.763,0.18914999999999998
2523.764,0.18173999999999998
2523.765,0.17238
2523.766,0.165555
2523.767,0.153465
2523.768,0.136305
2523.769,0.13104
2523.77,0.108225
2523.771,0.095355
2523.772,0.08541
2523.773,0.100815
2523.774,0.108225
2523.775,0.117195
2523.776,0.155415
2523.777,0.178815
2523.778,0.18525
2523.779,0.178815
2523.78,0.178815
2523.781,0.172575
2523.782,0.166335
2523.783,0.157755
2523.784,0.15132
2523.785,0.136695
2523.786,0.122655
2523.787,0.100035
2523.788,0.078975
2523.789,0.08619
2523.79,0.097695
2523.791,0.110175
2523.792,0.1287
2523.793,0.160485
2523.794,0.17355
2523.795,0.18096
2523.796,0.17901
2523.797,0.178425
2523.798,0.16419
2523.799,0.15795
2523.8,0.155025
2523.801,0.133185
2523.802,0.12714
2523.803,0.106275
2523.804,0.08307
2523.805,0.077025
2523.806,0.0819
2523.807,0.091455
2523.808,0.108225
2523.809,0.13884
2523.81,0.167895
2523.811,0.172575
2523.812,0.18291
2523.813,0.18173999999999998
2523.814,0.172965
2523.815,0.167505
2523.816,0.158145
2523.817,0.15132
2523.818,0.13299
2523.819,0.1248
2523.82,0.10257
2523.821,0.079365
2523.822,0.078975
2523.823,0.088335
2523.824,0.09808499999999999
2523.825,0.110175
2523.826,0.15190499999999998
2523.827,0.17706
2523.828,0.18173999999999998
2523.829,0.1833
2523.83,0.178815
2523.831,0.169455
2523.832,0.16224
2523.833,0.15229499999999999
2523.834,0.14118
2523.835,0.12792
2523.836,0.119535
2523.837,0.091455
2523.838,0.072735
2523.839,0.077415
2523.84,0.08892
2523.841,0.103155
2523.842,0.122655
2523.843,0.153855
2523.844,0.16536
2523.845,0.172575
2523.846,0.171015
2523.847,0.162435
2523.848,0.153075
2523.849,0.15190499999999998
2523.85,0.13611
2523.851,0.122655
2523.852,0.11427
2523.853,0.09086999999999999
2523.854,0.07585499999999999
2523.855,0.06552
2523.856,0.074685
2523.857,0.08307
2523.858,0.100815
2523.859,0.13299
2523.86,0.1599
2523.861,0.1638
2523.862,0.166335
2523.863,0.158535
2523.864,0.160095
2523.865,0.146445
2523.866,0.14118
2523.867,0.12675
2523.868,0.11427
2523.869,0.103935
2523.87,0.085605
2523.871,0.06747
2523.872,0.0624
2523.873,0.078195
2523.874,0.08385
2523.875,0.100815
2523.876,0.13923
2523.877,0.16614
2523.878,0.17199
2523.879,0.16302
2523.88,0.16224
2523.881,0.156975
2523.882,0.151515
2523.883,0.142935
2523.884,0.126945
2523.885,0.11660999999999999
2523.886,0.11309999999999999
2523.887,0.082095
2523.888,0.08112
2523.889,0.070395
2523.89,0.08307
2523.891,0.100035
2523.892,0.121875
2523.893,0.148395
2523.894,0.165945
2523.895,0.170235
2523.896,0.17043
2523.897,0.169455
2523.898,0.16302
2523.899,0.1482
2523.9,0.142935
2523.901,0.13299
2523.902,0.116415
2523.903,0.103935
2523.904,0.08307
2523.905,0.076635
2523.906,0.08268
2523.907,0.085215
2523.908,0.10549499999999999
2523.909,0.136305
2523.91,0.15795
2523.911,0.17043
2523.912,0.178815
2523.913,0.17862
2523.914,0.170625
2523.915,0.15970499999999999
2523.916,0.1599
2523.917,0.14547
2523.918,0.12675
2523.919,0.12050999999999999
2523.92,0.100035
2523.921,0.086775
2523.922,0.073905
2523.923,0.086385
2523.924,0.09984
2523.925,0.116415
2523.926,0.150735
2523.927,0.16731
2523.928,0.18252
2523.929,0.178815
2523.93,0.171795
2523.931,0.16672499999999998
2523.932,0.16029
2523.933,0.151515
2523.934,0.133575
2523.935,0.1248
2523.936,0.12031499999999999
2523.937,0.090285
2523.938,0.078975
2523.939,0.08112
2523.94,0.09126
2523.941,0.10803
2523.942,0.12909
2523.943,0.157755
2523.944,0.171015
2523.945,0.176475
2523.946,0.178815
2523.947,0.175695
2523.948,0.163215
2523.949,0.160095
2523.95,0.147615
2523.951,0.136305
2523.952,0.125775
2523.953,0.10764
2523.954,0.083655
2523.955,0.073905
2523.956,0.08307
2523.957,0.097695
2523.958,0.110175
2523.959,0.1404
2523.96,0.166335
2523.961,0.17043
2523.962,0.1755
2523.963,0.17862
2523.964,0.171015
2523.965,0.166335
2523.966,0.15288
2523.967,0.14235
2523.968,0.13299
2523.969,0.12129
2523.97,0.100035
2523.971,0.0819
2523.972,0.07683
2523.973,0.09048
2523.974,0.096525
2523.975,0.121095
2523.976,0.14937
2523.977,0.1755
2523.978,0.18252
2523.979,0.17862
2523.98,0.175695
2523.981,0.16731
2523.982,0.15756
2523.983,0.15405
2523.984,0.141375
2523.985,0.125775
2523.986,0.116415
2523.987,0.091455
2523.988,0.078975
2523.989,0.085215
2523.99,0.095355
2523.991,0.112515
2523.992,0.133185
2523.993,0.16185
2523.994,0.17511
2523.995,0.17862
2523.996,0.17979
2523.997,0.176475
2523.998,0.167895
2523.999,0.16224
2524.0,0.149175
2524.001,0.14235
2524.002,0.12675
2524.003,0.103935
2524.004,0.08696999999999999
2524.005,0.078975
2524.006,0.08541
2524.007,0.095745
2524.008,0.110565
2524.009,0.142935
2524.01,0.166335
2524.011,0.172575
2524.012,0.17667
2524.013,0.175695
2524.014,0.166335
2524.015,0.161655
2524.016,0.149175
2524.017,0.13923
2524.018,0.127335
2524.019,0.12031499999999999
2524.02,0.10023
2524.021,0.07878
2524.022,0.072735
2524.023,0.08541
2524.024,0.100035
2524.025,0.114075
2524.026,0.149175
2524.027,0.17355
2524.028,0.176475
2524.029,0.175695
2524.03,0.17511
2524.031,0.167895
2524.032,0.158925
2524.033,0.145665
2524.034,0.13611
2524.035,0.11778
2524.036,0.11427
2524.037,0.09243
2524.038,0.07137
2524.039,0.07995
2524.04,0.095745
2524.041,0.107835
2524.042,0.1326
2524.043,0.15639
2524.044,0.16672499999999998
2524.045,0.17355
2524.046,0.176475
2524.047,0.169455
2524.048,0.163995
2524.049,0.15054
2524.05,0.147225
2524.051,0.1326
2524.052,0.1248
2524.053,0.10178999999999999
2524.054,0.08307
2524.055,0.072735
2524.056,0.085215
2524.057,0.09555
2524.058,0.11115
2524.059,0.14235
2524.06,0.166335
2524.061,0.170235
2524.062,0.17784
2524.063,0.172575
2524.064,0.17628
2524.065,0.158925
2524.066,0.14781
2524.067,0.14079
2524.068,0.122265
2524.069,0.116025
2524.07,0.09808499999999999
2524.071,0.07839
2524.072,0.078195
2524.073,0.08716499999999999
2524.074,0.101595
2524.075,0.11739
2524.076,0.147615
2524.077,0.17043
2524.078,0.178815
2524.079,0.178815
2524.08,0.172965
2524.081,0.167895
2524.082,0.15950999999999999
2524.083,0.148785
2524.084,0.14118
2524.085,0.127335
2524.086,0.116415
2524.087,0.09126
2524.088,0.08151
2524.089,0.086775
2524.09,0.091455
2524.091,0.103935
2524.092,0.13377
2524.093,0.160095
2524.094,0.17355
2524.095,0.17862
2524.096,0.17784
2524.097,0.170235
2524.098,0.16731
2524.099,0.15170999999999998
2524.1,0.14625
2524.101,0.13104
2524.102,0.11739
2524.103,0.10608
2524.104,0.079365
2524.105,0.07293
2524.106,0.086385
2524.107,0.09243
2524.108,0.10764
2524.109,0.145665
2524.11,0.1638
2524.111,0.17043
2524.112,0.17823
2524.113,0.167505
2524.114,0.166335
2524.115,0.15834
2524.116,0.15327
2524.117,0.141375
2524.118,0.128895
2524.119,0.117975
2524.12,0.095745
2524.121,0.07214999999999999
2524.122,0.066495
2524.123,0.08307
2524.124,0.093405
2524.125,0.114075
2524.126,0.142545
2524.127,0.169455
2524.128,0.170235
2524.129,0.171015
2524.13,0.16887
2524.131,0.158145
2524.132,0.15795
2524.133,0.140595
2524.134,0.122655
2524.135,0.116415
2524.136,0.10803
2524.137,0.078975
2524.138,0.07059
2524.139,0.07059
2524.14,0.08307
2524.141,0.09555
2524.142,0.128115
2524.143,0.153855
2524.144,0.1638
2524.145,0.17043
2524.146,0.167505
2524.147,0.16029
2524.148,0.15405
2524.149,0.146055
2524.15,0.13533
2524.151,0.116415
2524.152,0.116415
2524.153,0.09321
2524.154,0.07839
2524.155,0.07059
2524.156,0.07878
2524.157,0.08931
2524.158,0.1014
2524.159,0.128895
2524.16,0.160485
2524.161,0.163215
2524.162,0.17043
2524.163,0.166335
2524.164,0.165555
2524.165,0.15366
2524.166,0.146055
2524.167,0.133185
2524.168,0.12792
2524.169,0.11427
2524.17,0.09516
2524.171,0.069615
2524.172,0.07722
2524.173,0.081315
2524.174,0.09457499999999999
2524.175,0.11115
2524.176,0.142935
2524.177,0.16068
2524.178,0.175695
2524.179,0.172575
2524.18,0.167505
2524.181,0.160485
2524.182,0.15170999999999998
2524.183,0.14586
2524.184,0.124995
2524.185,0.11739
2524.186,0.107055
2524.187,0.078195
2524.188,0.06942
2524.189,0.072735
2524.19,0.078195
2524.191,0.095355
2524.192,0.117975
2524.193,0.148395
2524.194,0.16731
2524.195,0.169455
2524.196,0.172575
2524.197,0.1638
2524.198,0.15678
2524.199,0.146055
2524.2,0.128895
2524.201,0.12012
2524.202,0.110175
2524.203,0.08931
2524.204,0.068055
2524.205,0.063375
2524.206,0.07527
2524.207,0.082875
2524.208,0.097695
2524.209,0.13143
2524.21,0.15717
2524.211,0.15717
2524.212,0.162435
2524.213,0.16419
2524.214,0.15639
2524.215,0.145275
2524.216,0.140595
2524.217,0.12636
2524.218,0.11739
2524.219,0.10608
2524.22,0.08307
2524.221,0.069615
2524.222,0.0624
2524.223,0.071565
2524.224,0.088335
2524.225,0.10608
2524.226,0.136695
2524.227,0.153075
2524.228,0.149955
2524.229,0.158535
2524.23,0.14859
2524.231,0.14235
2524.232,0.136695
2524.233,0.126945
2524.234,0.11232
2524.235,0.103935
2524.236,0.093015
2524.237,0.07059
2524.238,0.054015
2524.239,0.058304999999999996
2524.24,0.06844499999999999
2524.241,0.085215
2524.242,0.111345
2524.243,0.14118
2524.244,0.15678
2524.245,0.153855
2524.246,0.14937
2524.247,0.147615
2524.248,0.141375
2524.249,0.132015
2524.25,0.117975
2524.251,0.107835
2524.252,0.09555
2524.253,0.079365
2524.254,0.054015
2524.255,0.04563
2524.256,0.05616
2524.257,0.066495
2524.258,0.0819
2524.259,0.12012
2524.26,0.14079
2524.261,0.14118
2524.262,0.153075
2524.263,0.15366
2524.264,0.141765
2524.265,0.133575
2524.266,0.12831
2524.267,0.105105
2524.268,0.0975
2524.269,0.086775
2524.27,0.06747
2524.271,0.047775
2524.272,0.05187
2524.273,0.058695
2524.274,0.078195
2524.275,0.09437999999999999
2524.276,0.12675
2524.277,0.139815
2524.278,0.14859
2524.279,0.14742
2524.28,0.14235
2524.281,0.1404
2524.282,0.130065
2524.283,0.12050999999999999
2524.284,0.10608
2524.285,0.09126
2524.286,0.09126
2524.287,0.06279
2524.288,0.04992
2524.289,0.051675
2524.29,0.063375
2524.291,0.073515
2524.292,0.10178999999999999
2524.293,0.132795
2524.294,0.14586
2524.295,0.148785
2524.296,0.149175
2524.297,0.14742
2524.298,0.13611
2524.299,0.12636
2524.3,0.11934
2524.301,0.09984
2524.302,0.09086999999999999
2524.303,0.07254
2524.304,0.057135
2524.305,0.05304
2524.306,0.064545
2524.307,0.072735
2524.308,0.08619
2524.309,0.11739
2524.31,0.143325
2524.311,0.150735
2524.312,0.15795
2524.313,0.157755
2524.314,0.14547
2524.315,0.141375
2524.316,0.1326
2524.317,0.12168
2524.318,0.108615
2524.319,0.10374
2524.32,0.070785
2524.321,0.05694
2524.322,0.06123
2524.323,0.07371
2524.324,0.08541
2524.325,0.11544
2524.326,0.14235
2524.327,0.16224
2524.328,0.166335
2524.329,0.168285
2524.33,0.16146
2524.331,0.153855
2524.332,0.145275
2524.333,0.13923
2524.334,0.126555
2524.335,0.11680499999999999
2524.336,0.10764
2524.337,0.08307
2524.338,0.07059
2524.339,0.078
2524.34,0.08151
2524.341,0.09984
2524.342,0.128895
2524.343,0.15678
2524.344,0.17004
2524.345,0.171015
2524.346,0.17667
2524.347,0.16302
2524.348,0.160095
2524.349,0.147615
2524.35,0.142155
2524.351,0.12636
2524.352,0.116415
2524.353,0.096135
2524.354,0.07566
2524.355,0.06825
2524.356,0.079365
2524.357,0.085215
2524.358,0.110175
2524.359,0.133185
2524.36,0.162435
2524.361,0.17082
2524.362,0.170625
2524.363,0.170625
2524.364,0.158535
2524.365,0.15639
2524.366,0.148005
2524.367,0.13806
2524.368,0.12363
2524.369,0.116415
2524.37,0.09048
2524.371,0.075075
2524.372,0.071175
2524.373,0.083655
2524.374,0.095745
2524.375,0.12050999999999999
2524.376,0.149175
2524.377,0.16965
2524.378,0.178815
2524.379,0.17862
2524.38,0.166335
2524.381,0.165555
2524.382,0.151515
2524.383,0.14079
2524.384,0.12558
2524.385,0.12070499999999999
2524.386,0.107055
2524.387,0.085605
2524.388,0.07371
2524.389,0.082095
2524.39,0.08775
2524.391,0.10062
2524.392,0.1248
2524.393,0.1599
2524.394,0.176865
2524.395,0.171015
2524.396,0.173745
2524.397,0.166335
2524.398,0.16302
2524.399,0.15639
2524.4,0.141375
2524.401,0.13143
2524.402,0.128895
2524.403,0.101595
2524.404,0.08307
2524.405,0.07917
2524.406,0.085215
2524.407,0.09867
2524.408,0.11427
2524.409,0.149175
2524.41,0.17511
2524.411,0.176865
2524.412,0.18291
2524.413,0.178815
2524.414,0.17043
2524.415,0.163215
2524.416,0.157755
2524.417,0.13611
2524.418,0.13143
2524.419,0.11544
2524.42,0.09711
2524.421,0.07839
2524.422,0.078975
2524.423,0.08931
2524.424,0.103935
2524.425,0.125775
2524.426,0.15795
2524.427,0.171015
2524.428,0.181155
2524.429,0.179205
2524.43,0.171405
2524.431,0.1638
2524.432,0.157755
2524.433,0.145665
2524.434,0.12831
2524.435,0.11934
2524.436,0.11309999999999999
2524.437,0.085215
2524.438,0.070785
2524.439,0.07488
2524.44,0.086775
2524.441,0.103935
2524.442,0.12675
2524.443,0.15678
2524.444,0.169455
2524.445,0.16575
2524.446,0.16672499999999998
2524.447,0.16536
2524.448,0.15795
2524.449,0.145665
2524.45,0.135135
2524.451,0.121095
2524.452,0.11309999999999999
2524.453,0.09633
2524.454,0.07683
2524.455,0.073125
2524.456,0.07839
2524.457,0.091455
2524.458,0.108225
2524.459,0.145275
2524.46,0.162435
2524.461,0.171015
2524.462,0.17823
2524.463,0.167505
2524.464,0.167505
2524.465,0.16224
2524.466,0.153075
2524.467,0.133185
2524.468,0.126555
2524.469,0.116415
2524.47,0.093015
2524.471,0.078195
2524.472,0.082875
2524.473,0.085215
2524.474,0.10335
2524.475,0.12246
2524.476,0.156195
2524.477,0.175695
2524.478,0.17979
2524.479,0.181155
2524.48,0.171015
2524.481,0.16652999999999998
2524.482,0.15366
2524.483,0.15327
2524.484,0.13299
2524.485,0.12050999999999999
2524.486,0.10803
2524.487,0.08307
2524.488,0.074295
2524.489,0.08619
2524.49,0.09086999999999999
2524.491,0.108615
2524.492,0.13104
2524.493,0.16107
2524.494,0.166335
2524.495,0.17862
2524.496,0.1755
2524.497,0.17043
2524.498,0.164385
2524.499,0.15327
2524.5,0.134355
2524.501,0.12675
2524.502,0.11583
2524.503,0.095745
2524.504,0.07839
2524.505,0.072735
2524.506,0.082875
2524.507,0.08931
2524.508,0.107835
2524.509,0.141375
2524.51,0.16731
2524.511,0.17667
2524.512,0.175695
2524.513,0.17043
2524.514,0.15795
2524.515,0.15405
2524.516,0.14508
2524.517,0.1326
2524.518,0.1248
2524.519,0.108225
2524.52,0.09048
2524.521,0.071175
2524.522,0.072735
2524.523,0.082095
2524.524,0.093405
2524.525,0.116415
2524.526,0.15366
2524.527,0.166335
2524.528,0.171015
2524.529,0.170625
2524.53,0.172575
2524.531,0.161265
2524.532,0.156975
2524.533,0.14703
2524.534,0.12636
2524.535,0.1248
2524.536,0.107835
2524.537,0.08385
2524.538,0.070395
2524.539,0.08034
2524.54,0.08541
2524.541,0.103935
2524.542,0.13182
2524.543,0.15639
2524.544,0.163215
2524.545,0.173355
2524.546,0.16652999999999998
2524.547,0.163215
2524.548,0.158535
2524.549,0.15015
2524.55,0.13143
2524.551,0.122655
2524.552,0.111735
2524.553,0.09516
2524.554,0.076635
2524.555,0.066495
2524.556,0.073905
2524.557,0.085215
2524.558,0.10335
2524.559,0.14235
2524.56,0.16107
2524.561,0.16887
2524.562,0.167895
2524.563,0.16536
2524.564,0.160095
2524.565,0.15170999999999998
2524.566,0.14703
2524.567,0.12831
2524.568,0.11544
2524.569,0.10764
2524.57,0.078975
2524.571,0.06045
2524.572,0.06903
2524.573,0.078975
2524.574,0.09243
2524.575,0.11680499999999999
2524.576,0.14781
2524.577,0.166335
2524.578,0.170625
2524.579,0.166335
2524.58,0.163995
2524.581,0.15483
2524.582,0.147615
2524.583,0.141765
2524.584,0.12012
2524.585,0.11388
2524.586,0.097695
2524.587,0.067665
2524.588,0.05811
2524.589,0.06669
2524.59,0.078
2524.591,0.088335
2524.592,0.12050999999999999
2524.593,0.149175
2524.594,0.16107
2524.595,0.16614
2524.596,0.15950999999999999
2524.597,0.156
2524.598,0.147615
2524.599,0.14118
2524.6,0.131235
2524.601,0.121095
2524.602,0.10958999999999999
2524.603,0.088335
2524.604,0.071565
2524.605,0.06747
2524.606,0.078975
2524.607,0.083655
2524.608,0.09867
2524.609,0.1404
2524.61,0.1638
2524.611,0.166335
2524.612,0.16809
2524.613,0.164775
2524.614,0.15795
2524.615,0.147615
2524.616,0.141375
2524.617,0.128895
2524.618,0.11427
2524.619,0.11271
2524.62,0.08307
2524.621,0.066105
2524.622,0.07059
2524.623,0.072735
2524.624,0.091455
2524.625,0.114855
2524.626,0.147615
2524.627,0.1599
2524.628,0.16419
2524.629,0.16575
2524.63,0.15795
2524.631,0.14781
2524.632,0.14118
2524.633,0.132795
2524.634,0.11680499999999999
2524.635,0.10764
2524.636,0.09555
2524.637,0.071175
2524.638,0.062595
2524.639,0.068055
2524.64,0.082875
2524.641,0.092625
2524.642,0.11934
2524.643,0.14547
2524.644,0.160095
2524.645,0.160875
2524.646,0.158145
2524.647,0.15795
2524.648,0.146055
2524.649,0.138255
2524.65,0.1287
2524.651,0.11309999999999999
2524.652,0.101595
2524.653,0.08307
2524.654,0.066495
2524.655,0.06006
2524.656,0.070785
2524.657,0.076635
2524.658,0.093405
2524.659,0.131235
2524.66,0.153855
2524.661,0.156975
2524.662,0.160485
2524.663,0.16224
2524.664,0.14859
2524.665,0.146055
2524.666,0.139035
2524.667,0.1248
2524.668,0.11309999999999999
2524.669,0.103935
2524.67,0.078975
2524.671,0.0663
2524.672,0.06279
2524.673,0.072735
2524.674,0.08892
2524.675,0.11427
2524.676,0.14352
2524.677,0.15834
2524.678,0.15795
2524.679,0.15756
2524.68,0.15405
2524.681,0.15170999999999998
2524.682,0.14118
2524.683,0.132795
2524.684,0.11388
2524.685,0.106275
2524.686,0.08931
2524.687,0.066495
2524.688,0.058304999999999996
2524.689,0.06747
2524.69,0.078195
2524.691,0.086775
2524.692,0.11622
2524.693,0.147615
2524.694,0.15795
2524.695,0.15795
2524.696,0.156
2524.697,0.14547
2524.698,0.142935
2524.699,0.133965
2524.7,0.117975
2524.701,0.11329499999999999
2524.702,0.10374
2524.703,0.08307
2524.704,0.05811
2524.705,0.05811
2524.706,0.06552
2524.707,0.074295
2524.708,0.08814
2524.709,0.130455
2524.71,0.15288
2524.711,0.16224
2524.712,0.15756
2524.713,0.155025
2524.714,0.14547
2524.715,0.13455
2524.716,0.12675
2524.717,0.11427
2524.718,0.103935
2524.719,0.08716499999999999
2524.72,0.0702
2524.721,0.054015
2524.722,0.054794999999999996
2524.723,0.06279
2524.724,0.08151
2524.725,0.107835
2524.726,0.13299
2524.727,0.149175
2524.728,0.15756
2524.729,0.153855
2524.73,0.146445
2524.731,0.136695
2524.732,0.12986999999999999
2524.733,0.1326
2524.734,0.10647
2524.735,0.10335
2524.736,0.083655
2524.737,0.057915
2524.738,0.046605
2524.739,0.0624
2524.74,0.069615
2524.741,0.085215
2524.742,0.10803
2524.743,0.136695
2524.744,0.148005
2524.745,0.145275
2524.746,0.14781
2524.747,0.141375
2524.748,0.13455
2524.749,0.124995
2524.75,0.106275
2524.751,0.09984
2524.752,0.084045
2524.753,0.065715
2524.754,0.04329
2524.755,0.04251
2524.756,0.05499
2524.757,0.070785
2524.758,0.08307
2524.759,0.12031499999999999
2524.76,0.135135
2524.761,0.14235
2524.762,0.148005
2524.763,0.141375
2524.764,0.136695
2524.765,0.132795
2524.766,0.12070499999999999
2524.767,0.10803
2524.768,0.097695
2524.769,0.09457499999999999
2524.77,0.07059
2524.771,0.047775
2524.772,0.05811
2524.773,0.058304999999999996
2524.774,0.082095
2524.775,0.106275
2524.776,0.132015
2524.777,0.15132
2524.778,0.156585
2524.779,0.153855
2524.78,0.14859
2524.781,0.139035
2524.782,0.132795
2524.783,0.12675
2524.784,0.10413
2524.785,0.10178999999999999
2524.786,0.088335
2524.787,0.066495
2524.788,0.05772
2524.789,0.064155
2524.79,0.074295
2524.791,0.09086999999999999
2524.792,0.12012
2524.793,0.14313
2524.794,0.15132
2524.795,0.162435
2524.796,0.15405
2524.797,0.14703
2524.798,0.141375
2524.799,0.135135
2524.8,0.126555
2524.801,0.110175
2524.802,0.103935
2524.803,0.091455
2524.804,0.066495
2524.805,0.058304999999999996
2524.806,0.07059
2524.807,0.08619
2524.808,0.10296
2524.809,0.14118
2524.81,0.15873
2524.811,0.170625
2524.812,0.1638
2524.813,0.166335
2524.814,0.156
2524.815,0.14859
2524.816,0.13884
2524.817,0.1248
2524.818,0.11427
2524.819,0.10803
2524.82,0.084045
2524.821,0.071565
2524.822,0.072735
2524.823,0.078975
2524.824,0.091455
2524.825,0.119535
2524.826,0.15170999999999998
2524.827,0.15639
2524.828,0.16302
2524.829,0.16926
2524.83,0.158925
2524.831,0.15366
2524.832,0.14079
2524.833,0.133575
2524.834,0.116415
2524.835,0.107055
2524.836,0.086385
2524.837,0.066885
2524.838,0.05772
2524.839,0.066495
2524.84,0.078195
2524.841,0.09555
2524.842,0.12050999999999999
2524.843,0.15132
2524.844,0.156975
2524.845,0.15950999999999999
2524.846,0.15756
2524.847,0.145275
2524.848,0.142155
2524.849,0.12986999999999999
2524.85,0.117585
2524.851,0.10803
2524.852,0.096525
2524.853,0.07585499999999999
2524.854,0.058695
2524.855,0.045825
2524.856,0.06123
2524.857,0.07371
2524.858,0.08931
2524.859,0.1248
2524.86,0.13806
2524.861,0.147615
2524.862,0.14859
2524.863,0.141375
2524.864,0.141375
2524.865,0.12636
2524.866,0.1248
2524.867,0.10803
2524.868,0.095745
2524.869,0.08716499999999999
2524.87,0.065715
2524.871,0.05187
2524.872,0.047189999999999996
2524.873,0.06279
2524.874,0.070785
2524.875,0.100035
2524.876,0.128115
2524.877,0.14118
2524.878,0.140595
2524.879,0.147615
2524.88,0.14449499999999998
2524.881,0.128895
2524.882,0.12636
2524.883,0.12012
2524.884,0.098865
2524.885,0.09067499999999999
2524.886,0.072735
2524.887,0.050115
2524.888,0.042705
2524.889,0.05382
2524.89,0.057915
2524.891,0.07683
2524.892,0.102375
2524.893,0.12986999999999999
2524.894,0.132015
2524.895,0.13611
2524.896,0.13299
2524.897,0.13182
2524.898,0.12050999999999999
2524.899,0.116415
2524.9,0.1014
2524.901,0.09126
2524.902,0.076635
2524.903,0.05772
2524.904,0.035295
2524.905,0.029249999999999998
2524.906,0.043095
2524.907,0.048165
2524.908,0.071175
2524.909,0.10686
2524.91,0.12558
2524.911,0.132015
2524.912,0.130455
2524.913,0.12986999999999999
2524.914,0.11427
2524.915,0.11309999999999999
2524.916,0.103155
2524.917,0.09086999999999999
2524.918,0.082095
2524.919,0.073125
2524.92,0.04134
2524.921,0.025155
2524.922,0.032955
2524.923,0.041535
2524.924,0.051675
2524.925,0.08696999999999999
2524.926,0.10842
2524.927,0.12636
2524.928,0.135135
2524.929,0.135135
2524.93,0.12401999999999999
2524.931,0.12012
2524.932,0.11329499999999999
2524.933,0.09984
2524.934,0.085605
2524.935,0.077025
2524.936,0.059085
2524.937,0.035295
2524.938,0.02886
2524.939,0.036465
2524.94,0.04563
2524.941,0.06279
2524.942,0.09555
2524.943,0.11680499999999999
2524.944,0.12831
2524.945,0.128895
2524.946,0.13299
2524.947,0.11660999999999999
2524.948,0.116415
2524.949,0.107055
2524.95,0.09086999999999999
2524.951,0.07878
2524.952,0.067665
2524.953,0.048165
2524.954,0.026715
2524.955,0.02691
2524.956,0.034125
2524.957,0.05304
2524.958,0.067275
2524.959,0.105105
2524.96,0.131235
2524.961,0.13611
2524.962,0.136305
2524.963,0.125775
2524.964,0.1248
2524.965,0.11583
2524.966,0.103935
2524.967,0.092625
2524.968,0.07995
2524.969,0.073125
2524.97,0.050115
2524.971,0.039195
2524.972,0.041729999999999996
2524.973,0.05382
2524.974,0.068055
2524.975,0.097695
2524.976,0.116415
2524.977,0.133575
2524.978,0.132795
2524.979,0.13221
2524.98,0.128895
2524.981,0.12031499999999999
2524.982,0.116415
2524.983,0.107835
2524.984,0.09048
2524.985,0.08112
2524.986,0.06435
2524.987,0.04095
2524.988,0.040755
2524.989,0.043095
2524.99,0.06006
2524.991,0.0702
2524.992,0.101595
2524.993,0.1287
2524.994,0.130065
2524.995,0.13455
2524.996,0.132795
2524.997,0.128895
2524.998,0.125775
2524.999,0.11622
2525.0,0.10764
2525.001,0.08931
2525.002,0.080535
2525.003,0.058695
2525.004,0.03939
2525.005,0.04134
2525.006,0.047775
2525.007,0.05733
2525.008,0.076635
2525.009,0.11232
2525.01,0.13143
2525.011,0.136305
2525.012,0.13455
2525.013,0.129285
2525.014,0.125775
2525.015,0.11583
2525.016,0.106275
2525.017,0.093015
2525.018,0.085215
2525.019,0.080145
2525.02,0.054015
2525.021,0.035295
2525.022,0.03939
2525.023,0.047775
2525.024,0.060254999999999996
2525.025,0.09243
2525.026,0.12070499999999999
2525.027,0.12675
2525.028,0.13747499999999999
2525.029,0.135525
2525.03,0.13299
2525.031,0.12792
2525.032,0.11622
2525.033,0.10803
2525.034,0.095745
2525.035,0.084045
2525.036,0.06396
2525.037,0.046995
2525.038,0.039975
2525.039,0.047775
2525.04,0.058304999999999996
2525.041,0.071175
2525.042,0.107055
2525.043,0.13494
2525.044,0.132795
2525.045,0.141375
2525.046,0.141375
2525.047,0.132795
2525.048,0.13104
2525.049,0.11739
2525.05,0.10803
2525.051,0.09555
2525.052,0.085215
2525.053,0.0702
2525.054,0.047189999999999996
2525.055,0.045434999999999996
2525.056,0.04992
2525.057,0.066495
2525.058,0.08307
2525.059,0.117975
2525.06,0.13708499999999998
2525.061,0.14547
2525.062,0.148785
2525.063,0.141375
2525.064,0.135135
2525.065,0.128895
2525.066,0.11622
2525.067,0.106275
2525.068,0.091845
2525.069,0.08619
2525.07,0.058695
2525.071,0.039195
2525.072,0.043095
2525.073,0.061815
2525.074,0.07585499999999999
2525.075,0.10491
2525.076,0.135135
2525.077,0.14547
2525.078,0.15366
2525.079,0.147615
2525.08,0.14547
2525.081,0.136305
2525.082,0.122655
2525.083,0.11427
2525.084,0.103935
2525.085,0.09048
2525.086,0.07683
2525.087,0.054015
2525.088,0.04563
2525.089,0.064155
2525.09,0.065715
2525.091,0.08307
2525.092,0.11329499999999999
2525.093,0.139815
2525.094,0.147615
2525.095,0.153075
2525.096,0.15366
2525.097,0.14274
2525.098,0.138255
2525.099,0.131235
2525.1,0.11622
2525.101,0.10803
2525.102,0.09984
2525.103,0.082875
2525.104,0.05772
2525.105,0.058304999999999996
2525.106,0.072735
2525.107,0.08112
2525.108,0.10198499999999999
2525.109,0.133575
2525.11,0.160095
2525.111,0.16419
2525.112,0.166335
2525.113,0.158535
2525.114,0.156975
2525.115,0.146445
2525.116,0.13923
2525.117,0.12675
2525.118,0.11739
2525.119,0.11427
2525.12,0.08307
2525.121,0.06903
2525.122,0.07371
2525.123,0.085215
2525.124,0.10062
2525.125,0.13182
2525.126,0.15795
2525.127,0.172575
2525.128,0.176475
2525.129,0.172575
2525.13,0.171015
2525.131,0.15795
2525.132,0.15327
2525.133,0.14508
2525.134,0.128895
2525.135,0.12070499999999999
2525.136,0.10296
2525.137,0.085215
2525.138,0.07761
2525.139,0.085215
2525.14,0.09243
2525.141,0.11544
2525.142,0.145665
2525.143,0.17667
2525.144,0.17823
2525.145,0.18291
2525.146,0.17784
2525.147,0.17667
2525.148,0.15795
2525.149,0.15950999999999999
2525.15,0.141375
2525.151,0.13611
2525.152,0.11739
2525.153,0.09789
2525.154,0.08268
2525.155,0.082095
2525.156,0.09243
2525.157,0.10491
2525.158,0.12070499999999999
2525.159,0.156975
2525.16,0.172575
2525.161,0.1794
2525.162,0.18096
2525.163,0.178035
2525.164,0.173745
2525.165,0.1638
2525.166,0.15170999999999998
2525.167,0.139035
2525.168,0.1287
2525.169,0.13182
2525.17,0.097695
2525.171,0.08541
2525.172,0.09555
2525.173,0.1014
2525.174,0.12031499999999999
2525.175,0.141375
2525.176,0.17004
2525.177,0.181155
2525.178,0.183885
2525.179,0.19032
2525.18,0.178815
2525.181,0.169455
2525.182,0.17043
2525.183,0.15170999999999998
2525.184,0.135915
2525.185,0.132015
2525.186,0.11427
2525.187,0.09048
2525.188,0.07975499999999999
2525.189,0.09555
2525.19,0.11232
2525.191,0.122655
2525.192,0.15678
2525.193,0.178815
2525.194,0.18369
2525.195,0.18603
2525.196,0.185055
2525.197,0.1833
2525.198,0.17355
2525.199,0.17043
2525.2,0.156975
2525.201,0.142545
2525.202,0.13611
2525.203,0.11544
2525.204,0.09555
2525.205,0.09789
2525.206,0.11115
2525.207,0.12050999999999999
2525.208,0.142155
2525.209,0.17316
2525.21,0.192855
2525.211,0.202995
2525.212,0.201435
2525.213,0.201435
2525.214,0.183105
2525.215,0.18486
2525.216,0.1755
2525.217,0.163995
2525.218,0.15483
2525.219,0.145275
2525.22,0.11622
2525.221,0.10413
2525.222,0.10803
2525.223,0.1248
2525.224,0.136695
2525.225,0.1638
2525.226,0.1911
2525.227,0.2067
2525.228,0.207285
2525.229,0.213915
2525.23,0.20319
2525.231,0.192855
2525.232,0.185055
2525.233,0.18193499999999999
2525.234,0.16536
2525.235,0.153855
2525.236,0.13611
2525.237,0.110175
2525.238,0.110175
2525.239,0.116415
2525.24,0.12675
2525.241,0.14508
2525.242,0.171015
2525.243,0.20357999999999998
2525.244,0.2067
2525.245,0.207675
2525.246,0.208455
2525.247,0.20319
2525.248,0.197535
2525.249,0.183885
2525.25,0.172575
2525.251,0.158925
2525.252,0.150735
2525.253,0.132015
2525.254,0.116415
2525.255,0.10803
2525.256,0.122655
2525.257,0.135135
2525.258,0.151515
2525.259,0.18252
2525.26,0.20319
2525.261,0.20982
2525.262,0.20748
2525.263,0.21079499999999998
2525.264,0.191685
2525.265,0.18895499999999998
2525.266,0.182715
2525.267,0.16536
2525.268,0.15795
2525.269,0.14547
2525.27,0.125775
2525.271,0.10803
2525.272,0.10803
2525.273,0.12050999999999999
2525.274,0.1326
2525.275,0.1599
2525.276,0.18603
2525.277,0.19851
2525.278,0.20163
2525.279,0.20046
2525.28,0.19968
2525.281,0.192855
2525.282,0.18193499999999999
2525.283,0.166335
2525.284,0.153855
2525.285,0.143715
2525.286,0.124995
2525.287,0.10413
2525.288,0.100035
2525.289,0.10335
2525.29,0.11466
2525.291,0.129285
2525.292,0.166335
2525.293,0.195195
2525.294,0.191685
2525.295,0.20631
2525.296,0.195975
2525.297,0.18914999999999998
2525.298,0.182715
2525.299,0.17355
2525.3,0.162435
2525.301,0.15170999999999998
2525.302,0.13923
2525.303,0.117975
2525.304,0.100035
2525.305,0.103935
2525.306,0.103935
2525.307,0.12636
2525.308,0.141765
2525.309,0.18096
2525.31,0.192855
2525.311,0.19539
2525.312,0.197535
2525.313,0.19851
2525.314,0.18603
2525.315,0.18173999999999998
2525.316,0.16575
2525.317,0.153855
2525.318,0.147615
2525.319,0.13299
2525.32,0.10686
2525.321,0.097695
2525.322,0.098865
2525.323,0.11037
2525.324,0.126555
2525.325,0.156975
2525.326,0.183885
2525.327,0.20007
2525.328,0.2028
2525.329,0.198705
2525.33,0.195975
2525.331,0.185055
2525.332,0.17862
2525.333,0.17043
2525.334,0.150735
2525.335,0.14625
2525.336,0.1287
2525.337,0.10178999999999999
2525.338,0.097695
2525.339,0.108225
2525.34,0.12168
2525.341,0.133185
2525.342,0.167505
2525.343,0.19149
2525.344,0.19539
2525.345,0.20319
2525.346,0.202995
2525.347,0.192855
2525.348,0.186615
2525.349,0.178815
2525.35,0.15931499999999998
2525.351,0.153075
2525.352,0.14313
2525.353,0.12050999999999999
2525.354,0.09867
2525.355,0.097695
2525.356,0.112515
2525.357,0.126555
2525.358,0.148785
2525.359,0.18193499999999999
2525.36,0.20124
2525.361,0.201435
2525.362,0.20377499999999998
2525.363,0.202995
2525.364,0.191295
2525.365,0.18369
2525.366,0.17199
2525.367,0.15795
2525.368,0.146055
2525.369,0.140595
2525.37,0.110565
2525.371,0.10296
2525.372,0.10178999999999999
2525.373,0.11427
2525.374,0.131235
2525.375,0.160095
2525.376,0.186225
2525.377,0.20592
2525.378,0.20475
2525.379,0.20377499999999998
2525.38,0.19968
2525.381,0.18914999999999998
2525.382,0.182715
2525.383,0.169455
2525.384,0.153855
2525.385,0.145665
2525.386,0.1248
2525.387,0.1014
2525.388,0.09243
2525.389,0.107055
2525.39,0.11680499999999999
2525.391,0.12967499999999998
2525.392,0.163215
2525.393,0.186615
2525.394,0.19539
2525.395,0.2028
2525.396,0.194415
2525.397,0.186615
2525.398,0.178815
2525.399,0.17277
2525.4,0.148785
2525.401,0.135135
2525.402,0.128895
2525.403,0.107055
2525.404,0.091845
2525.405,0.09165
2525.406,0.10491
2525.407,0.11388
2525.408,0.135525
2525.409,0.16731
2525.41,0.183495
2525.411,0.182715
2525.412,0.18291
2525.413,0.17862
2525.414,0.170235
2525.415,0.160095
2525.416,0.155415
2525.417,0.138255
2525.418,0.1287
2525.419,0.12558
2525.42,0.09165
2525.421,0.084045
2525.422,0.09165
2525.423,0.096135
2525.424,0.11115
2525.425,0.141375
2525.426,0.160095
2525.427,0.178815
2525.428,0.182715
2525.429,0.183495
2525.43,0.175695
2525.431,0.16887
2525.432,0.160095
2525.433,0.142935
2525.434,0.133185
2525.435,0.121095
2525.436,0.10608
2525.437,0.08151
2525.438,0.080145
2525.439,0.09067499999999999
2525.44,0.0975
2525.441,0.11680499999999999
2525.442,0.14859
2525.443,0.170235
2525.444,0.172575
2525.445,0.17862
2525.446,0.17784
2525.447,0.17238
2525.448,0.1599
2525.449,0.15366
2525.45,0.133965
2525.451,0.124995
2525.452,0.11622
2525.453,0.093015
2525.454,0.06903
2525.455,0.072735
2525.456,0.07683
2525.457,0.097695
2525.458,0.117585
2525.459,0.148005
2525.46,0.157755
2525.461,0.16731
2525.462,0.17355
2525.463,0.16926
2525.464,0.156
2525.465,0.147615
2525.466,0.135525
2525.467,0.125775
2525.468,0.11388
2525.469,0.100815
2525.47,0.07585499999999999
2525.471,0.066495
2525.472,0.070395
2525.473,0.082875
2525.474,0.08931
2525.475,0.11934
2525.476,0.147615
2525.477,0.16029
2525.478,0.16263
2525.479,0.160095
2525.48,0.156195
2525.481,0.14742
2525.482,0.135915
2525.483,0.126555
2525.484,0.107835
2525.485,0.10062
2525.486,0.083655
2525.487,0.065715
2525.488,0.053235
2525.489,0.07176
2525.49,0.082875
2525.491,0.09555
2525.492,0.128115
2525.493,0.15288
2525.494,0.166335
2525.495,0.16302
2525.496,0.15678
2525.497,0.15132
2525.498,0.145275
2525.499,0.13299
2525.5,0.121875
2525.501,0.11329499999999999
2525.502,0.098865
2525.503,0.085215
2525.504,0.060254999999999996
2525.505,0.064545
2525.506,0.07293
2525.507,0.091455
2525.508,0.107055
2525.509,0.141375
2525.51,0.15873
2525.511,0.162435
2525.512,0.16536
2525.513,0.15795
2525.514,0.142545
2525.515,0.14235
2525.516,0.1326
2525.517,0.11622
2525.518,0.104715
2525.519,0.093405
2525.52,0.072735
2525.521,0.05616
2525.522,0.0663
2525.523,0.072735
2525.524,0.08345999999999999
2525.525,0.117975
2525.526,0.13923
2525.527,0.150735
2525.528,0.158925
2525.529,0.15795
2525.53,0.148395
2525.531,0.141375
2525.532,0.132015
2525.533,0.119535
2525.534,0.110955
2525.535,0.097695
2525.536,0.083655
2525.537,0.0663
2525.538,0.050894999999999996
2525.539,0.060254999999999996
2525.54,0.070785
2525.541,0.08502
2525.542,0.121875
2525.543,0.147615
2525.544,0.147615
2525.545,0.145665
2525.546,0.147615
2525.547,0.136305
2525.548,0.132795
2525.549,0.124995
2525.55,0.114075
2525.551,0.09457499999999999
2525.552,0.086385
2525.553,0.06435
2525.554,0.047775
2525.555,0.042705
2525.556,0.05187
2525.557,0.063375
2525.558,0.09555
2525.559,0.119535
2525.56,0.13923
2525.561,0.14508
2525.562,0.14079
2525.563,0.136695
2525.564,0.13104
2525.565,0.121095
2525.566,0.11544
2525.567,0.096135
2525.568,0.086385
2525.569,0.07566
2525.57,0.05499
2525.571,0.04563
2525.572,0.048555
2525.573,0.066495
2525.574,0.08112
2525.575,0.116415
2525.576,0.13688999999999998
2525.577,0.147615
2525.578,0.153855
2525.579,0.14859
2525.58,0.14586
2525.581,0.139035
2525.582,0.129285
2525.583,0.12031499999999999
2525.584,0.10686
2525.585,0.097695
2525.586,0.074295
2525.587,0.052065
2525.588,0.04563
2525.589,0.061815
2525.59,0.06786
2525.591,0.08463
2525.592,0.117975
2525.593,0.14235
2525.594,0.15483
2525.595,0.147225
2525.596,0.14547
2525.597,0.14118
2525.598,0.13182
2525.599,0.12031499999999999
2525.6,0.106275
2525.601,0.095355
2525.602,0.086385
2525.603,0.06473999999999999
2525.604,0.050115
2525.605,0.0507
2525.606,0.056549999999999996
2525.607,0.06844499999999999
2525.608,0.10023
2525.609,0.12675
2525.61,0.14118
2525.611,0.14547
2525.612,0.148005
2525.613,0.142155
2525.614,0.13533
2525.615,0.130065
2525.616,0.12558
2525.617,0.107055
2525.618,0.09243
2525.619,0.08307
2525.62,0.063375
2525.621,0.051675
2525.622,0.05694
2525.623,0.065715
2525.624,0.07683
2525.625,0.107835
2525.626,0.13611
2525.627,0.14742
2525.628,0.15190499999999998
2525.629,0.148785
2525.63,0.146055
2525.631,0.13299
2525.632,0.12129
2525.633,0.10803
2525.634,0.10023
2525.635,0.09165
2525.636,0.07059
2525.637,0.05694
2525.638,0.053235
2525.639,0.05811
2525.64,0.06357
2525.641,0.08268
2525.642,0.117975
2525.643,0.14547
2525.644,0.15093
2525.645,0.15288
2525.646,0.14859
2525.647,0.14118
2525.648,0.133185
2525.649,0.12558
2525.65,0.11544
2525.651,0.101595
2525.652,0.093015
2525.653,0.07059
2525.654,0.050894999999999996
2525.655,0.060254999999999996
2525.656,0.0663
2525.657,0.0819
2525.658,0.10803
2525.659,0.1287
2525.66,0.149175
2525.661,0.158145
2525.662,0.15834
2525.663,0.155415
2525.664,0.14625
2525.665,0.14079
2525.666,0.14118
2525.667,0.117975
2525.668,0.110175
2525.669,0.0975
2525.67,0.08112
2525.671,0.06669
2525.672,0.06844499999999999
2525.673,0.08326499999999999
2525.674,0.093405
2525.675,0.12831
2525.676,0.15795
2525.677,0.15795
2525.678,0.16614
2525.679,0.1638
2525.68,0.15327
2525.681,0.14781
2525.682,0.14547
2525.683,0.128895
2525.684,0.11699999999999999
2525.685,0.11544
2525.686,0.091455
2525.687,0.07059
2525.688,0.066495
2525.689,0.07371
2525.69,0.08385
2525.691,0.095745
2525.692,0.13299
2525.693,0.158535
2525.694,0.15483
2525.695,0.153855
2525.696,0.156975
2525.697,0.14625
2525.698,0.136695
2525.699,0.135135
2525.7,0.121095
2525.701,0.10686
2525.702,0.103155
2525.703,0.072735
2525.704,0.060645
2525.705,0.0624
2525.706,0.066495
2525.707,0.08268
2525.708,0.10764
2525.709,0.13884
2525.71,0.151515
2525.711,0.15678
2525.712,0.15931499999999998
2525.713,0.153855
2525.714,0.143325
2525.715,0.133185
2525.716,0.126555
2525.717,0.10998
2525.718,0.097695
2525.719,0.086385
2525.72,0.0663
2525.721,0.05694
2525.722,0.05304
2525.723,0.066495
2525.724,0.08268
2525.725,0.110175
2525.726,0.141375
2525.727,0.14625
2525.728,0.151515
2525.729,0.148785
2525.73,0.145275
2525.731,0.133575
2525.732,0.1287
2525.733,0.117975
2525.734,0.10647
2525.735,0.093015
2525.736,0.07683
2525.737,0.060254999999999996
2525.738,0.047775
2525.739,0.066495
2525.74,0.07254
2525.741,0.08696999999999999
2525.742,0.122655
2525.743,0.142545
2525.744,0.156975
2525.745,0.15795
2525.746,0.149175
2525.747,0.14118
2525.748,0.13611
2525.749,0.12675
2525.75,0.114855
2525.751,0.103935
2525.752,0.091455
2525.753,0.07059
2525.754,0.05616
2525.755,0.054405
2525.756,0.069615
2525.757,0.07878
2525.758,0.107055
2525.759,0.13182
2525.76,0.149175
2525.761,0.15678
2525.762,0.157755
2525.763,0.15288
2525.764,0.142545
2525.765,0.133185
2525.766,0.13182
2525.767,0.114075
2525.768,0.10374
2525.769,0.08716499999999999
2525.77,0.07059
2525.771,0.060254999999999996
2525.772,0.066495
2525.773,0.077025
2525.774,0.092625
2525.775,0.124995
2525.776,0.14391
2525.777,0.158145
2525.778,0.16224
2525.779,0.158535
2525.78,0.15405
2525.781,0.146445
2525.782,0.140595
2525.783,0.12050999999999999
2525.784,0.110175
2525.785,0.103935
2525.786,0.084045
2525.787,0.059085
2525.788,0.0624
2525.789,0.07059
2525.79,0.078195
2525.791,0.097695
2525.792,0.13104
2525.793,0.153855
2525.794,0.15795
2525.795,0.16302
2525.796,0.158145
2525.797,0.146445
2525.798,0.145275
2525.799,0.13611
2525.8,0.12050999999999999
2525.801,0.11271
2525.802,0.097695
2525.803,0.07527
2525.804,0.058304999999999996
2525.805,0.06591
2525.806,0.071175
2525.807,0.085215
2525.808,0.107835
2525.809,0.14118
2525.81,0.15132
2525.811,0.157755
2525.812,0.15795
2525.813,0.148785
2525.814,0.140985
2525.815,0.13377
2525.816,0.128895
2525.817,0.107835
2525.818,0.09555
2525.819,0.086385
2525.82,0.05889
2525.821,0.051675
2525.822,0.06357
2525.823,0.068055
2525.824,0.08931
2525.825,0.12070499999999999
2525.826,0.147615
2525.827,0.156975
2525.828,0.161655
2525.829,0.15405
2525.83,0.147615
2525.831,0.141375
2525.832,0.13104
2525.833,0.11895
2525.834,0.110175
2525.835,0.09789
2525.836,0.08345999999999999
2525.837,0.06318
2525.838,0.05694
2525.839,0.066495
2525.84,0.0819
2525.841,0.092625
2525.842,0.12519
2525.843,0.15366
2525.844,0.157755
2525.845,0.16224
2525.846,0.15756
2525.847,0.14859
2525.848,0.142935
2525.849,0.135525
2525.85,0.11895
2525.851,0.115635
2525.852,0.095745
2525.853,0.07722
2525.854,0.058304999999999996
2525.855,0.06123
2525.856,0.072735
2525.857,0.08931
2525.858,0.117975
2525.859,0.141375
2525.86,0.156195
2525.861,0.158145
2525.862,0.161265
2525.863,0.163215
2525.864,0.149175
2525.865,0.14742
2525.866,0.139815
2525.867,0.12050999999999999
2525.868,0.116415
2525.869,0.103155
2525.87,0.074685
2525.871,0.06591
2525.872,0.074685
2525.873,0.08775
2525.874,0.096135
2525.875,0.13026
2525.876,0.156
2525.877,0.15795
2525.878,0.16302
2525.879,0.15795
2525.88,0.153855
2525.881,0.15170999999999998
2525.882,0.136695
2525.883,0.132015
2525.884,0.11622
2525.885,0.108225
2525.886,0.091455
2525.887,0.068055
2525.888,0.06747
2525.889,0.07585499999999999
2525.89,0.08931
2525.891,0.10764
2525.892,0.14079
2525.893,0.16302
2525.894,0.175695
2525.895,0.17667
2525.896,0.16419
2525.897,0.15795
2525.898,0.14781
2525.899,0.14547
2525.9,0.132795
2525.901,0.117975
2525.902,0.109005
2525.903,0.09243
2525.904,0.07585499999999999
2525.905,0.07585499999999999
2525.906,0.08541
2525.907,0.100815
2525.908,0.12792
2525.909,0.16224
2525.91,0.167895
2525.911,0.172575
2525.912,0.172575
2525.913,0.169455
2525.914,0.165555
2525.915,0.156
2525.916,0.14742
2525.917,0.13299
2525.918,0.12519
2525.919,0.101595
2525.92,0.086775
2525.921,0.07878
2525.922,0.08814
2525.923,0.09555
2525.924,0.110175
2525.925,0.14235
2525.926,0.169455
2525.927,0.17355
2525.928,0.180375
2525.929,0.178815
2525.93,0.171405
2525.931,0.16224
2525.932,0.156975
2525.933,0.14781
2525.934,0.13299
2525.935,0.12558
2525.936,0.103155
2525.937,0.08307
2525.938,0.081315
2525.939,0.08892
2525.94,0.10101
2525.941,0.116415
2525.942,0.149175
2525.943,0.17667
2525.944,0.18369
2525.945,0.17862
2525.946,0.178815
2525.947,0.17082
2525.948,0.167505
2525.949,0.14859
2525.95,0.14118
2525.951,0.12363
2525.952,0.117585
2525.953,0.089505
2525.954,0.072735
2525.955,0.085215
2525.956,0.093795
2525.957,0.105105
2525.958,0.13143
2525.959,0.164385
2525.96,0.17043
2525.961,0.17784
2525.962,0.17393999999999998
2525.963,0.168285
2525.964,0.16224
2525.965,0.156
2525.966,0.145275
2525.967,0.131235
2525.968,0.121485
2525.969,0.10217999999999999
2525.97,0.07995
2525.971,0.074685
2525.972,0.083655
2525.973,0.09126
2525.974,0.10803
2525.975,0.14547
2525.976,0.16536
2525.977,0.17043
2525.978,0.179985
2525.979,0.18096
2525.98,0.170235
2525.981,0.158535
2525.982,0.151515
2525.983,0.13494
2525.984,0.125775
2525.985,0.11544
2525.986,0.09457499999999999
2525.987,0.072735
2525.988,0.070785
2525.989,0.08307
2525.99,0.09048
2525.991,0.108615
2525.992,0.142935
2525.993,0.16419
2525.994,0.17511
2525.995,0.170235
2525.996,0.16887
2525.997,0.160095
2525.998,0.143325
2525.999,0.142545
2526.0,0.128895
2526.001,0.11739
2526.002,0.111735
2526.003,0.083655
2526.004,0.070785
2526.005,0.07683
2526.006,0.09126
2526.007,0.10023
2526.008,0.1287
2526.009,0.15834
2526.01,0.167895
2526.011,0.170235
2526.012,0.167895
2526.013,0.16672499999999998
2526.014,0.156
2526.015,0.149565
2526.016,0.139035
2526.017,0.123435
2526.018,0.116415
2526.019,0.09516
2526.02,0.082875
2526.021,0.0702
2526.022,0.078975
2526.023,0.08892
2526.024,0.103935
2526.025,0.13533
2526.026,0.15873
2526.027,0.167895
2526.028,0.16731
2526.029,0.16419
2526.03,0.16302
2526.031,0.15483
2526.032,0.145665
2526.033,0.132015
2526.034,0.12519
2526.035,0.116415
2526.036,0.09126
2526.037,0.06942
2526.038,0.070395
2526.039,0.082875
2526.04,0.09321
2526.041,0.11329499999999999
2526.042,0.14118
2526.043,0.156975
2526.044,0.176475
2526.045,0.17043
2526.046,0.16536
2526.047,0.15678
2526.048,0.153855
2526.049,0.142155
2526.05,0.12675
2526.051,0.11622
2526.052,0.10803
2526.053,0.080535
2526.054,0.066495
2526.055,0.074295
2526.056,0.082095
2526.057,0.100815
2526.058,0.121095
2526.059,0.15366
2526.06,0.16419
2526.061,0.16731
2526.062,0.16887
2526.063,0.167895
2526.064,0.16419
2526.065,0.15678
2526.066,0.14118
2526.067,0.12363
2526.068,0.116415
2526.069,0.1014
2526.07,0.077805
2526.071,0.0741
2526.072,0.082875
2526.073,0.08931
2526.074,0.107055
2526.075,0.141375
2526.076,0.1638
2526.077,0.17355
2526.078,0.17628
2526.079,0.174915
2526.08,0.16497
2526.081,0.167505
2526.082,0.154245
2526.083,0.141375
2526.084,0.127725
2526.085,0.125775
2526.086,0.100815
2526.087,0.085215
2526.088,0.07995
2526.089,0.09126
2526.09,0.10178999999999999
2526.091,0.12031499999999999
2526.092,0.15834
2526.093,0.18096
2526.094,0.186615
2526.095,0.183495
2526.096,0.178815
2526.097,0.172575
2526.098,0.166335
2526.099,0.158535
2526.1,0.14547
2526.101,0.133185
2526.102,0.1248
2526.103,0.10178999999999999
2526.104,0.085215
2526.105,0.091455
2526.106,0.101595
2526.107,0.11622
2526.108,0.148005
2526.109,0.171015
2526.11,0.188175
2526.111,0.18914999999999998
2526.112,0.191295
2526.113,0.191295
2526.114,0.183105
2526.115,0.172575
2526.116,0.16575
2526.117,0.14235
2526.118,0.13533
2526.119,0.1248
2526.12,0.092625
2526.121,0.086775
2526.122,0.10335
2526.123,0.10764
2526.124,0.12558
2526.125,0.15756
2526.126,0.18018
2526.127,0.1911
2526.128,0.191295
2526.129,0.191295
2526.13,0.183105
2526.131,0.17862
2526.132,0.17043
2526.133,0.153855
2526.134,0.145275
2526.135,0.133185
2526.136,0.110175
2526.137,0.095745
2526.138,0.10198499999999999
2526.139,0.111345
2526.14,0.11680499999999999
2526.141,0.13708499999999998
2526.142,0.16926
2526.143,0.19539
2526.144,0.200655
2526.145,0.195975
2526.146,0.191295
2526.147,0.183105
2526.148,0.17667
2526.149,0.16614
2526.15,0.153855
2526.151,0.14547
2526.152,0.133575
2526.153,0.10764
2526.154,0.09516
2526.155,0.10178999999999999
2526.156,0.10842
2526.157,0.12050999999999999
2526.158,0.150735
2526.159,0.17784
2526.16,0.19227
2526.161,0.19539
2526.162,0.19636499999999998
2526.163,0.192465
2526.164,0.18291
2526.165,0.17004
2526.166,0.163995
2526.167,0.151515
2526.168,0.14118
2526.169,0.122655
2526.17,0.09555
2526.171,0.088335
2526.172,0.100035
2526.173,0.114075
2526.174,0.12675
2526.175,0.156975
2526.176,0.18291
2526.177,0.18798
2526.178,0.19695
2526.179,0.19071
2526.18,0.186615
2526.181,0.179595
2526.182,0.170235
2526.183,0.15756
2526.184,0.142935
2526.185,0.132795
2526.186,0.12207
2526.187,0.092625
2526.188,0.093015
2526.189,0.10549499999999999
2526.19,0.114075
2526.191,0.129285
2526.192,0.16614
2526.193,0.181155
2526.194,0.1911
2526.195,0.189735
2526.196,0.185055
2526.197,0.17667
2526.198,0.169455
2526.199,0.158535
2526.2,0.14937
2526.201,0.13299
2526.202,0.132795
2526.203,0.103935
2526.204,0.086775
2526.205,0.095355
2526.206,0.101595
2526.207,0.11622
2526.208,0.141765
2526.209,0.167895
2526.21,0.182715
2526.211,0.183495
2526.212,0.185445
2526.213,0.18193499999999999
2526.214,0.17238
2526.215,0.170625
2526.216,0.156
2526.217,0.14001
2526.218,0.13143
2526.219,0.108615
2526.22,0.09457499999999999
2526.221,0.08931
2526.222,0.09555
2526.223,0.10647
2526.224,0.12129
2526.225,0.147615
2526.226,0.17862
2526.227,0.18193499999999999
2526.228,0.18252
2526.229,0.18291
2526.23,0.175695
2526.231,0.1638
2526.232,0.16536
2526.233,0.14859
2526.234,0.13299
2526.235,0.12285
2526.236,0.10023
2526.237,0.083655
2526.238,0.08268
2526.239,0.09984
2526.24,0.108615
2526.241,0.126555
2526.242,0.164385
2526.243,0.17862
2526.244,0.18603
2526.245,0.183885
2526.246,0.185055
2526.247,0.178035
2526.248,0.166335
2526.249,0.158535
2526.25,0.143325
2526.251,0.136695
2526.252,0.135135
2526.253,0.103155
2526.254,0.08931
2526.255,0.09243
2526.256,0.11115
2526.257,0.121095
2526.258,0.153465
2526.259,0.183105
2526.26,0.195975
2526.261,0.195585
2526.262,0.19149
2526.263,0.190515
2526.264,0.18173999999999998
2526.265,0.172575
2526.266,0.1638
2526.267,0.14742
2526.268,0.1365
2526.269,0.12050999999999999
2526.27,0.097695
2526.271,0.09457499999999999
2526.272,0.10198499999999999
2526.273,0.11427
2526.274,0.131235
2526.275,0.158535
2526.276,0.18603
2526.277,0.19188
2526.278,0.193245
2526.279,0.19383
2526.28,0.186615
2526.281,0.175695
2526.282,0.16614
2526.283,0.155415
2526.284,0.142155
2526.285,0.128895
2526.286,0.11037
2526.287,0.100035
2526.288,0.091455
2526.289,0.10647
2526.29,0.116415
2526.291,0.1326
2526.292,0.16731
2526.293,0.186615
2526.294,0.195975
2526.295,0.192465
2526.296,0.185055
2526.297,0.18096
2526.298,0.17667
2526.299,0.165555
2526.3,0.15170999999999998
2526.301,0.13299
2526.302,0.129285
2526.303,0.10764
2526.304,0.100035
2526.305,0.097695
2526.306,0.10803
2526.307,0.121095
2526.308,0.15170999999999998
2526.309,0.17901
2526.31,0.187005
2526.311,0.195195
2526.312,0.18895499999999998
2526.313,0.191295
2526.314,0.182715
2526.315,0.17043
2526.316,0.163995
2526.317,0.145665
2526.318,0.136305
2526.319,0.11660999999999999
2526.32,0.103935
2526.321,0.096135
2526.322,0.10178999999999999
2526.323,0.114075
2526.324,0.12792
2526.325,0.16575
2526.326,0.18291
2526.327,0.18525
2526.328,0.191295
2526.329,0.1911
2526.33,0.18193499999999999
2526.331,0.17979
2526.332,0.17043
2526.333,0.153855
2526.334,0.139425
2526.335,0.132015
2526.336,0.10803
2526.337,0.0975
2526.338,0.0975
2526.339,0.101595
2526.34,0.116415
2526.341,0.141375
2526.342,0.169455
2526.343,0.18914999999999998
2526.344,0.193245
2526.345,0.19539
2526.346,0.186225
2526.347,0.18252
2526.348,0.17413499999999998
2526.349,0.167505
2526.35,0.15327
2526.351,0.14235
2526.352,0.13299
2526.353,0.10647
2526.354,0.09243
2526.355,0.09633
2526.356,0.107055
2526.357,0.122655
2526.358,0.148785
2526.359,0.185055
2526.36,0.199095
2526.361,0.2028
2526.362,0.2067
2526.363,0.191295
2526.364,0.18914999999999998
2526.365,0.18252
2526.366,0.16652999999999998
2526.367,0.15678
2526.368,0.146445
2526.369,0.132015
2526.37,0.110175
2526.371,0.10335
2526.372,0.10998
2526.373,0.11739
2526.374,0.139035
2526.375,0.169455
2526.376,0.197535
2526.377,0.195975
2526.378,0.208455
2526.379,0.20475
2526.38,0.20046
2526.381,0.18934499999999999
2526.382,0.18096
2526.383,0.16458
2526.384,0.15678
2526.385,0.15366
2526.386,0.131235
2526.387,0.10803
2526.388,0.10803
2526.389,0.122655
2526.39,0.135135
2526.391,0.16263
2526.392,0.185055
2526.393,0.208455
2526.394,0.21372
2526.395,0.21606
2526.396,0.21255
2526.397,0.20377499999999998
2526.398,0.18914999999999998
2526.399,0.18447
2526.4,0.16809
2526.401,0.158535
2526.402,0.149175
2526.403,0.121095
2526.404,0.10998
2526.405,0.114465
2526.406,0.1287
2526.407,0.13923
2526.408,0.167505
2526.409,0.19539
2526.41,0.208455
2526.411,0.21118499999999998
2526.412,0.21098999999999998
2526.413,0.20631
2526.414,0.2028
2526.415,0.19422
2526.416,0.178815
2526.417,0.16672499999999998
2526.418,0.15756
2526.419,0.135135
2526.42,0.11388
2526.421,0.112515
2526.422,0.1248
2526.423,0.132015
2526.424,0.146055
2526.425,0.18603
2526.426,0.21294
2526.427,0.21411
2526.428,0.21216
2526.429,0.21411
2526.43,0.208455
2526.431,0.19968
2526.432,0.19227
2526.433,0.17862
2526.434,0.16731
2526.435,0.15795
2526.436,0.14079
2526.437,0.115635
2526.438,0.116415
2526.439,0.12558
2526.44,0.140595
2526.441,0.16614
2526.442,0.19305
2526.443,0.21411
2526.444,0.21801
2526.445,0.216255
2526.446,0.212745
2526.447,0.20475
2526.448,0.20202
2526.449,0.19227
2526.45,0.172965
2526.451,0.166335
2526.452,0.15678
2526.453,0.129285
2526.454,0.116415
2526.455,0.122655
2526.456,0.12986999999999999
2526.457,0.146055
2526.458,0.17277
2526.459,0.20377499999999998
2526.46,0.21606
2526.461,0.22035
2526.462,0.22113
2526.463,0.21567
2526.464,0.20748
2526.465,0.200655
2526.466,0.19032
2526.467,0.178815
2526.468,0.16302
2526.469,0.142935
2526.47,0.118365
2526.471,0.119535
2526.472,0.12675
2526.473,0.13767
2526.474,0.14859
2526.475,0.18681
2526.476,0.210015
2526.477,0.21878999999999998
2526.478,0.21801
2526.479,0.220935
2526.48,0.20787
2526.481,0.199875
2526.482,0.19539
2526.483,0.179205
2526.484,0.16575
2526.485,0.154635
2526.486,0.131235
2526.487,0.117585
2526.488,0.114855
2526.489,0.128895
2526.49,0.141375
2526.491,0.163215
2526.492,0.195195
2526.493,0.20377499999999998
2526.494,0.216255
2526.495,0.216255
2526.496,0.208845
2526.497,0.20592
2526.498,0.195195
2526.499,0.18603
2526.5,0.17121
2526.501,0.160875
2526.502,0.147615
2526.503,0.12050999999999999
2526.504,0.10803
2526.505,0.11622
2526.506,0.1248
2526.507,0.136305
2526.508,0.16926
2526.509,0.191295
2526.51,0.20357999999999998
2526.511,0.20787
2526.512,0.215475
2526.513,0.20377499999999998
2526.514,0.185055
2526.515,0.18096
2526.516,0.17121
2526.517,0.15678
2526.518,0.14547
2526.519,0.12792
2526.52,0.103935
2526.521,0.097695
2526.522,0.11388
2526.523,0.12031499999999999
2526.524,0.13611
2526.525,0.171015
2526.526,0.195
2526.527,0.20377499999999998
2526.528,0.20396999999999998
2526.529,0.19539
2526.53,0.195585
2526.531,0.18291
2526.532,0.17901
2526.533,0.16029
2526.534,0.147615
2526.535,0.14118
2526.536,0.118365
2526.537,0.10023
2526.538,0.106275
2526.539,0.12012
2526.54,0.127335
2526.541,0.156
2526.542,0.179985
2526.543,0.20416499999999999
2526.544,0.20787
2526.545,0.20709
2526.546,0.198315
2526.547,0.197535
2526.548,0.18914999999999998
2526.549,0.18408
2526.55,0.163215
2526.551,0.153855
2526.552,0.141375
2526.553,0.12070499999999999
2526.554,0.10725
2526.555,0.108615
2526.556,0.117585
2526.557,0.13299
2526.558,0.164385
2526.559,0.191295
2526.56,0.20475
2526.561,0.201825
2526.562,0.2067
2526.563,0.19734
2526.564,0.185055
2526.565,0.18096
2526.566,0.171015
2526.567,0.158145
2526.568,0.14547
2526.569,0.128895
2526.57,0.11427
2526.571,0.103155
2526.572,0.10803
2526.573,0.125775
2526.574,0.13708499999999998
2526.575,0.166335
2526.576,0.19539
2526.577,0.209235
2526.578,0.20787
2526.579,0.2028
2526.58,0.19539
2526.581,0.185055
2526.582,0.17628
2526.583,0.160095
2526.584,0.150735
2526.585,0.133575
2526.586,0.112515
2526.587,0.097695
2526.588,0.095355
2526.589,0.10919999999999999
2526.59,0.1248
2526.591,0.133575
2526.592,0.17004
2526.593,0.191295
2526.594,0.19539
2526.595,0.19636499999999998
2526.596,0.178815
2526.597,0.17862
2526.598,0.172575
2526.599,0.162435
2526.6,0.147615
2526.601,0.141375
2526.602,0.122655
2526.603,0.103935
2526.604,0.09126
2526.605,0.098475
2526.606,0.110175
2526.607,0.12050999999999999
2526.608,0.153855
2526.609,0.180375
2526.61,0.191295
2526.611,0.19968
2526.612,0.19305
2526.613,0.188175
2526.614,0.18291
2526.615,0.16887
2526.616,0.164775
2526.617,0.15170999999999998
2526.618,0.141765
2526.619,0.12831
2526.62,0.10803
2526.621,0.10178999999999999
2526.622,0.110175
2526.623,0.12050999999999999
2526.624,0.13884
2526.625,0.171795
2526.626,0.195195
2526.627,0.20124
2526.628,0.20377499999999998
2526.629,0.204555
2526.63,0.189735
2526.631,0.18134999999999998
2526.632,0.176865
2526.633,0.1638
2526.634,0.149175
2526.635,0.141765
2526.636,0.12050999999999999
2526.637,0.108615
2526.638,0.110175
2526.639,0.11622
2526.64,0.133575
2526.641,0.160095
2526.642,0.18096
2526.643,0.19539
2526.644,0.20748
2526.645,0.20435999999999999
2526.646,0.20377499999999998
2526.647,0.191295
2526.648,0.19032
2526.649,0.17979
2526.65,0.16614
2526.651,0.15639
2526.652,0.14118
2526.653,0.117585
2526.654,0.108615
2526.655,0.11583
2526.656,0.121485
2526.657,0.135135
2526.658,0.16419
2526.659,0.190515
2526.66,0.19655999999999998
2526.661,0.20787
2526.662,0.20787
2526.663,0.192855
2526.664,0.187005
2526.665,0.178815
2526.666,0.17004
2526.667,0.156975
2526.668,0.14118
2526.669,0.12558
2526.67,0.107055
2526.671,0.1014
2526.672,0.110175
2526.673,0.12031499999999999
2526.674,0.133575
2526.675,0.170235
2526.676,0.19773
2526.677,0.206115
2526.678,0.20319
2526.679,0.20124
2526.68,0.189735
2526.681,0.183495
2526.682,0.175695
2526.683,0.167895
2526.684,0.149565
2526.685,0.13923
2526.686,0.11544
2526.687,0.103935
2526.688,0.10608
2526.689,0.11622
2526.69,0.13182
2526.691,0.15795
2526.692,0.18252
2526.693,0.20357999999999998
2526.694,0.206115
2526.695,0.207675
2526.696,0.20592
2526.697,0.18914999999999998
2526.698,0.188175
2526.699,0.182715
2526.7,0.163995
2526.701,0.153855
2526.702,0.1365
2526.703,0.11388
2526.704,0.10198499999999999
2526.705,0.107055
2526.706,0.11660999999999999
2526.707,0.13533
2526.708,0.1638
2526.709,0.191295
2526.71,0.20046
2526.711,0.20787
2526.712,0.20357999999999998
2526.713,0.197535
2526.714,0.18914999999999998
2526.715,0.18291
2526.716,0.172575
2526.717,0.158145
2526.718,0.14859
2526.719,0.1326
2526.72,0.107835
2526.721,0.10608
2526.722,0.110175
2526.723,0.126555
2526.724,0.1404
2526.725,0.178035
2526.726,0.197535
2526.727,0.20592
2526.728,0.197925
2526.729,0.198705
2526.73,0.18895499999999998
2526.731,0.183105
2526.732,0.172575
2526.733,0.156975
2526.734,0.14449499999999998
2526.735,0.14079
2526.736,0.11309999999999999
2526.737,0.097695
2526.738,0.095355
2526.739,0.107055
2526.74,0.114855
2526.741,0.14449499999999998
2526.742,0.17121
2526.743,0.185445
2526.744,0.190515
2526.745,0.18914999999999998
2526.746,0.18096
2526.747,0.17043
2526.748,0.16926
2526.749,0.15795
2526.75,0.146835
2526.751,0.136695
2526.752,0.117975
2526.753,0.093405
2526.754,0.091455
2526.755,0.097695
2526.756,0.107835
2526.757,0.1248
2526.758,0.153075
2526.759,0.178815
2526.76,0.190515
2526.761,0.19344
2526.762,0.190515
2526.763,0.183885
2526.764,0.1755
2526.765,0.16848
2526.766,0.153855
2526.767,0.13923
2526.768,0.131235
2526.769,0.116415
2526.77,0.09555
2526.771,0.085995
2526.772,0.101595
2526.773,0.10803
2526.774,0.1287
2526.775,0.16224
2526.776,0.178815
2526.777,0.19071
2526.778,0.185055
2526.779,0.1911
2526.78,0.18193499999999999
2526.781,0.17413499999999998
2526.782,0.1638
2526.783,0.14547
2526.784,0.135915
2526.785,0.1326
2526.786,0.10413
2526.787,0.085605
2526.788,0.09086999999999999
2526.789,0.10178999999999999
2526.79,0.110175
2526.791,0.136695
2526.792,0.160485
2526.793,0.17355
2526.794,0.18291
2526.795,0.1794
2526.796,0.178425
2526.797,0.17121
2526.798,0.15950999999999999
2526.799,0.15190499999999998
2526.8,0.13806
2526.801,0.12636
2526.802,0.11309999999999999
2526.803,0.091455
2526.804,0.08307
2526.805,0.09516
2526.806,0.09867
2526.807,0.119535
2526.808,0.15170999999999998
2526.809,0.176865
2526.81,0.183105
2526.811,0.18837
2526.812,0.18798
2526.813,0.182715
2526.814,0.17043
2526.815,0.16731
2526.816,0.145665
2526.817,0.14235
2526.818,0.12675
2526.819,0.11388
2526.82,0.086775
2526.821,0.08502
2526.822,0.097695
2526.823,0.104325
2526.824,0.12070499999999999
2526.825,0.150735
2526.826,0.18252
2526.827,0.18914999999999998
2526.828,0.187005
2526.829,0.18369
2526.83,0.178815
2526.831,0.17277
2526.832,0.16419
2526.833,0.151515
2526.834,0.133575
2526.835,0.1248
2526.836,0.102375
2526.837,0.087555
2526.838,0.091455
2526.839,0.097695
2526.84,0.116415
2526.841,0.13611
2526.842,0.165555
2526.843,0.182715
2526.844,0.183885
2526.845,0.18486
2526.846,0.178815
2526.847,0.17413499999999998
2526.848,0.163215
2526.849,0.15756
2526.85,0.14449499999999998
2526.851,0.129285
2526.852,0.11427
2526.853,0.1014
2526.854,0.08385
2526.855,0.09321
2526.856,0.10491
2526.857,0.12050999999999999
2526.858,0.148785
2526.859,0.17823
2526.86,0.185055
2526.861,0.18603
2526.862,0.186225
2526.863,0.178815
2526.864,0.17413499999999998
2526.865,0.166335
2526.866,0.14781
2526.867,0.14449499999999998
2526.868,0.13299
2526.869,0.109005
2526.87,0.09457499999999999
2526.871,0.09086999999999999
2526.872,0.10178999999999999
2526.873,0.11427
2526.874,0.135135
2526.875,0.16419
2526.876,0.189735
2526.877,0.19734
2526.878,0.19539
2526.879,0.195195
2526.88,0.183885
2526.881,0.18291
2526.882,0.175695
2526.883,0.16614
2526.884,0.150735
2526.885,0.146055
2526.886,0.114465
2526.887,0.10296
2526.888,0.11309999999999999
2526.889,0.1248
2526.89,0.136305
2526.891,0.163215
2526.892,0.190515
2526.893,0.208455
2526.894,0.207675
2526.895,0.20748
2526.896,0.20377499999999998
2526.897,0.19851
2526.898,0.191685
2526.899,0.18252
2526.9,0.166335
2526.901,0.16029
2526.902,0.13708499999999998
2526.903,0.1248
2526.904,0.11309999999999999
2526.905,0.11934
2526.906,0.1326
2526.907,0.1404
2526.908,0.171015
2526.909,0.19539
2526.91,0.20826
2526.911,0.21372
2526.912,0.212355
2526.913,0.201825
2526.914,0.19227
2526.915,0.186615
2526.916,0.17355
2526.917,0.15950999999999999
2526.918,0.145665
2526.919,0.124995
2526.92,0.11115
2526.921,0.110175
2526.922,0.119535
2526.923,0.12675
2526.924,0.13923
2526.925,0.17901
2526.926,0.200655
2526.927,0.210015
2526.928,0.20357999999999998
2526.929,0.20124
2526.93,0.19539
2526.931,0.18681
2526.932,0.185055
2526.933,0.166335
2526.934,0.15639
2526.935,0.142545
2526.936,0.12246
2526.937,0.10647
2526.938,0.11232
2526.939,0.12050999999999999
2526.94,0.13026
2526.941,0.15327
2526.942,0.183495
2526.943,0.195975
2526.944,0.20377499999999998
2526.945,0.20435999999999999
2526.946,0.19227
2526.947,0.186225
2526.948,0.17043
2526.949,0.1638
2526.95,0.14547
2526.951,0.142935
2526.952,0.122655
2526.953,0.10178999999999999
2526.954,0.09437999999999999
2526.955,0.09984
2526.956,0.106275
2526.957,0.1248
2526.958,0.15132
2526.959,0.18134999999999998
2526.96,0.18798
2526.961,0.1911
2526.962,0.191295
2526.963,0.18291
2526.964,0.17628
2526.965,0.16887
2526.966,0.154635
2526.967,0.145275
2526.968,0.1287
2526.969,0.112515
2526.97,0.089895
2526.971,0.088335
2526.972,0.09984
2526.973,0.106275
2526.974,0.1287
2526.975,0.160875
2526.976,0.18173999999999998
2526.977,0.191295
2526.978,0.18895499999999998
2526.979,0.183105
2526.98,0.18096
2526.981,0.16419
2526.982,0.16263
2526.983,0.145275
2526.984,0.13455
2526.985,0.126555
2526.986,0.089505
2526.987,0.08931
2526.988,0.0858
2526.989,0.093405
2526.99,0.11115
2526.991,0.1326
2526.992,0.16614
2526.993,0.17413499999999998
2526.994,0.183105
2526.995,0.178815
2526.996,0.17355
2526.997,0.1638
2526.998,0.156975
2526.999,0.14449499999999998
2527.0,0.127335
2527.001,0.12519
2527.002,0.102765
2527.003,0.08385
2527.004,0.070395
2527.005,0.07371
2527.006,0.085215
2527.007,0.10178999999999999
2527.008,0.13494
2527.009,0.16224
2527.01,0.17043
2527.011,0.16731
2527.012,0.170235
2527.013,0.15795
2527.014,0.15678
2527.015,0.14508
2527.016,0.133185
2527.017,0.116415
2527.018,0.11232
2527.019,0.085215
2527.02,0.063375
2527.021,0.059085
2527.022,0.0702
2527.023,0.08326499999999999
2527.024,0.0975
2527.025,0.135135
2527.026,0.15483
2527.027,0.163995
2527.028,0.160095
2527.029,0.157755
2527.03,0.14508
2527.031,0.13884
2527.032,0.124995
2527.033,0.11895
2527.034,0.103935
2527.035,0.10023
2527.036,0.07059
2527.037,0.057915
2527.038,0.061035
2527.039,0.068055
2527.04,0.077415
2527.041,0.110175
2527.042,0.136305
2527.043,0.148005
2527.044,0.153465
2527.045,0.15483
2527.046,0.142935
2527.047,0.14118
2527.048,0.13299
2527.049,0.1248
2527.05,0.10647
2527.051,0.09516
2527.052,0.078975
2527.053,0.054015
2527.054,0.050115
2527.055,0.05343
2527.056,0.070395
2527.057,0.08541
2527.058,0.111735
2527.059,0.13923
2527.06,0.14449499999999998
2527.061,0.15795
2527.062,0.15170999999999998
2527.063,0.14079
2527.064,0.135135
2527.065,0.128115
2527.066,0.11427
2527.067,0.102375
2527.068,0.092625
2527.069,0.073515
2527.07,0.055185
2527.071,0.05031
2527.072,0.06552
2527.073,0.070785
2527.074,0.088335
2527.075,0.12792
2527.076,0.14781
2527.077,0.15795
2527.078,0.153855
2527.079,0.146445
2527.08,0.14449499999999998
2527.081,0.135135
2527.082,0.12675
2527.083,0.107835
2527.084,0.10178999999999999
2527.085,0.09067499999999999
2527.086,0.059085
2527.087,0.050894999999999996
2527.088,0.052455
2527.089,0.069615
2527.09,0.07644
2527.091,0.10803
2527.092,0.13533
2527.093,0.15327
2527.094,0.15366
2527.095,0.158925
2527.096,0.15015
2527.097,0.14079
2527.098,0.12792
2527.099,0.124995
2527.1,0.10881
2527.101,0.10198499999999999
2527.102,0.08307
2527.103,0.058695
2527.104,0.056355
2527.105,0.062985
2527.106,0.0702
2527.107,0.088335
2527.108,0.12031499999999999
2527.109,0.14547
2527.11,0.15132
2527.111,0.155415
2527.112,0.15678
2527.113,0.147615
2527.114,0.141375
2527.115,0.131625
2527.116,0.12012
2527.117,0.10998
2527.118,0.10178999999999999
2527.119,0.077415
2527.12,0.057915
2527.121,0.05811
2527.122,0.066495
2527.123,0.0819
2527.124,0.10335
2527.125,0.132015
2527.126,0.150735
2527.127,0.16419
2527.128,0.163215
2527.129,0.163995
2527.13,0.153855
2527.131,0.146445
2527.132,0.13299
2527.133,0.116415
2527.134,0.11427
2527.135,0.10062
2527.136,0.07527
2527.137,0.061815
2527.138,0.0663
2527.139,0.078975
2527.14,0.089895
2527.141,0.116415
2527.142,0.14859
2527.143,0.156
2527.144,0.16029
2527.145,0.15834
2527.146,0.156975
2527.147,0.147615
2527.148,0.136695
2527.149,0.133965
2527.15,0.11427
2527.151,0.107835
2527.152,0.091455
2527.153,0.06435
2527.154,0.06435
2527.155,0.070395
2527.156,0.07878
2527.157,0.093015
2527.158,0.12519
2527.159,0.15170999999999998
2527.16,0.156195
2527.161,0.15795
2527.162,0.15931499999999998
2527.163,0.15327
2527.164,0.138255
2527.165,0.133575
2527.166,0.116415
2527.167,0.108615
2527.168,0.102765
2527.169,0.077415
2527.17,0.058304999999999996
2527.171,0.058304999999999996
2527.172,0.069615
2527.173,0.085995
2527.174,0.10178999999999999
2527.175,0.133185
2527.176,0.156195
2527.177,0.16263
2527.178,0.15795
2527.179,0.15795
2527.18,0.151515
2527.181,0.141375
2527.182,0.1287
2527.183,0.11427
2527.184,0.103935
2527.185,0.09555
2527.186,0.06747
2527.187,0.056355
2527.188,0.0624
2527.189,0.076635
2527.19,0.08892
2527.191,0.11427
2527.192,0.14079
2527.193,0.15678
2527.194,0.163995
2527.195,0.164385
2527.196,0.15756
2527.197,0.149175
2527.198,0.141375
2527.199,0.14079
2527.2,0.11232
2527.201,0.103935
2527.202,0.082095
2527.203,0.06825
2527.204,0.059085
2527.205,0.070395
2527.206,0.076635
2527.207,0.10062
2527.208,0.128895
2527.209,0.15483
2527.21,0.16419
2527.211,0.163215
2527.212,0.16224
2527.213,0.153855
2527.214,0.14547
2527.215,0.13688999999999998
2527.216,0.12031499999999999
2527.217,0.109005
2527.218,0.10296
2527.219,0.078975
2527.22,0.05889
2527.221,0.06396
2527.222,0.07585499999999999
2527.223,0.083655
2527.224,0.10608
2527.225,0.135525
2527.226,0.160095
2527.227,0.16302
2527.228,0.158145
2527.229,0.15678
2527.23,0.146055
2527.231,0.1365
2527.232,0.1326
2527.233,0.118365
2527.234,0.108225
2527.235,0.097695
2527.236,0.07214999999999999
2527.237,0.056549999999999996
2527.238,0.06123
2527.239,0.07644
2527.24,0.085215
2527.241,0.11544
2527.242,0.13923
2527.243,0.15327
2527.244,0.15405
2527.245,0.153855
2527.246,0.15288
2527.247,0.142545
2527.248,0.133575
2527.249,0.12675
2527.25,0.10764
2527.251,0.09984
2527.252,0.07761
2527.253,0.05811
2527.254,0.05499
2527.255,0.05811
2527.256,0.07059
2527.257,0.089895
2527.258,0.116415
2527.259,0.14625
2527.26,0.14274
2527.261,0.15366
2527.262,0.145275
2527.263,0.135135
2527.264,0.13299
2527.265,0.126555
2527.266,0.110175
2527.267,0.100815
2527.268,0.08892
2527.269,0.06669
2527.27,0.047775
2527.271,0.051675
2527.272,0.057915
2527.273,0.072735
2527.274,0.09067499999999999
2527.275,0.11817
2527.276,0.13923
2527.277,0.15170999999999998
2527.278,0.146445
2527.279,0.141765
2527.28,0.13299
2527.281,0.12050999999999999
2527.282,0.116415
2527.283,0.103935
2527.284,0.093405
2527.285,0.082875
2527.286,0.054015
2527.287,0.041535
2527.288,0.050894999999999996
2527.289,0.05772
2527.29,0.06747
2527.291,0.096135
2527.292,0.13143
2527.293,0.141375
2527.294,0.143325
2527.295,0.14079
2527.296,0.13299
2527.297,0.128895
2527.298,0.11622
2527.299,0.11388
2527.3,0.096525
2527.301,0.08502
2527.302,0.066495
2527.303,0.046215
2527.304,0.041145
2527.305,0.047775
2527.306,0.057915
2527.307,0.074685
2527.308,0.107835
2527.309,0.13299
2527.31,0.13611
2527.311,0.13708499999999998
2527.312,0.135135
2527.313,0.1326
2527.314,0.121095
2527.315,0.11329499999999999
2527.316,0.100815
2527.317,0.088335
2527.318,0.085215
2527.319,0.058304999999999996
2527.32,0.04056
2527.321,0.041535
2527.322,0.05148
2527.323,0.066495
2527.324,0.091455
2527.325,0.12050999999999999
2527.326,0.13923
2527.327,0.14118
2527.328,0.14508
2527.329,0.139035
2527.33,0.12986999999999999
2527.331,0.12636
2527.332,0.110955
2527.333,0.096525
2527.334,0.093015
2527.335,0.078975
2527.336,0.052455
2527.337,0.041535
2527.338,0.046215
2527.339,0.06006
2527.34,0.07566
2527.341,0.10374
2527.342,0.12753
2527.343,0.14547
2527.344,0.146445
2527.345,0.147615
2527.346,0.13923
2527.347,0.132795
2527.348,0.127335
2527.349,0.11427
2527.35,0.10725
2527.351,0.09437999999999999
2527.352,0.071565
2527.353,0.057915
2527.354,0.04992
2527.355,0.057915
2527.356,0.07683
2527.357,0.08307
2527.358,0.12031499999999999
2527.359,0.146055
2527.36,0.153075
2527.361,0.157755
2527.362,0.14547
2527.363,0.14703
2527.364,0.136695
2527.365,0.13143
2527.366,0.11622
2527.367,0.11115
2527.368,0.09555
2527.369,0.07683
2527.37,0.05811
2527.371,0.05616
2527.372,0.066495
2527.373,0.085215
2527.374,0.09555
2527.375,0.13182
2527.376,0.149175
2527.377,0.160095
2527.378,0.158145
2527.379,0.153855
2527.38,0.145665
2527.381,0.13611
2527.382,0.1287
2527.383,0.11427
2527.384,0.10296
2527.385,0.096135
2527.386,0.07059
2527.387,0.06552
2527.388,0.064155
2527.389,0.07585499999999999
2527.39,0.0936
2527.391,0.122265
2527.392,0.150735
2527.393,0.163995
2527.394,0.167895
2527.395,0.16652999999999998
2527.396,0.163995
2527.397,0.153855
2527.398,0.141375
2527.399,0.13611
2527.4,0.122655
2527.401,0.11271
2527.402,0.09555
2527.403,0.076635
2527.404,0.073125
2527.405,0.0819
2527.406,0.09516
2527.407,0.10803
2527.408,0.147615
2527.409,0.17355
2527.41,0.173745
2527.411,0.17784
2527.412,0.17901
2527.413,0.170235
2527.414,0.16672499999999998
2527.415,0.158535
2527.416,0.14313
2527.417,0.128895
2527.418,0.121485
2527.419,0.10549499999999999
2527.42,0.085215
2527.421,0.08931
2527.422,0.1014
2527.423,0.108225
2527.424,0.13611
2527.425,0.166335
2527.426,0.185445
2527.427,0.195
2527.428,0.191295
2527.429,0.18875999999999998
2527.43,0.178815
2527.431,0.174915
2527.432,0.166335
2527.433,0.15132
2527.434,0.13767
2527.435,0.1326
2527.436,0.10686
2527.437,0.089115
2527.438,0.09555
2527.439,0.108225
2527.44,0.117585
2527.441,0.146055
2527.442,0.176865
2527.443,0.192465
2527.444,0.194415
2527.445,0.18603
2527.446,0.189735
2527.447,0.17862
2527.448,0.172185
2527.449,0.15756
2527.45,0.142545
2527.451,0.133185
2527.452,0.114855
2527.453,0.091455
2527.454,0.08541
2527.455,0.100035
2527.456,0.11232
2527.457,0.13104
2527.458,0.160095
2527.459,0.185055
2527.46,0.18934499999999999
2527.461,0.18895499999999998
2527.462,0.18603
2527.463,0.17823
2527.464,0.170625
2527.465,0.165555
2527.466,0.156
2527.467,0.13923
2527.468,0.135135
2527.469,0.11309999999999999
2527.47,0.092625
2527.471,0.100035
2527.472,0.10491
2527.473,0.11660999999999999
2527.474,0.136305
2527.475,0.164775
2527.476,0.18291
2527.477,0.186225
2527.478,0.188175
2527.479,0.191295
2527.48,0.175695
2527.481,0.17355
2527.482,0.163215
2527.483,0.14625
2527.484,0.132795
2527.485,0.123435
2527.486,0.10374
2527.487,0.09067499999999999
2527.488,0.097695
2527.489,0.10178999999999999
2527.49,0.114075
2527.491,0.14235
2527.492,0.17043
2527.493,0.182715
2527.494,0.186615
2527.495,0.18603
2527.496,0.180375
2527.497,0.172575
2527.498,0.16536
2527.499,0.15170999999999998
2527.5,0.136695
2527.501,0.1248
2527.502,0.10491
2527.503,0.08931
2527.504,0.083655
2527.505,0.091455
2527.506,0.10374
2527.507,0.117585
2527.508,0.153855
2527.509,0.178815
2527.51,0.185055
2527.511,0.185055
2527.512,0.185055
2527.513,0.17413499999999998
2527.514,0.16731
2527.515,0.16029
2527.516,0.146445
2527.517,0.132795
2527.518,0.12519
2527.519,0.103935
2527.52,0.082095
2527.521,0.08307
2527.522,0.096135
2527.523,0.108615
2527.524,0.13299
2527.525,0.160095
2527.526,0.18291
2527.527,0.18486
2527.528,0.185055
2527.529,0.18173999999999998
2527.53,0.17277
2527.531,0.16711499999999999
2527.532,0.16029
2527.533,0.14508
2527.534,0.13806
2527.535,0.12421499999999999
2527.536,0.0975
2527.537,0.085995
2527.538,0.08716499999999999
2527.539,0.103935
2527.54,0.11309999999999999
2527.541,0.146055
2527.542,0.172575
2527.543,0.191295
2527.544,0.18895499999999998
2527.545,0.185055
2527.546,0.178815
2527.547,0.176475
2527.548,0.16731
2527.549,0.151515
2527.55,0.1404
2527.551,0.122655
2527.552,0.11544
2527.553,0.09126
2527.554,0.08424
2527.555,0.09555
2527.556,0.10023
2527.557,0.117195
2527.558,0.15639
2527.559,0.18134999999999998
2527.56,0.186615
2527.561,0.185055
2527.562,0.18252
2527.563,0.17413499999999998
2527.564,0.166335
2527.565,0.160095
2527.566,0.14449499999999998
2527.567,0.13299
2527.568,0.117585
2527.569,0.09867
2527.57,0.086775
2527.571,0.086775
2527.572,0.09789
2527.573,0.109005
2527.574,0.13611
2527.575,0.16672499999999998
2527.576,0.18173999999999998
2527.577,0.186615
2527.578,0.183885
2527.579,0.181155
2527.58,0.172185
2527.581,0.166335
2527.582,0.16224
2527.583,0.14586
2527.584,0.132795
2527.585,0.116415
2527.586,0.09321
2527.587,0.08892
2527.588,0.09165
2527.589,0.103155
2527.59,0.117195
2527.591,0.145275
2527.592,0.16672499999999998
2527.593,0.18486
2527.594,0.186615
2527.595,0.18564
2527.596,0.17862
2527.597,0.172575
2527.598,0.160095
2527.599,0.146055
2527.6,0.140595
2527.601,0.1326
2527.602,0.11544
2527.603,0.09555
2527.604,0.085215
2527.605,0.10608
2527.606,0.10608
2527.607,0.1209
2527.608,0.15873
2527.609,0.18252
2527.61,0.183885
2527.611,0.18252
2527.612,0.186615
2527.613,0.178815
2527.614,0.17082
2527.615,0.16614
2527.616,0.14547
2527.617,0.133185
2527.618,0.126555
2527.619,0.110175
2527.62,0.089505
2527.621,0.09165
2527.622,0.10296
2527.623,0.116415
2527.624,0.138255
2527.625,0.163995
2527.626,0.18291
2527.627,0.186615
2527.628,0.18914999999999998
2527.629,0.18252
2527.63,0.17277
2527.631,0.163215
2527.632,0.15795
2527.633,0.142545
2527.634,0.13455
2527.635,0.12012
2527.636,0.09555
2527.637,0.08307
2527.638,0.093795
2527.639,0.10257
2527.64,0.119535
2527.641,0.14449499999999998
2527.642,0.167505
2527.643,0.183105
2527.644,0.186225
2527.645,0.18134999999999998
2527.646,0.178035
2527.647,0.169455
2527.648,0.16263
2527.649,0.15327
2527.65,0.13923
2527.651,0.12909
2527.652,0.10958999999999999
2527.653,0.08892
2527.654,0.08307
2527.655,0.092235
2527.656,0.1014
2527.657,0.116415
2527.658,0.15639
2527.659,0.17823
2527.66,0.19149
2527.661,0.185055
2527.662,0.175695
2527.663,0.172575
2527.664,0.16731
2527.665,0.154245
2527.666,0.14547
2527.667,0.133185
2527.668,0.117585
2527.669,0.10062
2527.67,0.086775
2527.671,0.08775
2527.672,0.091845
2527.673,0.107055
2527.674,0.136695
2527.675,0.160095
2527.676,0.18134999999999998
2527.677,0.18759
2527.678,0.19071
2527.679,0.183105
2527.68,0.17862
2527.681,0.171405
2527.682,0.15970499999999999
2527.683,0.145275
2527.684,0.1404
2527.685,0.12070499999999999
2527.686,0.10608
2527.687,0.088335
2527.688,0.09867
2527.689,0.11232
2527.69,0.12070499999999999
2527.691,0.15170999999999998
2527.692,0.18173999999999998
2527.693,0.18603
2527.694,0.195
2527.695,0.192465
2527.696,0.18291
2527.697,0.179595
2527.698,0.167505
2527.699,0.156975
2527.7,0.15170999999999998
2527.701,0.14508
2527.702,0.126555
2527.703,0.10374
2527.704,0.09555
2527.705,0.107055
2527.706,0.12050999999999999
2527.707,0.13299
2527.708,0.17238
2527.709,0.20163
2527.71,0.206895
2527.711,0.207675
2527.712,0.19851
2527.713,0.192855
2527.714,0.19071
2527.715,0.176475
2527.716,0.165555
2527.717,0.15132
2527.718,0.145275
2527.719,0.11739
2527.72,0.103935
2527.721,0.103935
2527.722,0.11329499999999999
2527.723,0.13026
2527.724,0.15288
2527.725,0.18291
2527.726,0.200655
2527.727,0.20357999999999998
2527.728,0.20377499999999998
2527.729,0.19851
2527.73,0.191295
2527.731,0.186225
2527.732,0.178815
2527.733,0.15795
2527.734,0.153855
2527.735,0.131625
2527.736,0.116415
2527.737,0.09984
2527.738,0.10764
2527.739,0.117975
2527.74,0.13299
2527.741,0.1638
2527.742,0.191295
2527.743,0.20046
2527.744,0.200655
2527.745,0.199875
2527.746,0.192855
2527.747,0.18895499999999998
2527.748,0.18134999999999998
2527.749,0.166335
2527.75,0.157755
2527.751,0.146055
2527.752,0.128895
2527.753,0.114075
2527.754,0.0975
2527.755,0.114855
2527.756,0.12050999999999999
2527.757,0.141375
2527.758,0.172575
2527.759,0.19636499999999998
2527.76,0.20416499999999999
2527.761,0.20357999999999998
2527.762,0.201435
2527.763,0.195975
2527.764,0.185055
2527.765,0.17862
2527.766,0.16107
2527.767,0.153855
2527.768,0.146055
2527.769,0.1248
2527.77,0.103935
2527.771,0.10686
2527.772,0.12050999999999999
2527.773,0.13143
2527.774,0.16302
2527.775,0.18914999999999998
2527.776,0.19851
2527.777,0.20377499999999998
2527.778,0.205335
2527.779,0.20377499999999998
2527.78,0.197535
2527.781,0.183885
2527.782,0.178035
2527.783,0.166335
2527.784,0.15190499999999998
2527.785,0.138255
2527.786,0.118365
2527.787,0.10764
2527.788,0.10998
2527.789,0.12012
2527.79,0.139425
2527.791,0.163995
2527.792,0.185055
2527.793,0.193245
2527.794,0.20377499999999998
2527.795,0.199875
2527.796,0.18993
2527.797,0.187395
2527.798,0.172575
2527.799,0.16419
2527.8,0.148785
2527.801,0.13923
2527.802,0.12675
2527.803,0.10178999999999999
2527.804,0.10374
2527.805,0.110175
2527.806,0.117975
2527.807,0.13299
2527.808,0.169455
2527.809,0.19305
2527.81,0.20416499999999999
2527.811,0.197535
2527.812,0.199875
2527.813,0.185055
2527.814,0.18173999999999998
2527.815,0.1638
2527.816,0.150735
2527.817,0.142155
2527.818,0.12909
2527.819,0.10803
2527.82,0.09555
2527.821,0.09789
2527.822,0.108225
2527.823,0.114075
2527.824,0.149565
2527.825,0.17355
2527.826,0.19032
2527.827,0.19578
2527.828,0.192465
2527.829,0.18895499999999998
2527.83,0.18096
2527.831,0.17393999999999998
2527.832,0.162435
2527.833,0.14859
2527.834,0.1404
2527.835,0.122655
2527.836,0.10178999999999999
2527.837,0.09516
2527.838,0.10491
2527.839,0.114075
2527.84,0.127335
2527.841,0.15756
2527.842,0.191295
2527.843,0.19812
2527.844,0.2028
2527.845,0.20377499999999998
2527.846,0.191295
2527.847,0.19032
2527.848,0.17432999999999998
2527.849,0.16302
2527.85,0.15756
2527.851,0.145275
2527.852,0.126555
2527.853,0.103935
2527.854,0.10803
2527.855,0.116415
2527.856,0.125775
2527.857,0.14196
2527.858,0.18252
2527.859,0.20475
2527.86,0.208455
2527.861,0.20787
2527.862,0.2028
2527.863,0.19383
2527.864,0.187395
2527.865,0.183105
2527.866,0.158925
2527.867,0.15483
2527.868,0.146055
2527.869,0.12070499999999999
2527.87,0.108615
2527.871,0.115635
2527.872,0.126555
2527.873,0.140595
2527.874,0.165555
2527.875,0.195585
2527.876,0.207675
2527.877,0.210015
2527.878,0.20592
2527.879,0.206895
2527.88,0.195975
2527.881,0.193635
2527.882,0.18875999999999998
2527.883,0.170235
2527.884,0.163215
2527.885,0.14547
2527.886,0.123045
2527.887,0.118365
2527.888,0.12558
2527.889,0.139035
2527.89,0.153855
2527.891,0.183885
2527.892,0.208845
2527.893,0.220935
2527.894,0.22542
2527.895,0.216255
2527.896,0.216255
2527.897,0.20475
2527.898,0.195195
2527.899,0.18369
2527.9,0.17511
2527.901,0.166335
2527.902,0.14859
2527.903,0.1248
2527.904,0.12050999999999999
2527.905,0.128895
2527.906,0.13708499999999998
2527.907,0.15366
2527.908,0.190515
2527.909,0.21372
2527.91,0.220935
2527.911,0.219375
2527.912,0.21372
2527.913,0.20631
2527.914,0.195975
2527.915,0.186615
2527.916,0.172575
2527.917,0.163995
2527.918,0.15366
2527.919,0.13104
2527.92,0.114465
2527.921,0.116415
2527.922,0.12792
2527.923,0.13611
2527.924,0.17004
2527.925,0.191295
2527.926,0.20787
2527.927,0.21528
2527.928,0.21098999999999998
2527.929,0.206895
2527.93,0.199875
2527.931,0.191295
2527.932,0.18291
2527.933,0.16672499999999998
2527.934,0.15795
2527.935,0.13923
2527.936,0.11739
2527.937,0.114075
2527.938,0.116415
2527.939,0.125775
2527.94,0.141375
2527.941,0.166335
2527.942,0.192075
2527.943,0.20357999999999998
2527.944,0.21216
2527.945,0.2067
2527.946,0.20163
2527.947,0.193245
2527.948,0.19032
2527.949,0.171015
2527.95,0.165555
2527.951,0.14859
2527.952,0.128895
2527.953,0.10491
2527.954,0.103155
2527.955,0.12324
2527.956,0.12831
2527.957,0.141375
2527.958,0.17979
2527.959,0.20631
2527.96,0.20982
2527.961,0.21137999999999998
2527.962,0.20631
2527.963,0.19636499999999998
2527.964,0.18895499999999998
2527.965,0.178815
2527.966,0.166335
2527.967,0.15795
2527.968,0.147615
2527.969,0.12519
2527.97,0.107055
2527.971,0.107055
2527.972,0.119535
2527.973,0.133965
2527.974,0.16672499999999998
2527.975,0.18914999999999998
2527.976,0.20377499999999998
2527.977,0.20357999999999998
2527.978,0.20377499999999998
2527.979,0.20357999999999998
2527.98,0.19539
2527.981,0.183495
2527.982,0.178815
2527.983,0.16107
2527.984,0.153855
2527.985,0.13182
2527.986,0.11660999999999999
2527.987,0.103935
2527.988,0.10803
2527.989,0.12050999999999999
2527.99,0.136305
2527.991,0.16263
2527.992,0.191295
2527.993,0.19422
2527.994,0.20319
2527.995,0.200655
2527.996,0.195975
2527.997,0.1833
2527.998,0.17413499999999998
2527.999,0.163995
2528.0,0.147615
2528.001,0.1404
2528.002,0.12012
2528.003,0.103935
2528.004,0.091455
2528.005,0.10178999999999999
2528.006,0.12031499999999999
2528.007,0.13923
2528.008,0.168285
2528.009,0.19305
2528.01,0.202995
2528.011,0.200655
2528.012,0.19616999999999998
2528.013,0.18837
2528.014,0.185055
2528.015,0.176475
2528.016,0.158145
2528.017,0.14742
2528.018,0.13494
2528.019,0.11271
2528.02,0.10062
2528.021,0.09555
2528.022,0.10842
2528.023,0.12050999999999999
2528.024,0.15170999999999998
2528.025,0.17432999999999998
2528.026,0.18875999999999998
2528.027,0.19734
2528.028,0.18875999999999998
2528.029,0.18914999999999998
2528.03,0.181155
2528.031,0.170625
2528.032,0.16614
2528.033,0.145275
2528.034,0.135135
2528.035,0.11817
2528.036,0.100815
2528.037,0.089115
2528.038,0.10608
2528.039,0.10413
2528.04,0.12636
2528.041,0.16107
2528.042,0.18134999999999998
2528.043,0.188175
2528.044,0.195585
2528.045,0.186225
2528.046,0.183105
2528.047,0.1755
2528.048,0.17043
2528.049,0.149175
2528.05,0.141375
2528.051,0.13299
2528.052,0.110175
2528.053,0.09555
2528.054,0.089505
2528.055,0.10023
2528.056,0.110175
2528.057,0.12636
2528.058,0.16614
2528.059,0.183495
2528.06,0.192465
2528.061,0.191295
2528.062,0.19149
2528.063,0.178815
2528.064,0.175695
2528.065,0.161655
2528.066,0.14391
2528.067,0.136695
2528.068,0.1287
2528.069,0.100815
2528.07,0.09165
2528.071,0.08502
2528.072,0.10296
2528.073,0.114075
2528.074,0.13923
2528.075,0.16614
2528.076,0.183105
2528.077,0.185055
2528.078,0.185055
2528.079,0.17667
2528.08,0.17082
2528.081,0.16575
2528.082,0.150735
2528.083,0.13884
2528.084,0.12792
2528.085,0.10608
2528.086,0.08931
2528.087,0.083655
2528.088,0.091455
2528.089,0.097695
2528.09,0.116415
2528.091,0.15170999999999998
2528.092,0.1755
2528.093,0.175695
2528.094,0.177255
2528.095,0.17667
2528.096,0.17238
2528.097,0.166335
2528.098,0.158535
2528.099,0.15170999999999998
2528.1,0.13611
2528.101,0.129285
2528.102,0.11271
2528.103,0.091455
2528.104,0.082875
2528.105,0.09633
2528.106,0.10178999999999999
2528.107,0.125775
2528.108,0.153855
2528.109,0.183495
2528.11,0.18603
2528.111,0.18603
2528.112,0.18291
2528.113,0.17823
2528.114,0.169455
2528.115,0.158535
2528.116,0.14313
2528.117,0.13377
2528.118,0.127335
2528.119,0.099255
2528.12,0.083655
2528.121,0.091455
2528.122,0.09984
2528.123,0.116415
2528.124,0.14625
2528.125,0.17667
2528.126,0.185055
2528.127,0.19149
2528.128,0.192465
2528.129,0.185445
2528.13,0.17628
2528.131,0.165555
2528.132,0.158145
2528.133,0.1404
2528.134,0.13143
2528.135,0.11309999999999999
2528.136,0.09711
2528.137,0.08619
2528.138,0.095745
2528.139,0.103935
2528.14,0.121095
2528.141,0.148395
2528.142,0.178035
2528.143,0.18447
2528.144,0.19032
2528.145,0.192465
2528.146,0.18603
2528.147,0.17043
2528.148,0.16536
2528.149,0.15366
2528.15,0.136695
2528.151,0.125775
2528.152,0.10686
2528.153,0.09086999999999999
2528.154,0.08931
2528.155,0.0975
2528.156,0.10686
2528.157,0.12675
2528.158,0.16302
2528.159,0.18291
2528.16,0.18837
2528.161,0.185445
2528.162,0.183105
2528.163,0.173355
2528.164,0.165555
2528.165,0.165555
2528.166,0.14937
2528.167,0.135135
2528.168,0.124995
2528.169,0.097695
2528.17,0.089505
2528.171,0.09009
2528.172,0.10217999999999999
2528.173,0.11817
2528.174,0.13923
2528.175,0.17784
2528.176,0.183495
2528.177,0.18369
2528.178,0.18798
2528.179,0.181155
2528.18,0.17043
2528.181,0.16614
2528.182,0.157755
2528.183,0.145665
2528.184,0.14079
2528.185,0.117585
2528.186,0.09555
2528.187,0.09086999999999999
2528.188,0.10023
2528.189,0.11271
2528.19,0.123825
2528.191,0.158535
2528.192,0.185055
2528.193,0.191295
2528.194,0.19227
2528.195,0.191295
2528.196,0.185055
2528.197,0.17784
2528.198,0.17238
2528.199,0.163215
2528.2,0.148005
2528.201,0.13182
2528.202,0.11329499999999999
2528.203,0.09555
2528.204,0.08931
2528.205,0.108225
2528.206,0.11271
2528.207,0.135135
2528.208,0.16887
2528.209,0.18914999999999998
2528.21,0.199875
2528.211,0.19539
2528.212,0.192855
2528.213,0.186615
2528.214,0.172575
2528.215,0.16575
2528.216,0.149175
2528.217,0.136695
2528.218,0.13299
2528.219,0.11115
2528.22,0.095745
2528.221,0.100815
2528.222,0.110175
2528.223,0.126945
2528.224,0.156975
2528.225,0.183885
2528.226,0.19539
2528.227,0.19812
2528.228,0.20124
2528.229,0.195
2528.23,0.18525
2528.231,0.17004
2528.232,0.16652999999999998
2528.233,0.149175
2528.234,0.13923
2528.235,0.11680499999999999
2528.236,0.10198499999999999
2528.237,0.095355
2528.238,0.107055
2528.239,0.11271
2528.24,0.135135
2528.241,0.15795
2528.242,0.182715
2528.243,0.189735
2528.244,0.1911
2528.245,0.186225
2528.246,0.183495
2528.247,0.176475
2528.248,0.16614
2528.249,0.15170999999999998
2528.25,0.1404
2528.251,0.13338
2528.252,0.10764
2528.253,0.089505
2528.254,0.089895
2528.255,0.103935
2528.256,0.11388
2528.257,0.13299
2528.258,0.16614
2528.259,0.186225
2528.26,0.185445
2528.261,0.19071
2528.262,0.18369
2528.263,0.178815
2528.264,0.168285
2528.265,0.16107
2528.266,0.143325
2528.267,0.13299
2528.268,0.12831
2528.269,0.09984
2528.27,0.08619
2528.271,0.091455
2528.272,0.09457499999999999
2528.273,0.11329499999999999
2528.274,0.136305
2528.275,0.16419
2528.276,0.18173999999999998
2528.277,0.186225
2528.278,0.178815
2528.279,0.17667
2528.28,0.171015
2528.281,0.1638
2528.282,0.145275
2528.283,0.135525
2528.284,0.132795
2528.285,0.10764
2528.286,0.08716499999999999
2528.287,0.082095
2528.288,0.09126
2528.289,0.10374
2528.29,0.116415
2528.291,0.153075
2528.292,0.172575
2528.293,0.175695
2528.294,0.18486
2528.295,0.17862
2528.296,0.172575
2528.297,0.16419
2528.298,0.15756
2528.299,0.145275
2528.3,0.133575
2528.301,0.12050999999999999
2528.302,0.100035
2528.303,0.078975
2528.304,0.082875
2528.305,0.085215
2528.306,0.10608
2528.307,0.1248
2528.308,0.15015
2528.309,0.17043
2528.31,0.18291
2528.311,0.176475
2528.312,0.167895
2528.313,0.1599
2528.314,0.151515
2528.315,0.142545
2528.316,0.128115
2528.317,0.116415
2528.318,0.107835
2528.319,0.08307
2528.32,0.066495
2528.321,0.0702
2528.322,0.0819
2528.323,0.09126
2528.324,0.1248
2528.325,0.14937
2528.326,0.15873
2528.327,0.162435
2528.328,0.163215
2528.329,0.15756
2528.33,0.14508
2528.331,0.13221
2528.332,0.128115
2528.333,0.114075
2528.334,0.10803
2528.335,0.08307
2528.336,0.066495
2528.337,0.05811
2528.338,0.0663
2528.339,0.078585
2528.34,0.08696999999999999
2528.341,0.122655
2528.342,0.150735
2528.343,0.156975
2528.344,0.15795
2528.345,0.156975
2528.346,0.149565
2528.347,0.13923
2528.348,0.136695
2528.349,0.12012
2528.35,0.110175
2528.351,0.097695
2528.352,0.07839
2528.353,0.060254999999999996
2528.354,0.06279
2528.355,0.07059
2528.356,0.08268
2528.357,0.10178999999999999
2528.358,0.128895
2528.359,0.15327
2528.36,0.16302
2528.361,0.158145
2528.362,0.153855
2528.363,0.146055
2528.364,0.135135
2528.365,0.12675
2528.366,0.112515
2528.367,0.097695
2528.368,0.09555
2528.369,0.066495
2528.37,0.054405
2528.371,0.057135
2528.372,0.066495
2528.373,0.08326499999999999
2528.374,0.10958999999999999
2528.375,0.13884
2528.376,0.154245
2528.377,0.153075
2528.378,0.15639
2528.379,0.146055
2528.38,0.133965
2528.381,0.1287
2528.382,0.116415
2528.383,0.106275
2528.384,0.10062
2528.385,0.078975
2528.386,0.05382
2528.387,0.05187
2528.388,0.060254999999999996
2528.389,0.06552
2528.39,0.0819
2528.391,0.11271
2528.392,0.139815
2528.393,0.146055
2528.394,0.15366
2528.395,0.146445
2528.396,0.136695
2528.397,0.13299
2528.398,0.12050999999999999
2528.399,0.108615
2528.4,0.092625
2528.401,0.08326499999999999
2528.402,0.06279
2528.403,0.044655
2528.404,0.039779999999999996
2528.405,0.05148
2528.406,0.06552
2528.407,0.08326499999999999
2528.408,0.111735
2528.409,0.13182
2528.41,0.132795
2528.411,0.13611
2528.412,0.13104
2528.413,0.12050999999999999
2528.414,0.11232
2528.415,0.10803
2528.416,0.09321
2528.417,0.07917
2528.418,0.07371
2528.419,0.04797
2528.42,0.030615
2528.421,0.0351
2528.422,0.05304
2528.423,0.066885
2528.424,0.09243
2528.425,0.121095
2528.426,0.13299
2528.427,0.13299
2528.428,0.13572
2528.429,0.125775
2528.43,0.122655
2528.431,0.11544
2528.432,0.100815
2528.433,0.091455
2528.434,0.080535
2528.435,0.0624
2528.436,0.04134
2528.437,0.033345
2528.438,0.046215
2528.439,0.061425
2528.44,0.072735
2528.441,0.106275
2528.442,0.128895
2528.443,0.135135
2528.444,0.141375
2528.445,0.135135
2528.446,0.12675
2528.447,0.121095
2528.448,0.11427
2528.449,0.100035
2528.45,0.089505
2528.451,0.078975
2528.452,0.054015
2528.453,0.041535
2528.454,0.039585
2528.455,0.04563
2528.456,0.06903
2528.457,0.085215
2528.458,0.11329499999999999
2528.459,0.13299
2528.46,0.135135
2528.461,0.13884
2528.462,0.13104
2528.463,0.12050999999999999
2528.464,0.11680499999999999
2528.465,0.106275
2528.466,0.093015
2528.467,0.08307
2528.468,0.078
2528.469,0.04602
2528.47,0.029055
2528.471,0.039
2528.472,0.041535
2528.473,0.056355
2528.474,0.085215
2528.475,0.11349
2528.476,0.123435
2528.477,0.122655
2528.478,0.117975
2528.479,0.113685
2528.48,0.10335
2528.481,0.096135
2528.482,0.082095
2528.483,0.064545
2528.484,0.060645
2528.485,0.045434999999999996
2528.486,0.0234
2528.487,0.02067
2528.488,0.02652
2528.489,0.03471
2528.49,0.04095
2528.491,0.07878
2528.492,0.09984
2528.493,0.10491
2528.494,0.105105
2528.495,0.10608
2528.496,0.1014
2528.497,0.088335
2528.498,0.082875
2528.499,0.070395
2528.5,0.055185
2528.501,0.04563
2528.502,0.02535
2528.503,0.00702
2528.504,0.0078
2528.505,0.01911
2528.506,0.029055
2528.507,0.045825
2528.508,0.08151
2528.509,0.093795
2528.51,0.10686
2528.511,0.09984
2528.512,0.102375
2528.513,0.08619
2528.514,0.07878
2528.515,0.07566
2528.516,0.054015
2528.517,0.046605
2528.518,0.0351
2528.519,0.01326
2528.52,-0.00819
2528.521,0.000975
2528.522,0.016965
2528.523,0.02847
2528.524,0.058304999999999996
2528.525,0.08619
2528.526,0.092625
2528.527,0.103935
2528.528,0.100815
2528.529,0.09437999999999999
2528.53,0.08326499999999999
2528.531,0.070785
2528.532,0.063375
2528.533,0.056549999999999996
2528.534,0.047189999999999996
2528.535,0.032955
2528.536,0.00195
2528.537,-0.0042899999999999995
2528.538,0.008775
2528.539,0.01755
2528.54,0.042705
2528.541,0.074295
2528.542,0.09984
2528.543,0.103935
2528.544,0.10178999999999999
2528.545,0.103935
2528.546,0.09243
2528.547,0.085215
2528.548,0.078975
2528.549,0.066495
2528.55,0.051675
2528.551,0.045825
2528.552,0.01443
2528.553,0.0039
2528.554,0.00507
2528.555,0.02067
2528.556,0.03315
2528.557,0.051089999999999997
2528.558,0.08268
2528.559,0.09555
2528.56,0.10178999999999999
2528.561,0.10178999999999999
2528.562,0.096135
2528.563,0.095745
2528.564,0.08619
2528.565,0.07917
2528.566,0.057135
2528.567,0.051089999999999997
2528.568,0.035685
2528.569,0.015795
2528.57,0.00702
2528.571,0.008775
2528.572,0.01443
2528.573,0.037245
2528.574,0.06318
2528.575,0.09086999999999999
2528.576,0.10335
2528.577,0.10686
2528.578,0.10335
2528.579,0.10062
2528.58,0.092235
2528.581,0.08502
2528.582,0.072735
2528.583,0.058499999999999996
2528.584,0.047775
2528.585,0.028274999999999998
2528.586,0.0021449999999999998
2528.587,0.0039
2528.588,0.01638
2528.589,0.02652
2528.59,0.035295
2528.591,0.07059
2528.592,0.096525
2528.593,0.10023
2528.594,0.10296
2528.595,0.10198499999999999
2528.596,0.093015
2528.597,0.085215
2528.598,0.07683
2528.599,0.067665
2528.6,0.05499
2528.601,0.043484999999999996
2528.602,0.02496
2528.603,0.0042899999999999995
2528.604,0.007995
2528.605,0.016575
2528.606,0.02691
2528.607,0.057915
2528.608,0.08696999999999999
2528.609,0.10178999999999999
2528.61,0.110175
2528.611,0.11037
2528.612,0.10803
2528.613,0.09984
2528.614,0.09516
2528.615,0.08502
2528.616,0.071175
2528.617,0.060254999999999996
2528.618,0.045825
2528.619,0.02496
2528.62,0.010335
2528.621,0.01404
2528.622,0.02886
2528.623,0.047775
2528.624,0.07371
2528.625,0.10023
2528.626,0.12050999999999999
2528.627,0.12050999999999999
2528.628,0.12012
2528.629,0.116415
2528.63,0.10803
2528.631,0.10296
2528.632,0.09126
2528.633,0.076635
2528.634,0.070395
2528.635,0.048945
2528.636,0.03159
2528.637,0.02691
2528.638,0.03939
2528.639,0.046215
2528.64,0.06279
2528.641,0.102375
2528.642,0.125775
2528.643,0.133575
2528.644,0.1326
2528.645,0.132795
2528.646,0.1248
2528.647,0.11544
2528.648,0.104325
2528.649,0.09243
2528.65,0.08385
2528.651,0.07371
2528.652,0.057915
2528.653,0.038415
2528.654,0.04056
2528.655,0.052065
2528.656,0.06396
2528.657,0.091455
2528.658,0.119535
2528.659,0.139035
2528.66,0.147615
2528.661,0.14508
2528.662,0.14547
2528.663,0.13767
2528.664,0.121485
2528.665,0.11583
2528.666,0.095355
2528.667,0.09457499999999999
2528.668,0.07137
2528.669,0.05616
2528.67,0.042705
2528.671,0.05031
2528.672,0.066885
2528.673,0.0819
2528.674,0.10764
2528.675,0.13611
2528.676,0.140595
2528.677,0.14547
2528.678,0.147615
2528.679,0.140595
2528.68,0.1326
2528.681,0.128115
2528.682,0.11037
2528.683,0.09867
2528.684,0.08696999999999999
2528.685,0.07371
2528.686,0.051675
2528.687,0.045434999999999996
2528.688,0.05187
2528.689,0.06669
2528.69,0.0819
2528.691,0.116415
2528.692,0.141375
2528.693,0.142935
2528.694,0.14449499999999998
2528.695,0.141375
2528.696,0.132795
2528.697,0.132015
2528.698,0.11349
2528.699,0.107055
2528.7,0.092625
2528.701,0.08307
2528.702,0.066495
2528.703,0.046605
2528.704,0.050115
2528.705,0.061035
2528.706,0.06844499999999999
2528.707,0.091455
2528.708,0.12246
2528.709,0.142545
2528.71,0.140595
2528.711,0.141765
2528.712,0.142545
2528.713,0.128895
2528.714,0.12129
2528.715,0.11309999999999999
2528.716,0.096135
2528.717,0.085605
2528.718,0.072735
2528.719,0.05304
2528.72,0.03627
2528.721,0.050894999999999996
2528.722,0.05382
2528.723,0.07059
2528.724,0.10178999999999999
2528.725,0.128895
2528.726,0.13923
2528.727,0.14547
2528.728,0.14118
2528.729,0.1326
2528.73,0.128895
2528.731,0.11622
2528.732,0.103935
2528.733,0.095745
2528.734,0.083655
2528.735,0.06552
2528.736,0.04875
2528.737,0.03549
2528.738,0.050894999999999996
2528.739,0.06318
2528.74,0.077415
2528.741,0.107055
2528.742,0.133575
2528.743,0.15170999999999998
2528.744,0.145665
2528.745,0.136695
2528.746,0.13377
2528.747,0.125775
2528.748,0.125775
2528.749,0.11115
2528.75,0.097695
2528.751,0.08736
2528.752,0.070785
2528.753,0.050894999999999996
2528.754,0.050894999999999996
2528.755,0.06279
2528.756,0.071175
2528.757,0.100035
2528.758,0.125775
2528.759,0.14547
2528.76,0.149955
2528.761,0.14859
2528.762,0.145665
2528.763,0.139035
2528.764,0.132015
2528.765,0.12831
2528.766,0.110175
2528.767,0.106275
2528.768,0.08931
2528.769,0.066495
2528.77,0.057135
2528.771,0.06435
2528.772,0.071955
2528.773,0.09555
2528.774,0.12070499999999999
2528.775,0.148005
2528.776,0.156195
2528.777,0.160095
2528.778,0.157755
2528.779,0.15950999999999999
2528.78,0.153855
2528.781,0.14118
2528.782,0.128115
2528.783,0.114075
2528.784,0.10647
2528.785,0.085215
2528.786,0.06591
2528.787,0.060254999999999996
2528.788,0.074295
2528.789,0.085215
2528.79,0.097695
2528.791,0.13299
2528.792,0.15931499999999998
2528.793,0.16575
2528.794,0.166335
2528.795,0.168675
2528.796,0.158535
2528.797,0.153855
2528.798,0.143325
2528.799,0.135135
2528.8,0.121095
2528.801,0.116415
2528.802,0.08814
2528.803,0.07683
2528.804,0.07878
2528.805,0.086775
2528.806,0.10764
2528.807,0.129285
2528.808,0.157755
2528.809,0.17413499999999998
2528.81,0.1716
2528.811,0.17823
2528.812,0.171405
2528.813,0.16652999999999998
2528.814,0.15795
2528.815,0.146445
2528.816,0.13104
2528.817,0.12558
2528.818,0.10686
2528.819,0.089115
2528.82,0.07878
2528.821,0.081315
2528.822,0.08892
2528.823,0.10803
2528.824,0.139815
2528.825,0.16614
2528.826,0.17667
2528.827,0.17355
2528.828,0.17413499999999998
2528.829,0.17667
2528.83,0.166335
2528.831,0.15170999999999998
2528.832,0.139815
2528.833,0.130065
2528.834,0.12519
2528.835,0.10178999999999999
2528.836,0.088335
2528.837,0.078975
2528.838,0.08931
2528.839,0.10062
2528.84,0.11583
2528.841,0.15288
2528.842,0.171015
2528.843,0.178815
2528.844,0.17355
2528.845,0.18252
2528.846,0.169455
2528.847,0.15795
2528.848,0.15288
2528.849,0.135135
2528.85,0.12792
2528.851,0.11583
2528.852,0.08892
2528.853,0.078975
2528.854,0.07683
2528.855,0.091455
2528.856,0.103935
2528.857,0.1287
2528.858,0.15756
2528.859,0.17199
2528.86,0.17667
2528.861,0.18134999999999998
2528.862,0.17043
2528.863,0.16458
2528.864,0.158535
2528.865,0.14547
2528.866,0.13299
2528.867,0.12285
2528.868,0.10686
2528.869,0.083655
2528.87,0.07683
2528.871,0.0819
2528.872,0.08716499999999999
2528.873,0.10257
2528.874,0.141375
2528.875,0.160095
2528.876,0.170235
2528.877,0.17667
2528.878,0.172965
2528.879,0.17238
2528.88,0.16263
2528.881,0.153465
2528.882,0.141375
2528.883,0.133575
2528.884,0.12636
2528.885,0.10062
2528.886,0.08307
2528.887,0.08112
2528.888,0.09555
2528.889,0.107835
2528.89,0.11973
2528.891,0.15795
2528.892,0.180375
2528.893,0.188175
2528.894,0.192465
2528.895,0.18914999999999998
2528.896,0.17784
2528.897,0.170235
2528.898,0.166335
2528.899,0.153855
2528.9,0.14079
2528.901,0.13338
2528.902,0.10958999999999999
2528.903,0.09243
2528.904,0.091845
2528.905,0.107055
2528.906,0.11388
2528.907,0.142545
2528.908,0.168285
2528.909,0.183495
2528.91,0.1911
2528.911,0.193245
2528.912,0.18291
2528.913,0.17628
2528.914,0.172575
2528.915,0.156975
2528.916,0.141375
2528.917,0.1326
2528.918,0.119535
2528.919,0.100035
2528.92,0.097695
2528.921,0.09555
2528.922,0.108615
2528.923,0.12207
2528.924,0.15405
2528.925,0.18173999999999998
2528.926,0.182715
2528.927,0.191685
2528.928,0.18914999999999998
2528.929,0.183105
2528.93,0.180375
2528.931,0.17667
2528.932,0.15950999999999999
2528.933,0.14547
2528.934,0.14547
2528.935,0.1248
2528.936,0.100815
2528.937,0.10296
2528.938,0.11622
2528.939,0.124995
2528.94,0.13923
2528.941,0.178815
2528.942,0.19968
2528.943,0.20787
2528.944,0.20357999999999998
2528.945,0.20377499999999998
2528.946,0.197535
2528.947,0.18895499999999998
2528.948,0.18369
2528.949,0.16536
2528.95,0.15795
2528.951,0.142935
2528.952,0.12050999999999999
2528.953,0.107835
2528.954,0.107055
2528.955,0.12031499999999999
2528.956,0.131235
2528.957,0.157755
2528.958,0.18291
2528.959,0.20007
2528.96,0.20709
2528.961,0.20377499999999998
2528.962,0.200655
2528.963,0.191685
2528.964,0.190515
2528.965,0.176865
2528.966,0.156975
2528.967,0.147615
2528.968,0.128895
2528.969,0.108615
2528.97,0.10764
2528.971,0.11271
2528.972,0.12285
2528.973,0.13884
2528.974,0.16691999999999999
2528.975,0.1911
2528.976,0.198705
2528.977,0.2028
2528.978,0.206115
2528.979,0.201435
2528.98,0.187005
2528.981,0.176475
2528.982,0.16107
2528.983,0.15483
2528.984,0.146445
2528.985,0.128115
2528.986,0.107835
2528.987,0.10178999999999999
2528.988,0.11271
2528.989,0.125775
2528.99,0.14547
2528.991,0.17413499999999998
2528.992,0.19968
2528.993,0.20748
2528.994,0.20007
2528.995,0.195585
2528.996,0.183495
2528.997,0.185055
2528.998,0.17862
2528.999,0.15795
2529.0,0.153855
2529.001,0.135135
2529.002,0.108615
2529.003,0.09516
2529.004,0.10374
2529.005,0.114075
2529.006,0.123435
2529.007,0.153855
2529.008,0.18291
2529.009,0.19539
2529.01,0.192465
2529.011,0.19734
2529.012,0.193245
2529.013,0.18603
2529.014,0.17667
2529.015,0.163215
2529.016,0.148005
2529.017,0.140595
2529.018,0.12050999999999999
2529.019,0.10413
2529.02,0.09555
2529.021,0.10374
2529.022,0.114075
2529.023,0.128895
2529.024,0.16224
2529.025,0.185055
2529.026,0.18914999999999998
2529.027,0.19149
2529.028,0.192855
2529.029,0.190515
2529.03,0.179985
2529.031,0.167895
2529.032,0.158145
2529.033,0.146445
2529.034,0.13143
2529.035,0.11505
2529.036,0.09457499999999999
2529.037,0.08931
2529.038,0.09633
2529.039,0.10803
2529.04,0.128895
2529.041,0.16614
2529.042,0.18934499999999999
2529.043,0.19616999999999998
2529.044,0.19539
2529.045,0.185835
2529.046,0.183105
2529.047,0.166335
2529.048,0.16614
2529.049,0.149175
2529.05,0.13143
2529.051,0.12967499999999998
2529.052,0.103545
2529.053,0.08619
2529.054,0.089115
2529.055,0.1014
2529.056,0.12070499999999999
2529.057,0.14449499999999998
2529.058,0.17355
2529.059,0.185055
2529.06,0.18798
2529.061,0.192465
2529.062,0.181155
2529.063,0.17667
2529.064,0.169845
2529.065,0.160095
2529.066,0.147615
2529.067,0.13708499999999998
2529.068,0.11309999999999999
2529.069,0.095745
2529.07,0.091455
2529.071,0.093015
2529.072,0.10413
2529.073,0.117585
2529.074,0.15327
2529.075,0.181155
2529.076,0.183105
2529.077,0.18914999999999998
2529.078,0.188175
2529.079,0.182715
2529.08,0.17511
2529.081,0.167895
2529.082,0.156975
2529.083,0.145665
2529.084,0.13299
2529.085,0.11427
2529.086,0.09555
2529.087,0.095745
2529.088,0.107055
2529.089,0.11427
2529.09,0.128895
2529.091,0.165555
2529.092,0.18914999999999998
2529.093,0.19539
2529.094,0.193245
2529.095,0.192855
2529.096,0.185445
2529.097,0.17511
2529.098,0.17043
2529.099,0.149175
2529.1,0.147615
2529.101,0.13611
2529.102,0.10764
2529.103,0.096135
2529.104,0.095355
2529.105,0.10998
2529.106,0.122655
2529.107,0.147615
2529.108,0.177255
2529.109,0.19539
2529.11,0.197535
2529.111,0.19539
2529.112,0.198705
2529.113,0.183495
2529.114,0.17862
2529.115,0.17043
2529.116,0.15366
2529.117,0.14235
2529.118,0.12675
2529.119,0.10608
2529.12,0.10178999999999999
2529.121,0.107835
2529.122,0.12012
2529.123,0.13611
2529.124,0.163995
2529.125,0.19675499999999999
2529.126,0.195
2529.127,0.2028
2529.128,0.19227
2529.129,0.187395
2529.13,0.18193499999999999
2529.131,0.172575
2529.132,0.160485
2529.133,0.147615
2529.134,0.1326
2529.135,0.11329499999999999
2529.136,0.09789
2529.137,0.09282
2529.138,0.101595
2529.139,0.112515
2529.14,0.132015
2529.141,0.166335
2529.142,0.18603
2529.143,0.19227
2529.144,0.195
2529.145,0.192465
2529.146,0.18291
2529.147,0.178035
2529.148,0.16672499999999998
2529.149,0.14859
2529.15,0.142935
2529.151,0.13299
2529.152,0.10647
2529.153,0.095745
2529.154,0.093015
2529.155,0.10491
2529.156,0.130845
2529.157,0.14742
2529.158,0.171015
2529.159,0.18291
2529.16,0.191295
2529.161,0.193245
2529.162,0.18564
2529.163,0.18173999999999998
2529.164,0.170235
2529.165,0.166335
2529.166,0.14547
2529.167,0.139035
2529.168,0.12070499999999999
2529.169,0.10178999999999999
2529.17,0.08931
2529.171,0.100815
2529.172,0.11115
2529.173,0.12246
2529.174,0.156195
2529.175,0.182715
2529.176,0.18934499999999999
2529.177,0.19422
2529.178,0.192855
2529.179,0.19032
2529.18,0.172575
2529.181,0.1677
2529.182,0.153075
2529.183,0.141375
2529.184,0.13611
2529.185,0.11622
2529.186,0.092235
2529.187,0.09067499999999999
2529.188,0.103935
2529.189,0.114075
2529.19,0.132795
2529.191,0.16185
2529.192,0.185055
2529.193,0.19539
2529.194,0.18914999999999998
2529.195,0.18291
2529.196,0.18291
2529.197,0.16926
2529.198,0.16419
2529.199,0.145275
2529.2,0.136695
2529.201,0.129285
2529.202,0.10374
2529.203,0.085605
2529.204,0.08307
2529.205,0.097695
2529.206,0.108615
2529.207,0.13533
2529.208,0.16575
2529.209,0.178815
2529.21,0.18193499999999999
2529.211,0.19071
2529.212,0.170625
2529.213,0.16731
2529.214,0.153855
2529.215,0.149175
2529.216,0.132795
2529.217,0.12519
2529.218,0.10647
2529.219,0.085215
2529.22,0.08151
2529.221,0.08307
2529.222,0.09633
2529.223,0.116415
2529.224,0.14781
2529.225,0.17121
2529.226,0.17277
2529.227,0.17667
2529.228,0.173745
2529.229,0.163215
2529.23,0.1638
2529.231,0.15366
2529.232,0.136695
2529.233,0.128895
2529.234,0.117975
2529.235,0.10296
2529.236,0.073125
2529.237,0.07176
2529.238,0.083655
2529.239,0.09555
2529.24,0.118365
2529.241,0.147615
2529.242,0.16536
2529.243,0.17355
2529.244,0.17043
2529.245,0.173355
2529.246,0.160485
2529.247,0.149175
2529.248,0.14547
2529.249,0.13708499999999998
2529.25,0.12285
2529.251,0.111345
2529.252,0.08892
2529.253,0.07644
2529.254,0.07878
2529.255,0.091455
2529.256,0.10257
2529.257,0.13299
2529.258,0.16068
2529.259,0.17823
2529.26,0.168285
2529.261,0.173745
2529.262,0.172575
2529.263,0.167505
2529.264,0.149175
2529.265,0.143325
2529.266,0.133185
2529.267,0.12558
2529.268,0.107055
2529.269,0.08463
2529.27,0.07683
2529.271,0.08326499999999999
2529.272,0.09086999999999999
2529.273,0.116415
2529.274,0.145275
2529.275,0.17043
2529.276,0.17413499999999998
2529.277,0.178035
2529.278,0.172965
2529.279,0.167895
2529.28,0.16107
2529.281,0.148785
2529.282,0.141765
2529.283,0.128895
2529.284,0.117975
2529.285,0.0975
2529.286,0.07839
2529.287,0.083655
2529.288,0.091455
2529.289,0.10803
2529.29,0.126945
2529.291,0.158535
2529.292,0.172575
2529.293,0.183885
2529.294,0.17862
2529.295,0.17432999999999998
2529.296,0.171015
2529.297,0.1638
2529.298,0.156195
2529.299,0.13688999999999998
2529.3,0.1287
2529.301,0.122655
2529.302,0.09243
2529.303,0.08112
2529.304,0.088335
2529.305,0.102375
2529.306,0.11309999999999999
2529.307,0.138255
2529.308,0.16731
2529.309,0.17979
2529.31,0.18369
2529.311,0.184665
2529.312,0.17823
2529.313,0.171015
2529.314,0.162435
2529.315,0.153075
2529.316,0.136695
2529.317,0.12558
2529.318,0.10803
2529.319,0.09243
2529.32,0.086775
2529.321,0.091845
2529.322,0.10062
2529.323,0.11622
2529.324,0.151515
2529.325,0.172575
2529.326,0.18173999999999998
2529.327,0.185055
2529.328,0.18193499999999999
2529.329,0.172965
2529.33,0.170625
2529.331,0.16107
2529.332,0.147615
2529.333,0.133185
2529.334,0.12675
2529.335,0.11232
2529.336,0.08931
2529.337,0.09126
2529.338,0.10178999999999999
2529.339,0.112515
2529.34,0.129285
2529.341,0.160095
2529.342,0.185445
2529.343,0.18914999999999998
2529.344,0.18914999999999998
2529.345,0.18603
2529.346,0.178035
2529.347,0.169455
2529.348,0.1599
2529.349,0.13923
2529.35,0.1326
2529.351,0.128115
2529.352,0.09555
2529.353,0.078975
2529.354,0.09126
2529.355,0.09808499999999999
2529.356,0.107835
2529.357,0.136695
2529.358,0.163995
2529.359,0.183495
2529.36,0.185055
2529.361,0.185055
2529.362,0.182715
2529.363,0.17043
2529.364,0.16419
2529.365,0.14937
2529.366,0.135135
2529.367,0.134355
2529.368,0.10958999999999999
2529.369,0.09165
2529.37,0.089115
2529.371,0.093015
2529.372,0.10491
2529.373,0.11309999999999999
2529.374,0.15366
2529.375,0.17452499999999999
2529.376,0.18291
2529.377,0.18914999999999998
2529.378,0.18291
2529.379,0.172965
2529.38,0.17238
2529.381,0.16536
2529.382,0.14547
2529.383,0.13455
2529.384,0.12519
2529.385,0.103935
2529.386,0.089115
2529.387,0.08326499999999999
2529.388,0.1014
2529.389,0.11037
2529.39,0.132015
2529.391,0.161655
2529.392,0.178815
2529.393,0.18603
2529.394,0.183495
2529.395,0.18291
2529.396,0.170235
2529.397,0.166335
2529.398,0.157755
2529.399,0.142935
2529.4,0.1326
2529.401,0.122655
2529.402,0.093015
2529.403,0.083655
2529.404,0.08931
2529.405,0.097695
2529.406,0.11329499999999999
2529.407,0.136305
2529.408,0.170235
2529.409,0.184665
2529.41,0.18291
2529.411,0.185835
2529.412,0.177255
2529.413,0.171405
2529.414,0.164775
2529.415,0.15170999999999998
2529.416,0.14001
2529.417,0.135135
2529.418,0.11388
2529.419,0.091845
2529.42,0.08619
2529.421,0.093405
2529.422,0.1014
2529.423,0.119535
2529.424,0.151515
2529.425,0.172965
2529.426,0.178815
2529.427,0.18096
2529.428,0.185055
2529.429,0.17784
2529.43,0.16614
2529.431,0.155025
2529.432,0.14625
2529.433,0.131235
2529.434,0.12207
2529.435,0.10803
2529.436,0.078975
2529.437,0.0819
2529.438,0.092625
2529.439,0.10764
2529.44,0.125775
2529.441,0.153855
2529.442,0.178815
2529.443,0.178815
2529.444,0.17706
2529.445,0.17862
2529.446,0.17413499999999998
2529.447,0.16419
2529.448,0.15366
2529.449,0.13688999999999998
2529.45,0.12792
2529.451,0.116415
2529.452,0.089115
2529.453,0.07488
2529.454,0.08326499999999999
2529.455,0.08931
2529.456,0.107835
2529.457,0.128895
2529.458,0.16107
2529.459,0.172575
2529.46,0.17667
2529.461,0.17628
2529.462,0.168285
2529.463,0.160095
2529.464,0.15132
2529.465,0.142545
2529.466,0.130455
2529.467,0.12675
2529.468,0.09789
2529.469,0.084825
2529.47,0.07644
2529.471,0.07839
2529.472,0.09243
2529.473,0.10686
2529.474,0.1404
2529.475,0.163215
2529.476,0.16419
2529.477,0.17199
2529.478,0.16614
2529.479,0.16575
2529.48,0.157755
2529.481,0.146055
2529.482,0.13611
2529.483,0.117195
2529.484,0.10939499999999999
2529.485,0.092625
2529.486,0.073125
2529.487,0.072735
2529.488,0.083655
2529.489,0.097695
2529.49,0.12129
2529.491,0.15170999999999998
2529.492,0.169845
2529.493,0.17823
2529.494,0.171015
2529.495,0.163995
2529.496,0.15795
2529.497,0.146445
2529.498,0.142935
2529.499,0.12831
2529.5,0.12031499999999999
2529.501,0.110175
2529.502,0.07878
2529.503,0.066495
2529.504,0.078195
2529.505,0.085215
2529.506,0.10178999999999999
2529.507,0.128895
2529.508,0.15678
2529.509,0.17004
2529.51,0.166335
2529.511,0.169455
2529.512,0.16575
2529.513,0.15678
2529.514,0.149175
2529.515,0.132015
2529.516,0.121875
2529.517,0.11037
2529.518,0.09594
2529.519,0.070785
2529.52,0.066495
2529.521,0.074295
2529.522,0.08619
2529.523,0.09984
2529.524,0.13182
2529.525,0.158535
2529.526,0.161655
2529.527,0.17004
2529.528,0.165555
2529.529,0.158535
2529.53,0.14859
2529.531,0.142545
2529.532,0.12675
2529.533,0.116415
2529.534,0.10881
2529.535,0.088335
2529.536,0.07527
2529.537,0.070005
2529.538,0.08112
2529.539,0.092625
2529.54,0.11817
2529.541,0.1404
2529.542,0.16536
2529.543,0.166335
2529.544,0.16575
2529.545,0.167895
2529.546,0.15678
2529.547,0.14781
2529.548,0.136305
2529.549,0.128895
2529.55,0.12012
2529.551,0.107055
2529.552,0.076635
2529.553,0.065715
2529.554,0.066495
2529.555,0.078975
2529.556,0.09126
2529.557,0.12129
2529.558,0.15015
2529.559,0.163215
2529.56,0.16614
2529.561,0.169455
2529.562,0.158925
2529.563,0.15678
2529.564,0.145275
2529.565,0.13338
2529.566,0.11680499999999999
2529.567,0.11232
2529.568,0.088335
2529.569,0.069615
2529.57,0.066495
2529.571,0.072735
2529.572,0.083655
2529.573,0.10062
2529.574,0.13688999999999998
2529.575,0.15483
2529.576,0.16029
2529.577,0.16652999999999998
2529.578,0.163995
2529.579,0.158925
2529.58,0.15366
2529.581,0.139035
2529.582,0.12519
2529.583,0.11622
2529.584,0.10335
2529.585,0.07683
2529.586,0.064545
2529.587,0.065715
2529.588,0.07585499999999999
2529.589,0.086775
2529.59,0.11271
2529.591,0.141375
2529.592,0.16419
2529.593,0.168285
2529.594,0.16302
2529.595,0.160095
2529.596,0.15366
2529.597,0.14547
2529.598,0.139035
2529.599,0.12421499999999999
2529.6,0.109005
2529.601,0.10178999999999999
2529.602,0.08151
2529.603,0.0663
2529.604,0.070395
2529.605,0.07878
2529.606,0.09243
2529.607,0.11622
2529.608,0.147615
2529.609,0.15795
2529.61,0.15795
2529.611,0.164385
2529.612,0.15327
2529.613,0.148395
2529.614,0.13299
2529.615,0.122655
2529.616,0.11388
2529.617,0.10178999999999999
2529.618,0.085215
2529.619,0.064155
2529.62,0.059085
2529.621,0.06591
2529.622,0.074685
2529.623,0.08716499999999999
2529.624,0.12129
2529.625,0.14547
2529.626,0.150735
2529.627,0.149175
2529.628,0.147615
2529.629,0.13923
2529.63,0.132795
2529.631,0.12558
2529.632,0.11329499999999999
2529.633,0.10062
2529.634,0.095355
2529.635,0.06396
2529.636,0.050894999999999996
2529.637,0.046605
2529.638,0.053235
2529.639,0.067665
2529.64,0.093015
2529.641,0.12031499999999999
2529.642,0.14118
2529.643,0.142935
2529.644,0.139035
2529.645,0.13455
2529.646,0.12792
2529.647,0.116415
2529.648,0.11388
2529.649,0.092235
2529.65,0.085215
2529.651,0.066495
2529.652,0.045825
2529.653,0.034905
2529.654,0.03939
2529.655,0.046215
2529.656,0.062595
2529.657,0.09086999999999999
2529.658,0.11544
2529.659,0.1248
2529.66,0.126555
2529.661,0.126555
2529.662,0.12558
2529.663,0.11427
2529.664,0.10374
2529.665,0.093015
2529.666,0.082095
2529.667,0.071175
2529.668,0.054015
2529.669,0.03705
2529.67,0.025935
2529.671,0.036465
2529.672,0.04524
2529.673,0.058695
2529.674,0.093015
2529.675,0.11329499999999999
2529.676,0.12031499999999999
2529.677,0.117975
2529.678,0.12031499999999999
2529.679,0.11583
2529.68,0.110565
2529.681,0.095745
2529.682,0.08326499999999999
2529.683,0.07371
2529.684,0.060254999999999996
2529.685,0.040755
2529.686,0.02379
2529.687,0.023594999999999998
2529.688,0.033735
2529.689,0.041535
2529.69,0.066495
2529.691,0.092625
2529.692,0.12129
2529.693,0.12070499999999999
2529.694,0.12050999999999999
2529.695,0.11660999999999999
2529.696,0.11271
2529.697,0.09867
2529.698,0.091455
2529.699,0.07644
2529.7,0.066495
2529.701,0.055575
2529.702,0.03315
2529.703,0.0195
2529.704,0.02613
2529.705,0.038415
2529.706,0.04563
2529.707,0.078585
2529.708,0.110175
2529.709,0.11660999999999999
2529.71,0.12558
2529.711,0.12050999999999999
2529.712,0.11115
2529.713,0.107835
2529.714,0.10062
2529.715,0.086775
2529.716,0.073905
2529.717,0.073125
2529.718,0.045434999999999996
2529.719,0.02691
2529.72,0.016575
2529.721,0.03003
2529.722,0.03315
2529.723,0.060254999999999996
2529.724,0.09555
2529.725,0.11739
2529.726,0.128895
2529.727,0.12831
2529.728,0.128895
2529.729,0.1209
2529.73,0.10803
2529.731,0.103935
2529.732,0.09243
2529.733,0.078975
2529.734,0.06669
2529.735,0.04641
2529.736,0.032955
2529.737,0.02652
2529.738,0.0351
2529.739,0.05343
2529.74,0.08307
2529.741,0.107055
2529.742,0.121095
2529.743,0.125775
2529.744,0.1326
2529.745,0.1248
2529.746,0.11739
2529.747,0.10764
2529.748,0.097695
2529.749,0.08268
2529.75,0.071175
2529.751,0.06045
2529.752,0.03315
2529.753,0.023205
2529.754,0.0312
2529.755,0.039195
2529.756,0.058695
2529.757,0.083655
2529.758,0.107835
2529.759,0.117975
2529.76,0.12050999999999999
2529.761,0.12519
2529.762,0.11329499999999999
2529.763,0.10803
2529.764,0.09555
2529.765,0.088335
2529.766,0.073125
2529.767,0.064155
2529.768,0.049139999999999996
2529.769,0.02535
2529.77,0.02496
2529.771,0.029055
2529.772,0.04251
2529.773,0.056549999999999996
2529.774,0.09048
2529.775,0.110175
2529.776,0.117975
2529.777,0.12050999999999999
2529.778,0.110175
2529.779,0.10939499999999999
2529.78,0.10062
2529.781,0.09067499999999999
2529.782,0.078975
2529.783,0.0663
2529.784,0.057135
2529.785,0.0351
2529.786,0.02262
2529.787,0.02574
2529.788,0.035295
2529.789,0.043095
2529.79,0.06435
2529.791,0.100035
2529.792,0.11622
2529.793,0.121095
2529.794,0.117975
2529.795,0.114855
2529.796,0.11232
2529.797,0.10178999999999999
2529.798,0.095355
2529.799,0.078975
2529.8,0.07059
2529.801,0.058695
2529.802,0.033345
2529.803,0.02496
2529.804,0.03549
2529.805,0.043484999999999996
2529.806,0.05499
2529.807,0.08307
2529.808,0.11427
2529.809,0.12050999999999999
2529.81,0.12831
2529.811,0.12675
2529.812,0.119535
2529.813,0.11309999999999999
2529.814,0.10023
2529.815,0.09516
2529.816,0.08112
2529.817,0.075075
2529.818,0.05382
2529.819,0.036855
2529.82,0.029249999999999998
2529.821,0.041729999999999996
2529.822,0.0507
2529.823,0.065715
2529.824,0.10062
2529.825,0.12558
2529.826,0.128895
2529.827,0.12675
2529.828,0.128895
2529.829,0.12675
2529.83,0.12031499999999999
2529.831,0.103935
2529.832,0.09457499999999999
2529.833,0.08268
2529.834,0.07585499999999999
2529.835,0.05031
2529.836,0.035295
2529.837,0.03315
2529.838,0.041535
2529.839,0.05694
2529.84,0.07995
2529.841,0.113685
2529.842,0.13143
2529.843,0.13767
2529.844,0.138255
2529.845,0.131625
2529.846,0.12675
2529.847,0.11817
2529.848,0.108225
2529.849,0.092625
2529.85,0.08716499999999999
2529.851,0.06669
2529.852,0.052455
2529.853,0.04134
2529.854,0.041535
2529.855,0.054015
2529.856,0.07644
2529.857,0.10764
2529.858,0.136305
2529.859,0.145275
2529.86,0.146055
2529.861,0.146055
2529.862,0.13884
2529.863,0.13143
2529.864,0.11680499999999999
2529.865,0.110565
2529.866,0.10296
2529.867,0.08931
2529.868,0.07059
2529.869,0.05187
2529.87,0.03627
2529.871,0.05811
2529.872,0.06045
2529.873,0.0819
2529.874,0.116415
2529.875,0.1404
2529.876,0.142545
2529.877,0.145275
2529.878,0.139035
2529.879,0.13338
2529.88,0.12558
2529.881,0.11660999999999999
2529.882,0.10764
2529.883,0.091455
2529.884,0.08307
2529.885,0.054405
2529.886,0.043875
2529.887,0.04563
2529.888,0.056355
2529.889,0.0663
2529.89,0.096135
2529.891,0.1248
2529.892,0.13533
2529.893,0.141375
2529.894,0.139815
2529.895,0.14118
2529.896,0.12947999999999998
2529.897,0.122655
2529.898,0.110175
2529.899,0.092625
2529.9,0.091455
2529.901,0.069615
2529.902,0.050115
2529.903,0.04056
2529.904,0.041535
2529.905,0.058695
2529.906,0.076635
2529.907,0.10178999999999999
2529.908,0.13104
2529.909,0.142155
2529.91,0.141375
2529.911,0.142155
2529.912,0.133185
2529.913,0.122655
2529.914,0.12031499999999999
2529.915,0.106275
2529.916,0.09437999999999999
2529.917,0.088335
2529.918,0.06747
2529.919,0.043095
2529.92,0.04095
2529.921,0.062595
2529.922,0.0663
2529.923,0.08307
2529.924,0.117975
2529.925,0.14235
2529.926,0.153075
2529.927,0.147615
2529.928,0.147615
2529.929,0.136695
2529.93,0.13727999999999999
2529.931,0.12597
2529.932,0.110175
2529.933,0.09555
2529.934,0.091455
2529.935,0.065715
2529.936,0.04992
2529.937,0.05304
2529.938,0.070395
2529.939,0.08463
2529.94,0.10335
2529.941,0.12714
2529.942,0.145275
2529.943,0.153855
2529.944,0.15288
2529.945,0.156
2529.946,0.14079
2529.947,0.135135
2529.948,0.122655
2529.949,0.107835
2529.95,0.1014
2529.951,0.084435
2529.952,0.060254999999999996
2529.953,0.05187
2529.954,0.057135
2529.955,0.066495
2529.956,0.0858
2529.957,0.11427
2529.958,0.141375
2529.959,0.147615
2529.96,0.15366
2529.961,0.153855
2529.962,0.143715
2529.963,0.13923
2529.964,0.13182
2529.965,0.121095
2529.966,0.107835
2529.967,0.102375
2529.968,0.07995
2529.969,0.06396
2529.97,0.05811
2529.971,0.066105
2529.972,0.08151
2529.973,0.097695
2529.974,0.13104
2529.975,0.15170999999999998
2529.976,0.16652999999999998
2529.977,0.162435
2529.978,0.160095
2529.979,0.149955
2529.98,0.14859
2529.981,0.141375
2529.982,0.1326
2529.983,0.116415
2529.984,0.10647
2529.985,0.072735
2529.986,0.06279
2529.987,0.066495
2529.988,0.08307
2529.989,0.093015
2529.99,0.12050999999999999
2529.991,0.148785
2529.992,0.167895
2529.993,0.170235
2529.994,0.176475
2529.995,0.166335
2529.996,0.157755
2529.997,0.153855
2529.998,0.141765
2529.999,0.1248
2530.0,0.12050999999999999
2530.001,0.103935
2530.002,0.085215
2530.003,0.07059
2530.004,0.081315
2530.005,0.08619
2530.006,0.10178999999999999
2530.007,0.13533
2530.008,0.15795
2530.009,0.170625
2530.01,0.17667
2530.011,0.16731
2530.012,0.168675
2530.013,0.156195
2530.014,0.14742
2530.015,0.13611
2530.016,0.126555
2530.017,0.11427
2530.018,0.093015
2530.019,0.07371
2530.02,0.068055
2530.021,0.07917
2530.022,0.09243
2530.023,0.11544
2530.024,0.145275
2530.025,0.166335
2530.026,0.17862
2530.027,0.172575
2530.028,0.166335
2530.029,0.15795
2530.03,0.15678
2530.031,0.14742
2530.032,0.13143
2530.033,0.13104
2530.034,0.12050999999999999
2530.035,0.09243
2530.036,0.07566
2530.037,0.07917
2530.038,0.09086999999999999
2530.039,0.10491
2530.04,0.13494
2530.041,0.16224
2530.042,0.176085
2530.043,0.18252
2530.044,0.183105
2530.045,0.178815
2530.046,0.17043
2530.047,0.16731
2530.048,0.158535
2530.049,0.146055
2530.05,0.133965
2530.051,0.118365
2530.052,0.1014
2530.053,0.09516
2530.054,0.098865
2530.055,0.110175
2530.056,0.1248
2530.057,0.15190499999999998
2530.058,0.17862
2530.059,0.18895499999999998
2530.06,0.193245
2530.061,0.199875
2530.062,0.185055
2530.063,0.178815
2530.064,0.16965
2530.065,0.153855
2530.066,0.14547
2530.067,0.13923
2530.068,0.117585
2530.069,0.09555
2530.07,0.09457499999999999
2530.071,0.10686
2530.072,0.11739
2530.073,0.133575
2530.074,0.173745
2530.075,0.19539
2530.076,0.201435
2530.077,0.20416499999999999
2530.078,0.19773
2530.079,0.19539
2530.08,0.18154499999999998
2530.081,0.17667
2530.082,0.157755
2530.083,0.1482
2530.084,0.142935
2530.085,0.11505
2530.086,0.102375
2530.087,0.103155
2530.088,0.11680499999999999
2530.089,0.126555
2530.09,0.158535
2530.091,0.18291
2530.092,0.20046
2530.093,0.20163
2530.094,0.199875
2530.095,0.197535
2530.096,0.19032
2530.097,0.177645
2530.098,0.173745
2530.099,0.156
2530.1,0.14703
2530.101,0.12675
2530.102,0.107835
2530.103,0.098475
2530.104,0.10374
2530.105,0.11660999999999999
2530.106,0.135135
2530.107,0.16672499999999998
2530.108,0.19227
2530.109,0.20007
2530.11,0.20357999999999998
2530.111,0.20377499999999998
2530.112,0.201435
2530.113,0.18875999999999998
2530.114,0.17823
2530.115,0.165555
2530.116,0.15678
2530.117,0.14625
2530.118,0.12792
2530.119,0.10374
2530.12,0.10178999999999999
2530.121,0.110175
2530.122,0.12285
2530.123,0.146055
2530.124,0.176475
2530.125,0.20319
2530.126,0.2067
2530.127,0.20748
2530.128,0.200655
2530.129,0.195975
2530.13,0.18134999999999998
2530.131,0.1755
2530.132,0.15795
2530.133,0.156
2530.134,0.13767
2530.135,0.114075
2530.136,0.093405
2530.137,0.10491
2530.138,0.11154
2530.139,0.129285
2530.14,0.15795
2530.141,0.18291
2530.142,0.20163
2530.143,0.19773
2530.144,0.197535
2530.145,0.19968
2530.146,0.191295
2530.147,0.18173999999999998
2530.148,0.17979
2530.149,0.157755
2530.15,0.146055
2530.151,0.12675
2530.152,0.10608
2530.153,0.101595
2530.154,0.10803
2530.155,0.12031499999999999
2530.156,0.13455
2530.157,0.1638
2530.158,0.195
2530.159,0.197535
2530.16,0.20007
2530.161,0.20163
2530.162,0.18914999999999998
2530.163,0.18291
2530.164,0.17355
2530.165,0.160875
2530.166,0.148005
2530.167,0.141375
2530.168,0.116415
2530.169,0.09867
2530.17,0.09711
2530.171,0.103935
2530.172,0.117975
2530.173,0.132015
2530.174,0.17413499999999998
2530.175,0.18895499999999998
2530.176,0.200655
2530.177,0.195585
2530.178,0.19227
2530.179,0.18369
2530.18,0.175695
2530.181,0.17043
2530.182,0.15288
2530.183,0.141375
2530.184,0.13104
2530.185,0.10608
2530.186,0.09437999999999999
2530.187,0.1014
2530.188,0.108225
2530.189,0.124995
2530.19,0.15288
2530.191,0.17667
2530.192,0.197535
2530.193,0.19344
2530.194,0.193245
2530.195,0.19149
2530.196,0.183105
2530.197,0.17823
2530.198,0.16068
2530.199,0.14781
2530.2,0.140595
2530.201,0.124995
2530.202,0.095745
2530.203,0.09048
2530.204,0.093405
2530.205,0.107835
2530.206,0.126945
2530.207,0.156975
2530.208,0.186615
2530.209,0.18369
2530.21,0.19539
2530.211,0.187785
2530.212,0.18291
2530.213,0.17901
2530.214,0.17667
2530.215,0.158145
2530.216,0.142545
2530.217,0.13767
2530.218,0.11622
2530.219,0.09867
2530.22,0.096135
2530.221,0.10764
2530.222,0.114075
2530.223,0.132795
2530.224,0.16614
2530.225,0.191295
2530.226,0.19968
2530.227,0.19539
2530.228,0.191295
2530.229,0.182715
2530.23,0.17413499999999998
2530.231,0.16575
2530.232,0.15054
2530.233,0.14547
2530.234,0.13611
2530.235,0.110175
2530.236,0.09243
2530.237,0.100035
2530.238,0.10958999999999999
2530.239,0.128895
2530.24,0.15132
2530.241,0.18193499999999999
2530.242,0.191295
2530.243,0.19968
2530.244,0.195975
2530.245,0.192465
2530.246,0.18291
2530.247,0.17784
2530.248,0.16536
2530.249,0.153855
2530.25,0.141765
2530.251,0.1248
2530.252,0.10686
2530.253,0.104715
2530.254,0.10803
2530.255,0.11739
2530.256,0.13884
2530.257,0.17277
2530.258,0.193245
2530.259,0.20163
2530.26,0.20943
2530.261,0.206115
2530.262,0.19968
2530.263,0.188175
2530.264,0.178815
2530.265,0.170625
2530.266,0.158925
2530.267,0.145275
2530.268,0.12675
2530.269,0.104715
2530.27,0.103155
2530.271,0.11427
2530.272,0.128895
2530.273,0.142935
2530.274,0.179985
2530.275,0.195195
2530.276,0.210015
2530.277,0.20748
2530.278,0.20319
2530.279,0.197925
2530.28,0.18895499999999998
2530.281,0.178815
2530.282,0.160095
2530.283,0.150735
2530.284,0.14547
2530.285,0.117585
2530.286,0.10374
2530.287,0.10998
2530.288,0.122655
2530.289,0.132795
2530.29,0.163215
2530.291,0.186615
2530.292,0.200655
2530.293,0.20357999999999998
2530.294,0.20592
2530.295,0.201435
2530.296,0.191295
2530.297,0.18291
2530.298,0.166335
2530.299,0.15795
2530.3,0.147615
2530.301,0.12558
2530.302,0.114075
2530.303,0.104325
2530.304,0.10803
2530.305,0.116415
2530.306,0.13611
2530.307,0.166335
2530.308,0.190905
2530.309,0.19695
2530.31,0.20357999999999998
2530.311,0.19851
2530.312,0.19539
2530.313,0.186615
2530.314,0.182715
2530.315,0.1599
2530.316,0.158535
2530.317,0.141375
2530.318,0.122655
2530.319,0.102375
2530.32,0.103935
2530.321,0.11388
2530.322,0.128895
2530.323,0.14449499999999998
2530.324,0.18134999999999998
2530.325,0.194415
2530.326,0.2028
2530.327,0.20377499999999998
2530.328,0.20377499999999998
2530.329,0.195585
2530.33,0.183495
2530.331,0.17784
2530.332,0.156975
2530.333,0.153855
2530.334,0.141765
2530.335,0.12050999999999999
2530.336,0.10374
2530.337,0.107055
2530.338,0.12246
2530.339,0.135135
2530.34,0.16224
2530.341,0.18759
2530.342,0.19968
2530.343,0.2028
2530.344,0.20475
2530.345,0.201435
2530.346,0.19227
2530.347,0.18193499999999999
2530.348,0.176475
2530.349,0.153855
2530.35,0.147615
2530.351,0.12909
2530.352,0.108225
2530.353,0.10178999999999999
2530.354,0.109785
2530.355,0.122655
2530.356,0.13923
2530.357,0.170625
2530.358,0.193245
2530.359,0.20357999999999998
2530.36,0.208455
2530.361,0.20748
2530.362,0.20046
2530.363,0.191295
2530.364,0.18291
2530.365,0.166335
2530.366,0.16107
2530.367,0.149175
2530.368,0.13182
2530.369,0.110175
2530.37,0.10803
2530.371,0.12285
2530.372,0.135525
2530.373,0.156975
2530.374,0.183495
2530.375,0.2067
2530.376,0.210015
2530.377,0.208455
2530.378,0.207675
2530.379,0.199875
2530.38,0.194415
2530.381,0.18798
2530.382,0.17043
2530.383,0.160095
2530.384,0.148005
2530.385,0.126945
2530.386,0.11115
2530.387,0.11817
2530.388,0.122655
2530.389,0.13923
2530.39,0.166335
2530.391,0.18895499999999998
2530.392,0.21216
2530.393,0.212355
2530.394,0.20631
2530.395,0.20592
2530.396,0.20377499999999998
2530.397,0.17667
2530.398,0.17355
2530.399,0.15970499999999999
2530.4,0.15405
2530.401,0.135135
2530.402,0.11309999999999999
2530.403,0.10764
2530.404,0.11329499999999999
2530.405,0.122655
2530.406,0.13884
2530.407,0.1677
2530.408,0.19851
2530.409,0.194415
2530.41,0.206115
2530.411,0.20319
2530.412,0.19188
2530.413,0.183105
2530.414,0.18252
2530.415,0.1638
2530.416,0.15366
2530.417,0.147615
2530.418,0.12285
2530.419,0.10491
2530.42,0.10374
2530.421,0.107835
2530.422,0.12050999999999999
2530.423,0.139425
2530.424,0.17277
2530.425,0.186615
2530.426,0.19539
2530.427,0.195195
2530.428,0.191685
2530.429,0.186225
2530.43,0.1755
2530.431,0.16809
2530.432,0.15366
2530.433,0.141375
2530.434,0.13494
2530.435,0.107835
2530.436,0.091455
2530.437,0.096525
2530.438,0.10803
2530.439,0.12558
2530.44,0.14586
2530.441,0.178815
2530.442,0.192465
2530.443,0.19266
2530.444,0.195585
2530.445,0.188565
2530.446,0.181155
2530.447,0.172575
2530.448,0.16419
2530.449,0.15132
2530.45,0.14235
2530.451,0.12012
2530.452,0.1014
2530.453,0.091455
2530.454,0.103935
2530.455,0.107055
2530.456,0.12285
2530.457,0.156975
2530.458,0.17823
2530.459,0.18603
2530.46,0.190515
2530.461,0.1872
2530.462,0.181155
2530.463,0.178035
2530.464,0.164775
2530.465,0.14976
2530.466,0.133575
2530.467,0.126555
2530.468,0.10608
2530.469,0.086775
2530.47,0.09086999999999999
2530.471,0.09711
2530.472,0.11329499999999999
2530.473,0.13494
2530.474,0.16302
2530.475,0.179205
2530.476,0.1911
2530.477,0.192855
2530.478,0.18603
2530.479,0.17823
2530.48,0.1677
2530.481,0.1599
2530.482,0.142545
2530.483,0.133185
2530.484,0.125775
2530.485,0.09555
2530.486,0.08463
2530.487,0.09243
2530.488,0.09984
2530.489,0.11680499999999999
2530.49,0.14079
2530.491,0.168285
2530.492,0.18291
2530.493,0.186615
2530.494,0.183105
2530.495,0.17784
2530.496,0.170235
2530.497,0.160095
2530.498,0.156
2530.499,0.141375
2530.5,0.128505
2530.501,0.11115
2530.502,0.08892
2530.503,0.082875
2530.504,0.09243
2530.505,0.1014
2530.506,0.119535
2530.507,0.147615
2530.508,0.17277
2530.509,0.182715
2530.51,0.183495
2530.511,0.181155
2530.512,0.175695
2530.513,0.168675
2530.514,0.15795
2530.515,0.147615
2530.516,0.130455
2530.517,0.125775
2530.518,0.10062
2530.519,0.082095
2530.52,0.07683
2530.521,0.091455
2530.522,0.107055
2530.523,0.1287
2530.524,0.157755
2530.525,0.172965
2530.526,0.18252
2530.527,0.183495
2530.528,0.174915
2530.529,0.168675
2530.53,0.160095
2530.531,0.151515
2530.532,0.135915
2530.533,0.12792
2530.534,0.118755
2530.535,0.08619
2530.536,0.08112
2530.537,0.082095
2530.538,0.09243
2530.539,0.099255
2530.54,0.132795
2530.541,0.1599
2530.542,0.17667
2530.543,0.175695
2530.544,0.17628
2530.545,0.16672499999999998
2530.546,0.16302
2530.547,0.153855
2530.548,0.14079
2530.549,0.12986999999999999
2530.55,0.119145
2530.551,0.096135
2530.552,0.078975
2530.553,0.071565
2530.554,0.07955999999999999
2530.555,0.09555
2530.556,0.10647
2530.557,0.142155
2530.558,0.164775
2530.559,0.172575
2530.56,0.172575
2530.561,0.17043
2530.562,0.165555
2530.563,0.15756
2530.564,0.15054
2530.565,0.1326
2530.566,0.11739
2530.567,0.11427
2530.568,0.092625
2530.569,0.07059
2530.57,0.07644
2530.571,0.08696999999999999
2530.572,0.096135
2530.573,0.121095
2530.574,0.149175
2530.575,0.16672499999999998
2530.576,0.171015
2530.577,0.172575
2530.578,0.16652999999999998
2530.579,0.162435
2530.58,0.157755
2530.581,0.146055
2530.582,0.125775
2530.583,0.114855
2530.584,0.110565
2530.585,0.08307
2530.586,0.07585499999999999
2530.587,0.078195
2530.588,0.08619
2530.589,0.103935
2530.59,0.133575
2530.591,0.160095
2530.592,0.172575
2530.593,0.1755
2530.594,0.18193499999999999
2530.595,0.17043
2530.596,0.16224
2530.597,0.153855
2530.598,0.14118
2530.599,0.126555
2530.6,0.12050999999999999
2530.601,0.100815
2530.602,0.07683
2530.603,0.06825
2530.604,0.08502
2530.605,0.093015
2530.606,0.104325
2530.607,0.13923
2530.608,0.164385
2530.609,0.16887
2530.61,0.17628
2530.611,0.16926
2530.612,0.164385
2530.613,0.156
2530.614,0.14781
2530.615,0.136695
2530.616,0.12207
2530.617,0.110175
2530.618,0.09086999999999999
2530.619,0.07371
2530.62,0.070395
2530.621,0.07878
2530.622,0.097695
2530.623,0.11680499999999999
2530.624,0.142545
2530.625,0.1638
2530.626,0.171405
2530.627,0.17355
2530.628,0.1638
2530.629,0.156
2530.63,0.15170999999999998
2530.631,0.14235
2530.632,0.128895
2530.633,0.11660999999999999
2530.634,0.111735
2530.635,0.082875
2530.636,0.066495
2530.637,0.078
2530.638,0.08112
2530.639,0.10178999999999999
2530.64,0.12792
2530.641,0.153855
2530.642,0.167895
2530.643,0.171015
2530.644,0.17238
2530.645,0.16029
2530.646,0.153855
2530.647,0.14449499999999998
2530.648,0.133965
2530.649,0.12070499999999999
2530.65,0.10803
2530.651,0.095355
2530.652,0.07585499999999999
2530.653,0.06942
2530.654,0.070785
2530.655,0.081315
2530.656,0.10023
2530.657,0.132795
2530.658,0.1599
2530.659,0.16224
2530.66,0.16224
2530.661,0.162435
2530.662,0.151515
2530.663,0.150735
2530.664,0.128895
2530.665,0.11680499999999999
2530.666,0.10803
2530.667,0.100815
2530.668,0.078975
2530.669,0.05889
2530.67,0.057135
2530.671,0.070395
2530.672,0.08326499999999999
2530.673,0.10608
2530.674,0.127335
2530.675,0.150735
2530.676,0.157755
2530.677,0.153855
2530.678,0.149565
2530.679,0.13611
2530.68,0.135135
2530.681,0.12986999999999999
2530.682,0.11544
2530.683,0.09984
2530.684,0.08541
2530.685,0.06435
2530.686,0.050894999999999996
2530.687,0.055575
2530.688,0.0663
2530.689,0.081315
2530.69,0.110175
2530.691,0.133185
2530.692,0.145275
2530.693,0.14352
2530.694,0.14235
2530.695,0.13299
2530.696,0.128895
2530.697,0.119535
2530.698,0.10413
2530.699,0.09984
2530.7,0.08326499999999999
2530.701,0.0663
2530.702,0.041535
2530.703,0.0351
2530.704,0.043484999999999996
2530.705,0.05382
2530.706,0.06747
2530.707,0.10062
2530.708,0.129285
2530.709,0.132015
2530.71,0.13377
2530.711,0.128895
2530.712,0.12363
2530.713,0.11622
2530.714,0.10686
2530.715,0.08931
2530.716,0.08326499999999999
2530.717,0.065715
2530.718,0.04329
2530.719,0.02886
2530.72,0.032955
2530.721,0.039975
2530.722,0.054015
2530.723,0.078195
2530.724,0.10764
2530.725,0.125775
2530.726,0.128895
2530.727,0.12558
2530.728,0.12246
2530.729,0.116415
2530.73,0.10686
2530.731,0.09808499999999999
2530.732,0.082875
2530.733,0.07059
2530.734,0.05811
2530.735,0.033345
2530.736,0.01755
2530.737,0.02691
2530.738,0.03198
2530.739,0.047385
2530.74,0.076635
2530.741,0.09984
2530.742,0.121095
2530.743,0.122655
2530.744,0.10998
2530.745,0.103935
2530.746,0.098865
2530.747,0.09457499999999999
2530.748,0.085215
2530.749,0.06747
2530.75,0.060254999999999996
2530.751,0.040755
2530.752,0.01755
2530.753,0.007995
2530.754,0.01404
2530.755,0.02847
2530.756,0.04095
2530.757,0.07839
2530.758,0.095745
2530.759,0.10842
2530.76,0.108225
2530.761,0.103935
2530.762,0.09555
2530.763,0.091455
2530.764,0.07293
2530.765,0.06669
2530.766,0.054015
2530.767,0.038415
2530.768,0.02067
2530.769,-0.0042899999999999995
2530.77,0.00195
2530.771,0.010335
2530.772,0.022815
2530.773,0.041925
2530.774,0.072735
2530.775,0.085215
2530.776,0.091455
2530.777,0.09126
2530.778,0.083655
2530.779,0.07683
2530.78,0.070395
2530.781,0.06747
2530.782,0.0507
2530.783,0.04095
2530.784,0.025935
2530.785,-0.00819
2530.786,-0.017159999999999998
2530.787,-0.013455
2530.788,-0.0068249999999999995
2530.789,0.016575
2530.79,0.04563
2530.791,0.07098
2530.792,0.07975499999999999
2530.793,0.080535
2530.794,0.082875
2530.795,0.078
2530.796,0.064155
2530.797,0.05382
2530.798,0.046215
2530.799,0.03549
2530.8,0.020475
2530.801,0.004095
2530.802,-0.025155
2530.803,-0.031395
2530.804,-0.013455
2530.805,-0.00819
2530.806,0.008775
2530.807,0.04563
2530.808,0.07254
2530.809,0.072735
2530.81,0.073905
2530.811,0.069615
2530.812,0.058304999999999996
2530.813,0.050894999999999996
2530.814,0.04992
2530.815,0.029055
2530.816,0.01833
2530.817,0.007215
2530.818,-0.015795
2530.819,-0.030225
2530.82,-0.034905
2530.821,-0.020475
2530.822,-0.010725
2530.823,0.015795
2530.824,0.045434999999999996
2530.825,0.06435
2530.826,0.06435
2530.827,0.0663
2530.828,0.0663
2530.829,0.057135
2530.83,0.04563
2530.831,0.039585
2530.832,0.02535
2530.833,0.012675
2530.834,-0.0042899999999999995
2530.835,-0.02613
2530.836,-0.041145
2530.837,-0.031785
2530.838,-0.022815
2530.839,-0.008385
2530.84,0.02496
2530.841,0.050894999999999996
2530.842,0.058304999999999996
2530.843,0.070785
2530.844,0.07059
2530.845,0.063375
2530.846,0.051675
2530.847,0.03939
2530.848,0.03315
2530.849,0.018135
2530.85,0.010335
2530.851,-0.00897
2530.852,-0.028665
2530.853,-0.03393
2530.854,-0.026715
2530.855,-0.013455
2530.856,0.010335
2530.857,0.03393
2530.858,0.063375
2530.859,0.066495
2530.86,0.0702
2530.861,0.06747
2530.862,0.06045
2530.863,0.051675
2530.864,0.042705
2530.865,0.029055
2530.866,0.020475
2530.867,0.00897
2530.868,-0.014624999999999999
2530.869,-0.03354
2530.87,-0.032955
2530.871,-0.017745
2530.872,-0.0042899999999999995
2530.873,0.019695
2530.874,0.046215
2530.875,0.068055
2530.876,0.072735
2530.877,0.069615
2530.878,0.066495
2530.879,0.060254999999999996
2530.88,0.05148
2530.881,0.03705
2530.882,0.025155
2530.883,0.01443
2530.884,0.00702
2530.885,-0.02067
2530.886,-0.03081
2530.887,-0.032369999999999996
2530.888,-0.016575
2530.889,-0.004095
2530.89,0.03159
2530.891,0.054015
2530.892,0.066495
2530.893,0.078
2530.894,0.07214999999999999
2530.895,0.06493499999999999
2530.896,0.05421
2530.897,0.05382
2530.898,0.036465
2530.899,0.029055
2530.9,0.016575
2530.901,-0.01443
2530.902,-0.029249999999999998
2530.903,-0.031395
2530.904,-0.01833
2530.905,-0.012675
2530.906,0.00702
2530.907,0.041535
2530.908,0.06747
2530.909,0.07059
2530.91,0.071565
2530.911,0.07293
2530.912,0.062595
2530.913,0.053235
2530.914,0.04446
2530.915,0.03315
2530.916,0.02106
2530.917,0.01443
2530.918,-0.013065
2530.919,-0.026715
2530.92,-0.02613
2530.921,-0.016184999999999998
2530.922,0.00195
2530.923,0.029055
2530.924,0.05811
2530.925,0.074295
2530.926,0.08307
2530.927,0.08541
2530.928,0.077415
2530.929,0.07683
2530.93,0.0663
2530.931,0.05889
2530.932,0.041535
2530.933,0.03549
2530.934,0.02145
2530.935,0.00195
2530.936,-0.015795
2530.937,-0.010335
2530.938,0.006435
2530.939,0.02184
2530.94,0.04563
2530.941,0.07644
2530.942,0.09086999999999999
2530.943,0.09711
2530.944,0.089115
2530.945,0.09126
2530.946,0.084045
2530.947,0.07585499999999999
2530.948,0.0663
2530.949,0.047775
2530.95,0.04251
2530.951,0.02067
2530.952,0.0039
2530.953,-0.0078
2530.954,0.010335
2530.955,0.02067
2530.956,0.02691
2530.957,0.072735
2530.958,0.08814
2530.959,0.09984
2530.96,0.103935
2530.961,0.09789
2530.962,0.08716499999999999
2530.963,0.08892
2530.964,0.07585499999999999
2530.965,0.06123
2530.966,0.052065
2530.967,0.041535
2530.968,0.02223
2530.969,0.004095
2530.97,0.008385
2530.971,0.01326
2530.972,0.037245
2530.973,0.06006
2530.974,0.083655
2530.975,0.10764
2530.976,0.110565
2530.977,0.114075
2530.978,0.10647
2530.979,0.101595
2530.98,0.091845
2530.981,0.085215
2530.982,0.06747
2530.983,0.06396
2530.984,0.04524
2530.985,0.029055
2530.986,0.019305
2530.987,0.019695
2530.988,0.03159
2530.989,0.05148
2530.99,0.07839
2530.991,0.103935
2530.992,0.11583
2530.993,0.12636
2530.994,0.12597
2530.995,0.116415
2530.996,0.11622
2530.997,0.106275
2530.998,0.095745
2530.999,0.08307
2531.0,0.072735
2531.001,0.05421
2531.002,0.036465
2531.003,0.03315
2531.004,0.041535
2531.005,0.053235
2531.006,0.06844499999999999
2531.007,0.107835
2531.008,0.135135
2531.009,0.142545
2531.01,0.135135
2531.011,0.142155
2531.012,0.1326
2531.013,0.121095
2531.014,0.11544
2531.015,0.10491
2531.016,0.086775
2531.017,0.082875
2531.018,0.06435
2531.019,0.047775
2531.02,0.045825
2531.021,0.06006
2531.022,0.06669
2531.023,0.0975
2531.024,0.122655
2531.025,0.14313
2531.026,0.15366
2531.027,0.14859
2531.028,0.146055
2531.029,0.139425
2531.03,0.12792
2531.031,0.12050999999999999
2531.032,0.108615
2531.033,0.10023
2531.034,0.08073
2531.035,0.05811
2531.036,0.05421
2531.037,0.05811
2531.038,0.07059
2531.039,0.08112
2531.04,0.11309999999999999
2531.041,0.14079
2531.042,0.15288
2531.043,0.154635
2531.044,0.15366
2531.045,0.14859
2531.046,0.13923
2531.047,0.13494
2531.048,0.1248
2531.049,0.11544
2531.05,0.103155
2531.051,0.082875
2531.052,0.061815
2531.053,0.058499999999999996
2531.054,0.07059
2531.055,0.07878
2531.056,0.095745
2531.057,0.131235
2531.058,0.14859
2531.059,0.16224
2531.06,0.16224
2531.061,0.15717
2531.062,0.145665
2531.063,0.14118
2531.064,0.132795
2531.065,0.116415
2531.066,0.109005
2531.067,0.093405
2531.068,0.08112
2531.069,0.06591
2531.07,0.06435
2531.071,0.078
2531.072,0.095355
2531.073,0.117585
2531.074,0.141375
2531.075,0.16575
2531.076,0.170625
2531.077,0.165555
2531.078,0.16419
2531.079,0.160095
2531.08,0.14449499999999998
2531.081,0.13923
2531.082,0.12675
2531.083,0.12012
2531.084,0.09945
2531.085,0.08307
2531.086,0.068055
2531.087,0.070785
2531.088,0.085215
2531.089,0.103935
2531.09,0.132015
2531.091,0.158535
2531.092,0.16614
2531.093,0.17121
2531.094,0.17043
2531.095,0.167895
2531.096,0.16029
2531.097,0.15170999999999998
2531.098,0.14313
2531.099,0.131235
2531.1,0.118365
2531.101,0.09867
2531.102,0.08151
2531.103,0.07839
2531.104,0.089115
2531.105,0.10023
2531.106,0.110175
2531.107,0.15405
2531.108,0.171015
2531.109,0.181155
2531.11,0.18193499999999999
2531.111,0.17628
2531.112,0.173745
2531.113,0.163215
2531.114,0.15327
2531.115,0.139035
2531.116,0.13377
2531.117,0.12246
2531.118,0.10178999999999999
2531.119,0.083655
2531.12,0.085605
2531.121,0.096135
2531.122,0.114075
2531.123,0.141375
2531.124,0.165555
2531.125,0.185055
2531.126,0.192075
2531.127,0.18603
2531.128,0.18759
2531.129,0.172575
2531.13,0.17043
2531.131,0.161265
2531.132,0.14157
2531.133,0.13845
2531.134,0.12519
2531.135,0.101595
2531.136,0.091455
2531.137,0.09555
2531.138,0.108225
2531.139,0.117585
2531.14,0.153855
2531.141,0.178815
2531.142,0.191295
2531.143,0.20124
2531.144,0.195195
2531.145,0.191295
2531.146,0.18252
2531.147,0.175695
2531.148,0.16731
2531.149,0.158535
2531.15,0.146445
2531.151,0.134355
2531.152,0.11329499999999999
2531.153,0.110955
2531.154,0.119535
2531.155,0.12675
2531.156,0.14079
2531.157,0.17862
2531.158,0.2067
2531.159,0.21157499999999999
2531.16,0.21255
2531.161,0.2067
2531.162,0.19968
2531.163,0.19539
2531.164,0.18603
2531.165,0.175695
2531.166,0.16302
2531.167,0.15756
2531.168,0.128895
2531.169,0.116415
2531.17,0.116415
2531.171,0.12675
2531.172,0.135915
2531.173,0.166335
2531.174,0.19539
2531.175,0.20787
2531.176,0.216255
2531.177,0.209625
2531.178,0.208455
2531.179,0.200655
2531.18,0.19539
2531.181,0.19032
2531.182,0.16652999999999998
2531.183,0.15288
2531.184,0.139035
2531.185,0.122655
2531.186,0.11583
2531.187,0.121485
2531.188,0.135135
2531.189,0.153855
2531.19,0.17823
2531.191,0.20377499999999998
2531.192,0.216255
2531.193,0.21723
2531.194,0.21723
2531.195,0.21411
2531.196,0.20592
2531.197,0.19539
2531.198,0.1833
2531.199,0.175695
2531.2,0.165555
2531.201,0.14742
2531.202,0.126555
2531.203,0.12031499999999999
2531.204,0.131235
2531.205,0.142935
2531.206,0.156975
2531.207,0.19227
2531.208,0.217425
2531.209,0.22464
2531.21,0.22464
2531.211,0.221325
2531.212,0.216255
2531.213,0.20338499999999998
2531.214,0.195195
2531.215,0.18291
2531.216,0.17043
2531.217,0.160095
2531.218,0.135135
2531.219,0.12050999999999999
2531.22,0.12070499999999999
2531.221,0.1365
2531.222,0.148785
2531.223,0.170625
2531.224,0.20592
2531.225,0.22035
2531.226,0.22464
2531.227,0.22639499999999999
2531.228,0.22542
2531.229,0.21118499999999998
2531.23,0.20377499999999998
2531.231,0.200655
2531.232,0.18134999999999998
2531.233,0.170235
2531.234,0.156975
2531.235,0.1326
2531.236,0.1248
2531.237,0.12675
2531.238,0.13104
2531.239,0.14625
2531.24,0.178815
2531.241,0.20748
2531.242,0.21411
2531.243,0.22503
2531.244,0.22464
2531.245,0.216255
2531.246,0.207675
2531.247,0.19539
2531.248,0.17823
2531.249,0.167895
2531.25,0.162825
2531.251,0.14449499999999998
2531.252,0.11622
2531.253,0.11622
2531.254,0.127335
2531.255,0.13845
2531.256,0.157755
2531.257,0.1911
2531.258,0.210015
2531.259,0.222495
2531.26,0.21137999999999998
2531.261,0.215475
2531.262,0.20357999999999998
2531.263,0.19539
2531.264,0.18213
2531.265,0.16887
2531.266,0.1638
2531.267,0.150735
2531.268,0.12636
2531.269,0.110565
2531.27,0.107835
2531.271,0.12675
2531.272,0.13923
2531.273,0.16224
2531.274,0.193245
2531.275,0.208455
2531.276,0.21021
2531.277,0.207675
2531.278,0.208065
2531.279,0.199875
2531.28,0.19305
2531.281,0.183495
2531.282,0.16614
2531.283,0.15639
2531.284,0.131235
2531.285,0.11583
2531.286,0.10452
2531.287,0.11076
2531.288,0.12519
2531.289,0.13533
2531.29,0.167505
2531.291,0.197535
2531.292,0.200655
2531.293,0.20982
2531.294,0.21157499999999999
2531.295,0.201435
2531.296,0.191295
2531.297,0.185445
2531.298,0.168285
2531.299,0.16419
2531.3,0.148005
2531.301,0.128895
2531.302,0.10881
2531.303,0.106275
2531.304,0.11427
2531.305,0.12675
2531.306,0.141375
2531.307,0.178035
2531.308,0.20124
2531.309,0.208845
2531.31,0.20357999999999998
2531.311,0.20319
2531.312,0.19539
2531.313,0.186225
2531.314,0.17862
2531.315,0.164385
2531.316,0.15170999999999998
2531.317,0.14429999999999998
2531.318,0.116415
2531.319,0.103935
2531.32,0.10803
2531.321,0.11739
2531.322,0.134355
2531.323,0.16224
2531.324,0.186615
2531.325,0.20377499999999998
2531.326,0.206895
2531.327,0.20163
2531.328,0.20396999999999998
2531.329,0.20007
2531.33,0.185055
2531.331,0.176475
2531.332,0.155415
2531.333,0.14781
2531.334,0.132795
2531.335,0.11329499999999999
2531.336,0.103935
2531.337,0.108225
2531.338,0.12246
2531.339,0.138255
2531.34,0.163995
2531.341,0.192855
2531.342,0.20046
2531.343,0.208455
2531.344,0.2067
2531.345,0.20319
2531.346,0.19539
2531.347,0.18193499999999999
2531.348,0.16575
2531.349,0.156
2531.35,0.149175
2531.351,0.1287
2531.352,0.107055
2531.353,0.1014
2531.354,0.11739
2531.355,0.116415
2531.356,0.14118
2531.357,0.17667
2531.358,0.20163
2531.359,0.207675
2531.36,0.210015
2531.361,0.20748
2531.362,0.19461
2531.363,0.183105
2531.364,0.17862
2531.365,0.160095
2531.366,0.153075
2531.367,0.14508
2531.368,0.117195
2531.369,0.10764
2531.37,0.10764
2531.371,0.11739
2531.372,0.1326
2531.373,0.15795
2531.374,0.18291
2531.375,0.197535
2531.376,0.20046
2531.377,0.2028
2531.378,0.197535
2531.379,0.1911
2531.38,0.175695
2531.381,0.169455
2531.382,0.15834
2531.383,0.14449499999999998
2531.384,0.11934
2531.385,0.10491
2531.386,0.097695
2531.387,0.10413
2531.388,0.110175
2531.389,0.128115
2531.39,0.160095
2531.391,0.183885
2531.392,0.1911
2531.393,0.195195
2531.394,0.19422
2531.395,0.18291
2531.396,0.179205
2531.397,0.17004
2531.398,0.156975
2531.399,0.146055
2531.4,0.13494
2531.401,0.11583
2531.402,0.09555
2531.403,0.088335
2531.404,0.10647
2531.405,0.11583
2531.406,0.128895
2531.407,0.16536
2531.408,0.18134999999999998
2531.409,0.192855
2531.41,0.18603
2531.411,0.184275
2531.412,0.17979
2531.413,0.17082
2531.414,0.156195
2531.415,0.15054
2531.416,0.13923
2531.417,0.126555
2531.418,0.10062
2531.419,0.085995
2531.42,0.100815
2531.421,0.104325
2531.422,0.12050999999999999
2531.423,0.142935
2531.424,0.17393999999999998
2531.425,0.183885
2531.426,0.19032
2531.427,0.186615
2531.428,0.18173999999999998
2531.429,0.17901
2531.43,0.166335
2531.431,0.160095
2531.432,0.14449499999999998
2531.433,0.135135
2531.434,0.117975
2531.435,0.096135
2531.436,0.091455
2531.437,0.095355
2531.438,0.10764
2531.439,0.126555
2531.44,0.148785
2531.441,0.178815
2531.442,0.18193499999999999
2531.443,0.18603
2531.444,0.185055
2531.445,0.17667
2531.446,0.171015
2531.447,0.160485
2531.448,0.149175
2531.449,0.13708499999999998
2531.45,0.128895
2531.451,0.107835
2531.452,0.089115
2531.453,0.085215
2531.454,0.1014
2531.455,0.110175
2531.456,0.12285
2531.457,0.15170999999999998
2531.458,0.172965
2531.459,0.18603
2531.46,0.182715
2531.461,0.183495
2531.462,0.171405
2531.463,0.16575
2531.464,0.156975
2531.465,0.14118
2531.466,0.136695
2531.467,0.12597
2531.468,0.10178999999999999
2531.469,0.086385
2531.47,0.09165
2531.471,0.097695
2531.472,0.112515
2531.473,0.14118
2531.474,0.17043
2531.475,0.18193499999999999
2531.476,0.188175
2531.477,0.185835
2531.478,0.18173999999999998
2531.479,0.172575
2531.48,0.167895
2531.481,0.154635
2531.482,0.14859
2531.483,0.13299
2531.484,0.12012
2531.485,0.09555
2531.486,0.09126
2531.487,0.100815
2531.488,0.11427
2531.489,0.128895
2531.49,0.156975
2531.491,0.18193499999999999
2531.492,0.18291
2531.493,0.19968
2531.494,0.194415
2531.495,0.18603
2531.496,0.185055
2531.497,0.17413499999999998
2531.498,0.15795
2531.499,0.14781
2531.5,0.13923
2531.501,0.122655
2531.502,0.095355
2531.503,0.097695
2531.504,0.10803
2531.505,0.116415
2531.506,0.13104
2531.507,0.166335
2531.508,0.1911
2531.509,0.20357999999999998
2531.51,0.192855
2531.511,0.18934499999999999
2531.512,0.18173999999999998
2531.513,0.17628
2531.514,0.163995
2531.515,0.148785
2531.516,0.14118
2531.517,0.13299
2531.518,0.097695
2531.519,0.085605
2531.52,0.08619
2531.521,0.097695
2531.522,0.11154
2531.523,0.14079
2531.524,0.16575
2531.525,0.179595
2531.526,0.18173999999999998
2531.527,0.178815
2531.528,0.175695
2531.529,0.16672499999999998
2531.53,0.160095
2531.531,0.145665
2531.532,0.13299
2531.533,0.117975
2531.534,0.10178999999999999
2531.535,0.08268
2531.536,0.078
2531.537,0.085995
2531.538,0.09555
2531.539,0.108225
2531.54,0.1404
2531.541,0.16224
2531.542,0.168285
2531.543,0.17043
2531.544,0.167895
2531.545,0.16029
2531.546,0.15288
2531.547,0.146445
2531.548,0.13221
2531.549,0.11680499999999999
2531.55,0.10764
2531.551,0.086385
2531.552,0.07644
2531.553,0.07059
2531.554,0.08112
2531.555,0.09321
2531.556,0.11583
2531.557,0.14859
2531.558,0.16731
2531.559,0.17355
2531.56,0.17628
2531.561,0.170235
2531.562,0.160095
2531.563,0.15190499999999998
2531.564,0.143325
2531.565,0.1326
2531.566,0.126555
2531.567,0.11660999999999999
2531.568,0.092625
2531.569,0.07839
2531.57,0.082875
2531.571,0.095355
2531.572,0.10939499999999999
2531.573,0.135135
2531.574,0.158925
2531.575,0.17393999999999998
2531.576,0.178815
2531.577,0.18134999999999998
2531.578,0.178815
2531.579,0.167895
2531.58,0.158535
2531.581,0.15015
2531.582,0.13806
2531.583,0.13299
2531.584,0.11427
2531.585,0.09048
2531.586,0.085215
2531.587,0.09516
2531.588,0.10686
2531.589,0.12675
2531.59,0.156
2531.591,0.178815
2531.592,0.19032
2531.593,0.19227
2531.594,0.191295
2531.595,0.185445
2531.596,0.183105
2531.597,0.17277
2531.598,0.158145
2531.599,0.149175
2531.6,0.139035
2531.601,0.11622
2531.602,0.107835
2531.603,0.10296
2531.604,0.108225
2531.605,0.122655
2531.606,0.13299
2531.607,0.167505
2531.608,0.195
2531.609,0.19968
2531.61,0.195975
2531.611,0.19539
2531.612,0.185055
2531.613,0.178815
2531.614,0.167505
2531.615,0.156
2531.616,0.14742
2531.617,0.141375
2531.618,0.109005
2531.619,0.0975
2531.62,0.10686
2531.621,0.11271
2531.622,0.124995
2531.623,0.15093
2531.624,0.182715
2531.625,0.19383
2531.626,0.197925
2531.627,0.197535
2531.628,0.192465
2531.629,0.185055
2531.63,0.178815
2531.631,0.171015
2531.632,0.156195
2531.633,0.14235
2531.634,0.122655
2531.635,0.103155
2531.636,0.09126
2531.637,0.100815
2531.638,0.11309999999999999
2531.639,0.1326
2531.64,0.156975
2531.641,0.188175
2531.642,0.18291
2531.643,0.18914999999999998
2531.644,0.187005
2531.645,0.18134999999999998
2531.646,0.17043
2531.647,0.166335
2531.648,0.15366
2531.649,0.14079
2531.65,0.12986999999999999
2531.651,0.10686
2531.652,0.09165
2531.653,0.08892
2531.654,0.096135
2531.655,0.11115
2531.656,0.132015
2531.657,0.160485
2531.658,0.18193499999999999
2531.659,0.18934499999999999
2531.66,0.183885
2531.661,0.182715
2531.662,0.175695
2531.663,0.165555
2531.664,0.15639
2531.665,0.140595
2531.666,0.126555
2531.667,0.13143
2531.668,0.09555
2531.669,0.078975
2531.67,0.089115
2531.671,0.095745
2531.672,0.110175
2531.673,0.135135
2531.674,0.16224
2531.675,0.17413499999999998
2531.676,0.18291
2531.677,0.178035
2531.678,0.170625
2531.679,0.16731
2531.68,0.153855
2531.681,0.145665
2531.682,0.12967499999999998
2531.683,0.11680499999999999
2531.684,0.09984
2531.685,0.07995
2531.686,0.07059
2531.687,0.07878
2531.688,0.091455
2531.689,0.10764
2531.69,0.132795
2531.691,0.161655
2531.692,0.157755
2531.693,0.166335
2531.694,0.16614
2531.695,0.15678
2531.696,0.15366
2531.697,0.14079
2531.698,0.125775
2531.699,0.11739
2531.7,0.103935
2531.701,0.08112
2531.702,0.066495
2531.703,0.066885
2531.704,0.07878
2531.705,0.093015
2531.706,0.10881
2531.707,0.136305
2531.708,0.1638
2531.709,0.169455
2531.71,0.167895
2531.711,0.1638
2531.712,0.1599
2531.713,0.14859
2531.714,0.13611
2531.715,0.1287
2531.716,0.11895
2531.717,0.11309999999999999
2531.718,0.08385
2531.719,0.07254
2531.72,0.074295
2531.721,0.08892
2531.722,0.09984
2531.723,0.1326
2531.724,0.15795
2531.725,0.17199
2531.726,0.17355
2531.727,0.17979
2531.728,0.170625
2531.729,0.16614
2531.73,0.15678
2531.731,0.14449499999999998
2531.732,0.133575
2531.733,0.12558
2531.734,0.107055
2531.735,0.082095
2531.736,0.08502
2531.737,0.09165
2531.738,0.096525
2531.739,0.116415
2531.74,0.148785
2531.741,0.172965
2531.742,0.182715
2531.743,0.18798
2531.744,0.187395
2531.745,0.18173999999999998
2531.746,0.168285
2531.747,0.16302
2531.748,0.148395
2531.749,0.14429999999999998
2531.75,0.13182
2531.751,0.11232
2531.752,0.09126
2531.753,0.086385
2531.754,0.103155
2531.755,0.110565
2531.756,0.126555
2531.757,0.16614
2531.758,0.18193499999999999
2531.759,0.191295
2531.76,0.19636499999999998
2531.761,0.186225
2531.762,0.177645
2531.763,0.169455
2531.764,0.160095
2531.765,0.145275
2531.766,0.1404
2531.767,0.128895
2531.768,0.103155
2531.769,0.09126
2531.77,0.09555
2531.771,0.10803
2531.772,0.124995
2531.773,0.14781
2531.774,0.17511
2531.775,0.185445
2531.776,0.19032
2531.777,0.18934499999999999
2531.778,0.18252
2531.779,0.17979
2531.78,0.17043
2531.781,0.15717
2531.782,0.147615
2531.783,0.139035
2531.784,0.117975
2531.785,0.096135
2531.786,0.091065
2531.787,0.100035
2531.788,0.110565
2531.789,0.127335
2531.79,0.163995
2531.791,0.182715
2531.792,0.19032
2531.793,0.195975
2531.794,0.191295
2531.795,0.191295
2531.796,0.17979
2531.797,0.166335
2531.798,0.15678
2531.799,0.14235
2531.8,0.129285
2531.801,0.108225
2531.802,0.091455
2531.803,0.09243
2531.804,0.097695
2531.805,0.11427
2531.806,0.13572
2531.807,0.16224
2531.808,0.183885
2531.809,0.19539
2531.81,0.195975
2531.811,0.18914999999999998
2531.812,0.172575
2531.813,0.17413499999999998
2531.814,0.16419
2531.815,0.146445
2531.816,0.13923
2531.817,0.133575
2531.818,0.107055
2531.819,0.101595
2531.82,0.10335
2531.821,0.10725
2531.822,0.12246
2531.823,0.15327
2531.824,0.18096
2531.825,0.191295
2531.826,0.19539
2531.827,0.195585
2531.828,0.195195
2531.829,0.18291
2531.83,0.16731
2531.831,0.16614
2531.832,0.15366
2531.833,0.1404
2531.834,0.126555
2531.835,0.10374
2531.836,0.10374
2531.837,0.10491
2531.838,0.118365
2531.839,0.1404
2531.84,0.168285
2531.841,0.19539
2531.842,0.192465
2531.843,0.20592
2531.844,0.195585
2531.845,0.191295
2531.846,0.186225
2531.847,0.18252
2531.848,0.16536
2531.849,0.153855
2531.85,0.15170999999999998
2531.851,0.121875
2531.852,0.107055
2531.853,0.10764
2531.854,0.119535
2531.855,0.12986999999999999
2531.856,0.147615
2531.857,0.18134999999999998
2531.858,0.20592
2531.859,0.204555
2531.86,0.206115
2531.861,0.20357999999999998
2531.862,0.195
2531.863,0.191295
2531.864,0.18252
2531.865,0.1638
2531.866,0.15327
2531.867,0.142935
2531.868,0.11583
2531.869,0.10335
2531.87,0.109005
2531.871,0.11622
2531.872,0.1326
2531.873,0.158535
2531.874,0.18603
2531.875,0.19616999999999998
2531.876,0.20163
2531.877,0.201435
2531.878,0.192465
2531.879,0.185055
2531.88,0.17511
2531.881,0.16536
2531.882,0.15209999999999999
2531.883,0.14859
2531.884,0.128895
2531.885,0.10374
2531.886,0.106275
2531.887,0.110565
2531.888,0.121095
2531.889,0.13708499999999998
2531.89,0.17043
2531.891,0.190905
2531.892,0.20163
2531.893,0.20124
2531.894,0.2028
2531.895,0.193245
2531.896,0.189735
2531.897,0.183495
2531.898,0.16809
2531.899,0.158535
2531.9,0.14429999999999998
2531.901,0.12675
2531.902,0.10452
2531.903,0.10803
2531.904,0.12012
2531.905,0.13299
2531.906,0.156975
2531.907,0.18408
2531.908,0.200655
2531.909,0.213915
2531.91,0.21079499999999998
2531.911,0.20357999999999998
2531.912,0.197535
2531.913,0.19227
2531.914,0.18193499999999999
2531.915,0.163215
2531.916,0.158535
2531.917,0.14742
2531.918,0.11680499999999999
2531.919,0.11388
2531.92,0.10998
2531.921,0.126555
2531.922,0.1404
2531.923,0.16419
2531.924,0.19539
2531.925,0.20631
2531.926,0.216255
2531.927,0.20943
2531.928,0.207675
2531.929,0.19539
2531.93,0.182715
2531.931,0.16926
2531.932,0.15756
2531.933,0.153855
2531.934,0.141375
2531.935,0.11037
2531.936,0.107835
2531.937,0.119535
2531.938,0.128895
2531.939,0.141375
2531.94,0.172575
2531.941,0.20163
2531.942,0.20357999999999998
2531.943,0.210015
2531.944,0.20377499999999998
2531.945,0.19616999999999998
2531.946,0.186615
2531.947,0.183495
2531.948,0.171015
2531.949,0.15678
2531.95,0.14547
2531.951,0.1248
2531.952,0.107835
2531.953,0.107055
2531.954,0.115635
2531.955,0.135135
2531.956,0.155025
2531.957,0.18193499999999999
2531.958,0.20163
2531.959,0.20377499999999998
2531.96,0.20377499999999998
2531.961,0.197925
2531.962,0.187005
2531.963,0.18173999999999998
2531.964,0.17511
2531.965,0.16224
2531.966,0.143325
2531.967,0.13923
2531.968,0.116415
2531.969,0.103935
2531.97,0.101595
2531.971,0.117975
2531.972,0.125775
2531.973,0.156195
2531.974,0.182715
2531.975,0.195195
2531.976,0.20046
2531.977,0.197925
2531.978,0.19227
2531.979,0.18252
2531.98,0.17628
2531.981,0.166335
2531.982,0.156
2531.983,0.142935
2531.984,0.12246
2531.985,0.10413
2531.986,0.097695
2531.987,0.108615
2531.988,0.11660999999999999
2531.989,0.132795
2531.99,0.1638
2531.991,0.195195
2531.992,0.19149
2531.993,0.200655
2531.994,0.195585
2531.995,0.188175
2531.996,0.18096
2531.997,0.17043
2531.998,0.16224
2531.999,0.151515
2532.0,0.14118
2532.001,0.12070499999999999
2532.002,0.103935
2532.003,0.107055
2532.004,0.116415
2532.005,0.13533
2532.006,0.158535
2532.007,0.18681
2532.008,0.20357999999999998
2532.009,0.208065
2532.01,0.20377499999999998
2532.011,0.20319
2532.012,0.192465
2532.013,0.185055
2532.014,0.18193499999999999
2532.015,0.16419
2532.016,0.15795
2532.017,0.146055
2532.018,0.12050999999999999
2532.019,0.10803
2532.02,0.11329499999999999
2532.021,0.121485
2532.022,0.140985
2532.023,0.17511
2532.024,0.195195
2532.025,0.20475
2532.026,0.210015
2532.027,0.20826
2532.028,0.206505
2532.029,0.192855
2532.03,0.19227
2532.031,0.17589
2532.032,0.15756
2532.033,0.15170999999999998
2532.034,0.132015
2532.035,0.11232
2532.036,0.10608
2532.037,0.11583
2532.038,0.121095
2532.039,0.142935
2532.04,0.17628
2532.041,0.20124
2532.042,0.20475
2532.043,0.20592
2532.044,0.199875
2532.045,0.18914999999999998
2532.046,0.18525
2532.047,0.17667
2532.048,0.15873
2532.049,0.153855
2532.05,0.14508
2532.051,0.122655
2532.052,0.101595
2532.053,0.102375
2532.054,0.107835
2532.055,0.125775
2532.056,0.14898
2532.057,0.17277
2532.058,0.1911
2532.059,0.197535
2532.06,0.195975
2532.061,0.19851
2532.062,0.18914999999999998
2532.063,0.178815
2532.064,0.17043
2532.065,0.158535
2532.066,0.141375
2532.067,0.13338
2532.068,0.109005
2532.069,0.09555
2532.07,0.100035
2532.071,0.116415
2532.072,0.12792
2532.073,0.15717
2532.074,0.18134999999999998
2532.075,0.192465
2532.076,0.199875
2532.077,0.19616999999999998
2532.078,0.191295
2532.079,0.185055
2532.08,0.174915
2532.081,0.16302
2532.082,0.153075
2532.083,0.148785
2532.084,0.128895
2532.085,0.10647
2532.086,0.09984
2532.087,0.110175
2532.088,0.11680499999999999
2532.089,0.136305
2532.09,0.169455
2532.091,0.19227
2532.092,0.19968
2532.093,0.201435
2532.094,0.20319
2532.095,0.192855
2532.096,0.19071
2532.097,0.17667
2532.098,0.1599
2532.099,0.157755
2532.1,0.14547
2532.101,0.117975
2532.102,0.10842
2532.103,0.10335
2532.104,0.117975
2532.105,0.1287
2532.106,0.15170999999999998
2532.107,0.18252
2532.108,0.19675499999999999
2532.109,0.205335
2532.11,0.20982
2532.111,0.197535
2532.112,0.191295
2532.113,0.182715
2532.114,0.176865
2532.115,0.15795
2532.116,0.141375
2532.117,0.13455
2532.118,0.11388
2532.119,0.097695
2532.12,0.10491
2532.121,0.11427
2532.122,0.135135
2532.123,0.156975
2532.124,0.19227
2532.125,0.19539
2532.126,0.206115
2532.127,0.20163
2532.128,0.197535
2532.129,0.19032
2532.13,0.17862
2532.131,0.16419
2532.132,0.15288
2532.133,0.141375
2532.134,0.12050999999999999
2532.135,0.09789
2532.136,0.09086999999999999
2532.137,0.10491
2532.138,0.110175
2532.139,0.121485
2532.14,0.158535
2532.141,0.18096
2532.142,0.18798
2532.143,0.191295
2532.144,0.189735
2532.145,0.178815
2532.146,0.167505
2532.147,0.16575
2532.148,0.14547
2532.149,0.13299
2532.15,0.12031499999999999
2532.151,0.1014
2532.152,0.08268
2532.153,0.083655
2532.154,0.09437999999999999
2532.155,0.10919999999999999
2532.156,0.128895
2532.157,0.153855
2532.158,0.175695
2532.159,0.18173999999999998
2532.16,0.18252
2532.161,0.176865
2532.162,0.17004
2532.163,0.15678
2532.164,0.158925
2532.165,0.147615
2532.166,0.12986999999999999
2532.167,0.11934
2532.168,0.09555
2532.169,0.091455
2532.17,0.09555
2532.171,0.10296
2532.172,0.12519
2532.173,0.145275
2532.174,0.17667
2532.175,0.185445
2532.176,0.186615
2532.177,0.186615
2532.178,0.18213
2532.179,0.176475
2532.18,0.17004
2532.181,0.158535
2532.182,0.14079
2532.183,0.132015
2532.184,0.11583
2532.185,0.091455
2532.186,0.09086999999999999
2532.187,0.103935
2532.188,0.110175
2532.189,0.12050999999999999
2532.19,0.15483
2532.191,0.178815
2532.192,0.185055
2532.193,0.183885
2532.194,0.192075
2532.195,0.18096
2532.196,0.16731
2532.197,0.158145
2532.198,0.14781
2532.199,0.138255
2532.2,0.12558
2532.201,0.10764
2532.202,0.09165
2532.203,0.092625
2532.204,0.107055
2532.205,0.11622
2532.206,0.14449499999999998
2532.207,0.17667
2532.208,0.188175
2532.209,0.197535
2532.21,0.191295
2532.211,0.18603
2532.212,0.179205
2532.213,0.172575
2532.214,0.16575
2532.215,0.148395
2532.216,0.14118
2532.217,0.128895
2532.218,0.097695
2532.219,0.091455
2532.22,0.09555
2532.221,0.108615
2532.222,0.12207
2532.223,0.15132
2532.224,0.178815
2532.225,0.18681
2532.226,0.186615
2532.227,0.18291
2532.228,0.18096
2532.229,0.17043
2532.23,0.16419
2532.231,0.149175
2532.232,0.141375
2532.233,0.12831
2532.234,0.11232
2532.235,0.09048
2532.236,0.082095
2532.237,0.091455
2532.238,0.100815
2532.239,0.119535
2532.24,0.151515
2532.241,0.17413499999999998
2532.242,0.178815
2532.243,0.178815
2532.244,0.17121
2532.245,0.165555
2532.246,0.160875
2532.247,0.153855
2532.248,0.135135
2532.249,0.12285
2532.25,0.11309999999999999
2532.251,0.085215
2532.252,0.072735
2532.253,0.07137
2532.254,0.082095
2532.255,0.093015
2532.256,0.117975
2532.257,0.14547
2532.258,0.160875
2532.259,0.166335
2532.26,0.16575
2532.261,0.158535
2532.262,0.147615
2532.263,0.141375
2532.264,0.130455
2532.265,0.11622
2532.266,0.10335
2532.267,0.09457499999999999
2532.268,0.066495
2532.269,0.056549999999999996
2532.27,0.063375
2532.271,0.072735
2532.272,0.08268
2532.273,0.11309999999999999
2532.274,0.14508
2532.275,0.15327
2532.276,0.158535
2532.277,0.15366
2532.278,0.145665
2532.279,0.135135
2532.28,0.13026
2532.281,0.117585
2532.282,0.103935
2532.283,0.096135
2532.284,0.076635
2532.285,0.053235
2532.286,0.047775
2532.287,0.05694
2532.288,0.07059
2532.289,0.084045
2532.29,0.12012
2532.291,0.14508
2532.292,0.15366
2532.293,0.15132
2532.294,0.14547
2532.295,0.140595
2532.296,0.133575
2532.297,0.122655
2532.298,0.106275
2532.299,0.09555
2532.3,0.07878
2532.301,0.057135
2532.302,0.047775
2532.303,0.045434999999999996
2532.304,0.057135
2532.305,0.072735
2532.306,0.095745
2532.307,0.12792
2532.308,0.141375
2532.309,0.147615
2532.31,0.15054
2532.311,0.147615
2532.312,0.13611
2532.313,0.122655
2532.314,0.116415
2532.315,0.099255
2532.316,0.08892
2532.317,0.07878
2532.318,0.05694
2532.319,0.04992
2532.32,0.054015
2532.321,0.06123
2532.322,0.07644
2532.323,0.108225
2532.324,0.135135
2532.325,0.147615
2532.326,0.156975
2532.327,0.153855
2532.328,0.147615
2532.329,0.13962
2532.33,0.132795
2532.331,0.11622
2532.332,0.103935
2532.333,0.092625
2532.334,0.073905
2532.335,0.05811
2532.336,0.047189999999999996
2532.337,0.05811
2532.338,0.07254
2532.339,0.084825
2532.34,0.12519
2532.341,0.15170999999999998
2532.342,0.145665
2532.343,0.15288
2532.344,0.14859
2532.345,0.143325
2532.346,0.13884
2532.347,0.127335
2532.348,0.10803
2532.349,0.097695
2532.35,0.09437999999999999
2532.351,0.066495
2532.352,0.0507
2532.353,0.052065
2532.354,0.0663
2532.355,0.080535
2532.356,0.10374
2532.357,0.13299
2532.358,0.14508
2532.359,0.15229499999999999
2532.36,0.157755
2532.361,0.147615
2532.362,0.13377
2532.363,0.128895
2532.364,0.117975
2532.365,0.10296
2532.366,0.093015
2532.367,0.07371
2532.368,0.05382
2532.369,0.04563
2532.37,0.054015
2532.371,0.06942
2532.372,0.078
2532.373,0.11309999999999999
2532.374,0.13884
2532.375,0.14547
2532.376,0.147615
2532.377,0.146445
2532.378,0.141375
2532.379,0.14118
2532.38,0.135135
2532.381,0.108615
2532.382,0.10062
2532.383,0.09555
2532.384,0.075075
2532.385,0.054015
2532.386,0.05343
2532.387,0.06318
2532.388,0.073905
2532.389,0.08619
2532.39,0.12519
2532.391,0.14859
2532.392,0.15678
2532.393,0.153855
2532.394,0.14898
2532.395,0.15170999999999998
2532.396,0.141375
2532.397,0.133575
2532.398,0.117975
2532.399,0.10803
2532.4,0.103935
2532.401,0.07449
2532.402,0.063375
2532.403,0.0663
2532.404,0.078975
2532.405,0.091455
2532.406,0.11739
2532.407,0.148785
2532.408,0.163995
2532.409,0.17004
2532.41,0.17238
2532.411,0.16614
2532.412,0.15795
2532.413,0.15288
2532.414,0.148395
2532.415,0.1326
2532.416,0.11680499999999999
2532.417,0.100035
2532.418,0.08307
2532.419,0.07878
2532.42,0.085605
2532.421,0.09555
2532.422,0.114075
2532.423,0.135525
2532.424,0.16652999999999998
2532.425,0.17901
2532.426,0.17862
2532.427,0.174915
2532.428,0.17355
2532.429,0.168285
2532.43,0.160095
2532.431,0.14859
2532.432,0.13884
2532.433,0.122655
2532.434,0.100815
2532.435,0.09048
2532.436,0.084045
2532.437,0.09243
2532.438,0.10023
2532.439,0.12050999999999999
2532.44,0.153855
2532.441,0.178815
2532.442,0.188175
2532.443,0.18291
2532.444,0.18291
2532.445,0.172965
2532.446,0.167895
2532.447,0.15950999999999999
2532.448,0.141765
2532.449,0.13182
2532.45,0.121095
2532.451,0.09867
2532.452,0.08268
2532.453,0.085215
2532.454,0.095745
2532.455,0.11115
2532.456,0.13923
2532.457,0.163995
2532.458,0.172965
2532.459,0.18193499999999999
2532.46,0.180375
2532.461,0.17979
2532.462,0.167895
2532.463,0.16458
2532.464,0.15366
2532.465,0.141375
2532.466,0.126555
2532.467,0.11271
2532.468,0.09204
2532.469,0.082095
2532.47,0.091455
2532.471,0.097695
2532.472,0.116415
2532.473,0.141375
2532.474,0.171015
2532.475,0.18252
2532.476,0.185055
2532.477,0.183105
2532.478,0.17452499999999999
2532.479,0.17121
2532.48,0.16263
2532.481,0.153855
2532.482,0.13533
2532.483,0.124995
2532.484,0.10958999999999999
2532.485,0.09126
2532.486,0.08151
2532.487,0.092625
2532.488,0.10803
2532.489,0.12050999999999999
2532.49,0.15483
2532.491,0.18193499999999999
2532.492,0.186615
2532.493,0.185055
2532.494,0.183105
2532.495,0.17784
2532.496,0.16731
2532.497,0.157755
2532.498,0.14449499999999998
2532.499,0.13708499999999998
2532.5,0.121095
2532.501,0.09711
2532.502,0.08268
2532.503,0.086775
2532.504,0.09789
2532.505,0.111735
2532.506,0.13143
2532.507,0.16224
2532.508,0.18193499999999999
2532.509,0.185835
2532.51,0.17862
2532.511,0.18895499999999998
2532.512,0.16731
2532.513,0.163215
2532.514,0.156975
2532.515,0.142935
2532.516,0.128895
2532.517,0.11427
2532.518,0.09243
2532.519,0.0819
2532.52,0.093015
2532.521,0.098865
2532.522,0.12012
2532.523,0.14547
2532.524,0.176475
2532.525,0.185055
2532.526,0.18914999999999998
2532.527,0.18914999999999998
2532.528,0.17901
2532.529,0.172965
2532.53,0.160095
2532.531,0.147615
2532.532,0.13299
2532.533,0.126555
2532.534,0.10998
2532.535,0.085215
2532.536,0.08326499999999999
2532.537,0.09457499999999999
2532.538,0.10686
2532.539,0.119535
2532.54,0.153855
2532.541,0.178035
2532.542,0.19032
2532.543,0.183105
2532.544,0.178035
2532.545,0.17043
2532.546,0.163215
2532.547,0.153855
2532.548,0.13533
2532.549,0.132795
2532.55,0.11739
2532.551,0.095355
2532.552,0.07683
2532.553,0.08112
2532.554,0.091455
2532.555,0.10764
2532.556,0.13377
2532.557,0.163995
2532.558,0.17667
2532.559,0.178815
2532.56,0.17979
2532.561,0.1755
2532.562,0.165555
2532.563,0.15756
2532.564,0.151515
2532.565,0.126555
2532.566,0.12050999999999999
2532.567,0.10803
2532.568,0.0819
2532.569,0.071565
2532.57,0.08307
2532.571,0.09086999999999999
2532.572,0.10608
2532.573,0.139035
2532.574,0.160875
2532.575,0.17628
2532.576,0.175695
2532.577,0.17355
2532.578,0.169455
2532.579,0.16302
2532.58,0.15190499999999998
2532.581,0.14547
2532.582,0.128895
2532.583,0.11817
2532.584,0.104715
2532.585,0.08385
2532.586,0.07683
2532.587,0.08541
2532.588,0.096135
2532.589,0.114075
2532.59,0.14449499999999998
2532.591,0.172575
2532.592,0.17862
2532.593,0.17277
2532.594,0.1755
2532.595,0.16614
2532.596,0.15756
2532.597,0.148005
2532.598,0.13806
2532.599,0.122655
2532.6,0.121485
2532.601,0.09126
2532.602,0.07644
2532.603,0.081315
2532.604,0.091065
2532.605,0.10374
2532.606,0.13143
2532.607,0.158535
2532.608,0.17238
2532.609,0.183105
2532.61,0.18193499999999999
2532.611,0.178815
2532.612,0.1638
2532.613,0.16107
2532.614,0.148395
2532.615,0.13299
2532.616,0.12675
2532.617,0.103935
2532.618,0.09243
2532.619,0.07566
2532.62,0.08541
2532.621,0.08931
2532.622,0.110955
2532.623,0.14547
2532.624,0.166335
2532.625,0.17277
2532.626,0.1755
2532.627,0.17823
2532.628,0.166335
2532.629,0.16614
2532.63,0.155025
2532.631,0.141765
2532.632,0.128895
2532.633,0.126945
2532.634,0.10764
2532.635,0.08931
2532.636,0.08034
2532.637,0.091455
2532.638,0.109785
2532.639,0.11622
2532.64,0.15288
2532.641,0.17979
2532.642,0.183105
2532.643,0.185055
2532.644,0.18252
2532.645,0.17979
2532.646,0.170625
2532.647,0.158535
2532.648,0.14547
2532.649,0.132795
2532.65,0.121095
2532.651,0.101595
2532.652,0.085215
2532.653,0.0858
2532.654,0.100035
2532.655,0.11115
2532.656,0.141375
2532.657,0.166335
2532.658,0.18895499999999998
2532.659,0.18934499999999999
2532.66,0.192075
2532.661,0.185055
2532.662,0.17355
2532.663,0.167895
2532.664,0.158145
2532.665,0.14235
2532.666,0.13377
2532.667,0.11622
2532.668,0.092625
2532.669,0.091845
2532.67,0.097695
2532.671,0.107055
2532.672,0.125775
2532.673,0.15170999999999998
2532.674,0.18096
2532.675,0.1911
2532.676,0.195975
2532.677,0.18895499999999998
2532.678,0.183885
2532.679,0.17667
2532.68,0.16536
2532.681,0.148785
2532.682,0.14235
2532.683,0.133185
2532.684,0.114855
2532.685,0.097695
2532.686,0.09048
2532.687,0.10764
2532.688,0.11309999999999999
2532.689,0.12831
2532.69,0.160485
2532.691,0.186225
2532.692,0.191295
2532.693,0.191295
2532.694,0.18603
2532.695,0.180375
2532.696,0.17043
2532.697,0.16419
2532.698,0.15366
2532.699,0.1404
2532.7,0.13884
2532.701,0.103935
2532.702,0.09555
2532.703,0.10062
2532.704,0.110175
2532.705,0.117585
2532.706,0.151515
2532.707,0.17043
2532.708,0.186225
2532.709,0.19422
2532.71,0.19675499999999999
2532.711,0.19032
2532.712,0.186225
2532.713,0.17784
2532.714,0.166335
2532.715,0.153855
2532.716,0.147615
2532.717,0.1248
2532.718,0.10178999999999999
2532.719,0.09457499999999999
2532.72,0.103155
2532.721,0.114075
2532.722,0.128895
2532.723,0.16419
2532.724,0.192465
2532.725,0.1911
2532.726,0.197535
2532.727,0.1911
2532.728,0.186225
2532.729,0.18213
2532.73,0.17413499999999998
2532.731,0.15190499999999998
2532.732,0.147615
2532.733,0.139035
2532.734,0.11544
2532.735,0.092625
2532.736,0.093015
2532.737,0.10178999999999999
2532.738,0.11622
2532.739,0.13299
2532.74,0.17004
2532.741,0.190515
2532.742,0.19539
2532.743,0.19539
2532.744,0.191295
2532.745,0.183495
2532.746,0.17355
2532.747,0.16419
2532.748,0.153855
2532.749,0.138255
2532.75,0.132015
2532.751,0.107835
2532.752,0.09086999999999999
2532.753,0.095355
2532.754,0.10608
2532.755,0.116415
2532.756,0.141375
2532.757,0.17043
2532.758,0.18291
2532.759,0.185445
2532.76,0.18291
2532.761,0.18369
2532.762,0.171015
2532.763,0.16185
2532.764,0.156195
2532.765,0.135135
2532.766,0.13104
2532.767,0.10647
2532.768,0.08151
2532.769,0.074295
2532.77,0.08307
2532.771,0.097695
2532.772,0.11232
2532.773,0.13688999999999998
2532.774,0.16419
2532.775,0.17043
2532.776,0.17511
2532.777,0.17823
2532.778,0.170235
2532.779,0.160095
2532.78,0.153075
2532.781,0.133965
2532.782,0.126555
2532.783,0.116415
2532.784,0.09984
2532.785,0.078975
2532.786,0.0741
2532.787,0.086385
2532.788,0.093015
2532.789,0.11622
2532.79,0.153075
2532.791,0.171405
2532.792,0.176865
2532.793,0.17355
2532.794,0.167895
2532.795,0.16302
2532.796,0.156195
2532.797,0.14468999999999999
2532.798,0.13299
2532.799,0.11934
2532.8,0.11115
2532.801,0.08463
2532.802,0.069615
2532.803,0.07059
2532.804,0.08151
2532.805,0.10178999999999999
2532.806,0.12675
2532.807,0.149565
2532.808,0.16672499999999998
2532.809,0.172575
2532.81,0.17004
2532.811,0.17004
2532.812,0.15795
2532.813,0.15366
2532.814,0.14079
2532.815,0.130065
2532.816,0.122655
2532.817,0.103155
2532.818,0.08463
2532.819,0.07059
2532.82,0.081315
2532.821,0.09555
2532.822,0.107055
2532.823,0.1404
2532.824,0.16419
2532.825,0.167505
2532.826,0.17355
2532.827,0.172575
2532.828,0.166335
2532.829,0.160095
2532.83,0.147615
2532.831,0.131235
2532.832,0.12050999999999999
2532.833,0.116415
2532.834,0.09594
2532.835,0.07683
2532.836,0.07254
2532.837,0.07878
2532.838,0.091455
2532.839,0.10803
2532.84,0.14508
2532.841,0.163215
2532.842,0.17511
2532.843,0.16809
2532.844,0.170235
2532.845,0.16224
2532.846,0.153855
2532.847,0.14547
2532.848,0.125775
2532.849,0.1248
2532.85,0.10881
2532.851,0.0819
2532.852,0.07176
2532.853,0.07878
2532.854,0.08326499999999999
2532.855,0.095355
2532.856,0.128895
2532.857,0.15366
2532.858,0.172575
2532.859,0.171795
2532.86,0.17121
2532.861,0.166335
2532.862,0.160095
2532.863,0.14781
2532.864,0.14235
2532.865,0.1248
2532.866,0.11739
2532.867,0.101595
2532.868,0.078975
2532.869,0.07059
2532.87,0.07839
2532.871,0.089895
2532.872,0.10296
2532.873,0.13806
2532.874,0.16419
2532.875,0.17043
2532.876,0.16848
2532.877,0.173355
2532.878,0.167505
2532.879,0.160095
2532.88,0.15366
2532.881,0.135915
2532.882,0.123045
2532.883,0.11427
2532.884,0.095355
2532.885,0.078975
2532.886,0.07878
2532.887,0.089115
2532.888,0.10491
2532.889,0.122655
2532.89,0.15170999999999998
2532.891,0.168285
2532.892,0.18173999999999998
2532.893,0.17979
2532.894,0.169455
2532.895,0.167895
2532.896,0.15639
2532.897,0.142545
2532.898,0.133185
2532.899,0.12675
2532.9,0.116415
2532.901,0.089115
2532.902,0.08307
2532.903,0.078975
2532.904,0.08931
2532.905,0.103935
2532.906,0.132795
2532.907,0.158535
2532.908,0.169455
2532.909,0.166335
2532.91,0.172575
2532.911,0.16614
2532.912,0.15795
2532.913,0.15405
2532.914,0.13708499999999998
2532.915,0.12714
2532.916,0.11739
2532.917,0.10023
2532.918,0.08151
2532.919,0.072735
2532.92,0.08151
2532.921,0.091455
2532.922,0.108615
2532.923,0.135135
2532.924,0.160485
2532.925,0.167505
2532.926,0.17667
2532.927,0.16926
2532.928,0.16731
2532.929,0.158535
2532.93,0.149175
2532.931,0.13845
2532.932,0.12519
2532.933,0.110565
2532.934,0.09457499999999999
2532.935,0.07566
2532.936,0.071175
2532.937,0.08424
2532.938,0.0975
2532.939,0.11427
2532.94,0.146835
2532.941,0.174915
2532.942,0.178815
2532.943,0.17862
2532.944,0.180375
2532.945,0.171015
2532.946,0.16107
2532.947,0.15288
2532.948,0.13923
2532.949,0.12675
2532.95,0.12031499999999999
2532.951,0.085605
2532.952,0.078975
2532.953,0.078975
2532.954,0.096525
2532.955,0.10803
2532.956,0.133965
2532.957,0.156975
2532.958,0.17667
2532.959,0.181155
2532.96,0.178815
2532.961,0.176475
2532.962,0.163215
2532.963,0.160095
2532.964,0.15132
2532.965,0.13611
2532.966,0.118365
2532.967,0.107055
2532.968,0.086385
2532.969,0.08326499999999999
2532.97,0.08931
2532.971,0.10335
2532.972,0.12031499999999999
2532.973,0.146445
2532.974,0.17628
2532.975,0.17901
2532.976,0.186225
2532.977,0.188175
2532.978,0.17355
2532.979,0.167895
2532.98,0.162435
2532.981,0.147615
2532.982,0.133575
2532.983,0.12675
2532.984,0.103935
2532.985,0.08307
2532.986,0.08931
2532.987,0.100035
2532.988,0.10686
2532.989,0.13377
2532.99,0.16224
2532.991,0.18193499999999999
2532.992,0.191295
2532.993,0.187005
2532.994,0.185055
2532.995,0.171015
2532.996,0.165945
2532.997,0.16536
2532.998,0.149175
2532.999,0.133575
2533.0,0.1287
2533.001,0.097695
2533.002,0.089115
2533.003,0.091455
2533.004,0.10335
2533.005,0.114075
2533.006,0.139425
2533.007,0.172575
2533.008,0.18486
2533.009,0.18914999999999998
2533.01,0.186225
2533.011,0.18134999999999998
2533.012,0.173745
2533.013,0.17043
2533.014,0.16107
2533.015,0.14547
2533.016,0.141375
2533.017,0.12050999999999999
2533.018,0.101595
2533.019,0.095355
2533.02,0.10549499999999999
2533.021,0.11232
2533.022,0.127335
2533.023,0.15795
2533.024,0.1911
2533.025,0.191685
2533.026,0.19636499999999998
2533.027,0.197535
2533.028,0.1911
2533.029,0.183105
2533.03,0.17784
2533.031,0.1638
2533.032,0.15132
2533.033,0.141375
2533.034,0.123825
2533.035,0.10178999999999999
2533.036,0.103935
2533.037,0.10725
2533.038,0.126555
2533.039,0.14664
2533.04,0.183105
2533.041,0.20046
2533.042,0.206895
2533.043,0.20787
2533.044,0.20124
2533.045,0.191295
2533.046,0.18193499999999999
2533.047,0.178815
2533.048,0.163215
2533.049,0.153855
2533.05,0.147615
2533.051,0.124995
2533.052,0.10608
2533.053,0.11309999999999999
2533.054,0.121095
2533.055,0.13299
2533.056,0.16731
2533.057,0.19227
2533.058,0.20416499999999999
2533.059,0.208455
2533.06,0.20787
2533.061,0.20377499999999998
2533.062,0.197535
2533.063,0.191295
2533.064,0.181155
2533.065,0.16536
2533.066,0.153855
2533.067,0.14079
2533.068,0.118365
2533.069,0.11388
2533.07,0.11739
2533.071,0.13299
2533.072,0.14742
2533.073,0.1755
2533.074,0.20631
2533.075,0.21372
2533.076,0.21723
2533.077,0.21606
2533.078,0.2067
2533.079,0.200655
2533.08,0.188175
2533.081,0.17667
2533.082,0.168675
2533.083,0.15639
2533.084,0.138255
2533.085,0.12012
2533.086,0.116415
2533.087,0.12636
2533.088,0.143715
2533.089,0.163215
2533.09,0.195585
2533.091,0.216255
2533.092,0.220155
2533.093,0.22035
2533.094,0.214305
2533.095,0.20592
2533.096,0.202215
2533.097,0.195975
2533.098,0.178815
2533.099,0.171015
2533.1,0.158925
2533.101,0.14079
2533.102,0.129285
2533.103,0.12714
2533.104,0.14508
2533.105,0.15678
2533.106,0.18447
2533.107,0.21567
2533.108,0.231855
2533.109,0.23283
2533.11,0.23341499999999998
2533.111,0.228735
2533.112,0.22035
2533.113,0.210015
2533.114,0.20396999999999998
2533.115,0.185055
2533.116,0.177255
2533.117,0.153855
2533.118,0.135135
2533.119,0.135135
2533.12,0.14118
2533.121,0.14547
2533.122,0.166335
2533.123,0.2028
2533.124,0.22464
2533.125,0.22815
2533.126,0.22971
2533.127,0.22893
2533.128,0.21820499999999998
2533.129,0.216255
2533.13,0.2028
2533.131,0.19734
2533.132,0.18252
2533.133,0.1755
2533.134,0.147615
2533.135,0.13182
2533.136,0.132015
2533.137,0.141765
2533.138,0.153855
2533.139,0.17667
2533.14,0.21411
2533.141,0.22854
2533.142,0.235365
2533.143,0.23595
2533.144,0.23283
2533.145,0.222885
2533.146,0.214695
2533.147,0.21255
2533.148,0.1911
2533.149,0.178035
2533.15,0.166335
2533.151,0.146055
2533.152,0.13377
2533.153,0.14118
2533.154,0.145665
2533.155,0.16536
2533.156,0.197535
2533.157,0.220155
2533.158,0.23244
2533.159,0.236145
2533.16,0.23302499999999998
2533.161,0.23244
2533.162,0.2223
2533.163,0.213915
2533.164,0.20007
2533.165,0.1911
2533.166,0.17667
2533.167,0.16302
2533.168,0.13923
2533.169,0.128895
2533.17,0.142155
2533.171,0.15015
2533.172,0.16731
2533.173,0.20124
2533.174,0.22464
2533.175,0.227955
2533.176,0.231855
2533.177,0.22971
2533.178,0.225225
2533.179,0.217815
2533.18,0.214695
2533.181,0.192855
2533.182,0.18096
2533.183,0.17355
2533.184,0.147615
2533.185,0.13299
2533.186,0.132795
2533.187,0.14235
2533.188,0.153855
2533.189,0.170235
2533.19,0.20377499999999998
2533.191,0.222495
2533.192,0.232635
2533.193,0.229905
2533.194,0.22561499999999998
2533.195,0.216255
2533.196,0.206895
2533.197,0.20046
2533.198,0.185055
2533.199,0.17979
2533.2,0.166335
2533.201,0.13923
2533.202,0.126555
2533.203,0.132015
2533.204,0.141375
2533.205,0.156195
2533.206,0.18193499999999999
2533.207,0.20787
2533.208,0.21878999999999998
2533.209,0.21996
2533.21,0.22464
2533.211,0.217815
2533.212,0.21098999999999998
2533.213,0.20319
2533.214,0.18934499999999999
2533.215,0.17979
2533.216,0.171015
2533.217,0.15132
2533.218,0.12909
2533.219,0.125775
2533.22,0.135135
2533.221,0.143325
2533.222,0.158535
2533.223,0.195585
2533.224,0.21567
2533.225,0.22113
2533.226,0.22854
2533.227,0.222495
2533.228,0.216255
2533.229,0.21216
2533.23,0.204945
2533.231,0.188175
2533.232,0.18096
2533.233,0.17043
2533.234,0.149175
2533.235,0.139035
2533.236,0.1365
2533.237,0.15190499999999998
2533.238,0.163995
2533.239,0.185445
2533.24,0.217425
2533.241,0.234975
2533.242,0.243555
2533.243,0.24492
2533.244,0.24121499999999998
2533.245,0.232635
2533.246,0.22464
2533.247,0.216255
2533.248,0.20377499999999998
2533.249,0.19539
2533.25,0.1911
2533.251,0.153855
2533.252,0.141375
2533.253,0.153855
2533.254,0.16652999999999998
2533.255,0.17413499999999998
2533.256,0.20748
2533.257,0.23341499999999998
2533.258,0.247455
2533.259,0.253695
2533.26,0.252915
2533.261,0.244335
2533.262,0.23907
2533.263,0.226785
2533.264,0.22035
2533.265,0.20748
2533.266,0.19695
2533.267,0.1755
2533.268,0.156195
2533.269,0.14859
2533.27,0.15795
2533.271,0.1677
2533.272,0.18193499999999999
2533.273,0.214305
2533.274,0.242385
2533.275,0.245115
2533.276,0.2496
2533.277,0.245115
2533.278,0.242775
2533.279,0.23380499999999999
2533.28,0.22658999999999999
2533.281,0.21216
2533.282,0.190515
2533.283,0.185055
2533.284,0.163215
2533.285,0.15229499999999999
2533.286,0.150735
2533.287,0.1638
2533.288,0.172965
2533.289,0.198315
2533.29,0.229125
2533.291,0.24492
2533.292,0.250575
2533.293,0.25155
2533.294,0.236925
2533.295,0.236535
2533.296,0.22658999999999999
2533.297,0.217815
2533.298,0.207675
2533.299,0.197535
2533.3,0.18603
2533.301,0.158535
2533.302,0.151515
2533.303,0.15405
2533.304,0.16575
2533.305,0.172965
2533.306,0.20377499999999998
2533.307,0.23302499999999998
2533.308,0.238875
2533.309,0.24531
2533.31,0.24297
2533.311,0.234975
2533.312,0.22542
2533.313,0.216255
2533.314,0.20592
2533.315,0.19968
2533.316,0.185055
2533.317,0.16302
2533.318,0.145275
2533.319,0.136695
2533.32,0.14859
2533.321,0.15639
2533.322,0.171015
2533.323,0.20865
2533.324,0.22815
2533.325,0.23712
2533.326,0.24531
2533.327,0.23595
2533.328,0.22776
2533.329,0.216255
2533.33,0.20748
2533.331,0.199095
2533.332,0.191295
2533.333,0.17862
2533.334,0.15873
2533.335,0.145275
2533.336,0.13923
2533.337,0.15054
2533.338,0.16224
2533.339,0.185055
2533.34,0.210015
2533.341,0.23088
2533.342,0.23673
2533.343,0.23302499999999998
2533.344,0.23088
2533.345,0.22074
2533.346,0.21411
2533.347,0.206115
2533.348,0.18914999999999998
2533.349,0.17823
2533.35,0.16419
2533.351,0.13884
2533.352,0.124995
2533.353,0.12831
2533.354,0.14547
2533.355,0.158535
2533.356,0.18603
2533.357,0.206895
2533.358,0.216255
2533.359,0.22464
2533.36,0.21820499999999998
2533.361,0.216255
2533.362,0.20787
2533.363,0.20124
2533.364,0.191295
2533.365,0.175695
2533.366,0.16652999999999998
2533.367,0.15132
2533.368,0.125775
2533.369,0.11739
2533.37,0.128895
2533.371,0.139815
2533.372,0.1599
2533.373,0.186225
2533.374,0.20787
2533.375,0.210015
2533.376,0.217815
2533.377,0.216255
2533.378,0.20748
2533.379,0.19616999999999998
2533.38,0.187005
2533.381,0.172575
2533.382,0.16419
2533.383,0.151515
2533.384,0.1287
2533.385,0.11232
2533.386,0.10803
2533.387,0.12558
2533.388,0.133185
2533.389,0.160095
2533.39,0.18486
2533.391,0.201435
2533.392,0.21255
2533.393,0.20319
2533.394,0.202215
2533.395,0.19305
2533.396,0.1911
2533.397,0.17901
2533.398,0.163995
2533.399,0.158145
2533.4,0.13923
2533.401,0.116415
2533.402,0.10608
2533.403,0.10842
2533.404,0.12031499999999999
2533.405,0.1326
2533.406,0.16263
2533.407,0.191685
2533.408,0.195975
2533.409,0.202215
2533.41,0.20416499999999999
2533.411,0.192075
2533.412,0.187395
2533.413,0.17784
2533.414,0.16652999999999998
2533.415,0.15327
2533.416,0.13923
2533.417,0.12246
2533.418,0.097695
2533.419,0.09555
2533.42,0.103935
2533.421,0.116415
2533.422,0.128895
2533.423,0.16926
2533.424,0.18837
2533.425,0.191295
2533.426,0.19539
2533.427,0.19636499999999998
2533.428,0.18603
2533.429,0.178815
2533.43,0.16672499999999998
2533.431,0.153855
2533.432,0.141375
2533.433,0.132795
2533.434,0.11583
2533.435,0.09067499999999999
2533.436,0.096135
2533.437,0.10803
2533.438,0.12050999999999999
2533.439,0.14079
2533.44,0.17667
2533.441,0.18875999999999998
2533.442,0.191295
2533.443,0.192855
2533.444,0.1911
2533.445,0.182715
2533.446,0.17043
2533.447,0.16419
2533.448,0.150735
2533.449,0.138255
2533.45,0.1248
2533.451,0.103155
2533.452,0.091845
2533.453,0.096135
2533.454,0.11329499999999999
2533.455,0.124995
2533.456,0.146055
2533.457,0.178815
2533.458,0.192855
2533.459,0.195975
2533.46,0.191685
2533.461,0.188175
2533.462,0.182715
2533.463,0.168285
2533.464,0.15795
2533.465,0.148005
2533.466,0.135525
2533.467,0.11544
2533.468,0.096135
2533.469,0.09282
2533.47,0.09984
2533.471,0.11329499999999999
2533.472,0.126555
2533.473,0.16029
2533.474,0.18603
2533.475,0.19305
2533.476,0.188175
2533.477,0.18525
2533.478,0.183105
2533.479,0.173355
2533.48,0.163995
2533.481,0.14781
2533.482,0.139035
2533.483,0.12675
2533.484,0.10178999999999999
2533.485,0.09165
2533.486,0.09086999999999999
2533.487,0.09321
2533.488,0.112515
2533.489,0.13884
2533.49,0.166335
2533.491,0.18291
2533.492,0.19071
2533.493,0.18914999999999998
2533.494,0.183105
2533.495,0.167895
2533.496,0.165555
2533.497,0.16224
2533.498,0.141375
2533.499,0.12792
2533.5,0.11739
2533.501,0.089115
2533.502,0.07995
2533.503,0.09126
2533.504,0.09789
2533.505,0.11232
2533.506,0.13923
2533.507,0.16419
2533.508,0.17823
2533.509,0.18193499999999999
2533.51,0.172965
2533.511,0.16536
2533.512,0.160095
2533.513,0.14859
2533.514,0.139815
2533.515,0.12519
2533.516,0.12246
2533.517,0.096525
2533.518,0.07644
2533.519,0.073125
2533.52,0.08307
2533.521,0.092235
2533.522,0.10608
2533.523,0.13884
2533.524,0.165555
2533.525,0.16731
2533.526,0.16848
2533.527,0.16652999999999998
2533.528,0.160875
2533.529,0.15170999999999998
2533.53,0.145275
2533.531,0.125775
2533.532,0.11309999999999999
2533.533,0.10608
2533.534,0.08931
2533.535,0.06747
2533.536,0.072735
2533.537,0.081315
2533.538,0.091455
2533.539,0.121095
2533.54,0.14547
2533.541,0.16224
2533.542,0.16419
2533.543,0.16575
2533.544,0.158535
2533.545,0.15170999999999998
2533.546,0.142545
2533.547,0.13377
2533.548,0.12012
2533.549,0.114855
2533.55,0.1014
2533.551,0.08151
2533.552,0.06435
2533.553,0.07059
2533.554,0.08268
2533.555,0.09457499999999999
2533.556,0.11680499999999999
2533.557,0.14937
2533.558,0.162435
2533.559,0.166335
2533.56,0.162435
2533.561,0.158145
2533.562,0.147615
2533.563,0.135135
2533.564,0.1248
2533.565,0.11427
2533.566,0.10335
2533.567,0.086385
2533.568,0.067665
2533.569,0.063375
2533.57,0.06844499999999999
2533.571,0.07995
2533.572,0.09457499999999999
2533.573,0.13494
2533.574,0.15678
2533.575,0.16614
2533.576,0.163215
2533.577,0.16224
2533.578,0.147615
2533.579,0.15054
2533.58,0.141375
2533.581,0.12831
2533.582,0.11427
2533.583,0.103545
2533.584,0.077805
2533.585,0.06591
2533.586,0.067275
2533.587,0.076635
2533.588,0.09457499999999999
2533.589,0.119535
2533.59,0.14547
2533.591,0.16672499999999998
2533.592,0.167895
2533.593,0.16419
2533.594,0.1638
2533.595,0.15756
2533.596,0.150735
2533.597,0.13923
2533.598,0.121875
2533.599,0.110175
2533.6,0.09516
2533.601,0.07683
2533.602,0.07644
2533.603,0.07371
2533.604,0.08307
2533.605,0.09867
2533.606,0.12986999999999999
2533.607,0.158535
2533.608,0.1638
2533.609,0.171015
2533.61,0.172965
2533.611,0.163215
2533.612,0.1599
2533.613,0.14449499999999998
2533.614,0.13377
2533.615,0.128895
2533.616,0.11427
2533.617,0.095355
2533.618,0.07839
2533.619,0.073905
2533.62,0.078975
2533.621,0.09243
2533.622,0.103155
2533.623,0.139035
2533.624,0.166335
2533.625,0.17667
2533.626,0.177255
2533.627,0.17043
2533.628,0.16419
2533.629,0.15795
2533.63,0.14547
2533.631,0.13611
2533.632,0.128115
2533.633,0.11427
2533.634,0.09243
2533.635,0.07137
2533.636,0.07878
2533.637,0.091455
2533.638,0.10062
2533.639,0.12792
2533.64,0.15795
2533.641,0.167895
2533.642,0.171015
2533.643,0.17413499999999998
2533.644,0.170235
2533.645,0.16614
2533.646,0.153855
2533.647,0.14157
2533.648,0.126555
2533.649,0.11680499999999999
2533.65,0.1014
2533.651,0.082875
2533.652,0.068055
2533.653,0.077415
2533.654,0.08307
2533.655,0.103935
2533.656,0.126945
2533.657,0.15834
2533.658,0.166335
2533.659,0.17277
2533.66,0.17355
2533.661,0.165555
2533.662,0.153855
2533.663,0.146445
2533.664,0.132795
2533.665,0.12070499999999999
2533.666,0.112515
2533.667,0.09126
2533.668,0.06747
2533.669,0.070395
2533.67,0.078
2533.671,0.085215
2533.672,0.09789
2533.673,0.1365
2533.674,0.160095
2533.675,0.16419
2533.676,0.16731
2533.677,0.16419
2533.678,0.153855
2533.679,0.146055
2533.68,0.139035
2533.681,0.12050999999999999
2533.682,0.108225
2533.683,0.10335
2533.684,0.072735
2533.685,0.064545
2533.686,0.060254999999999996
2533.687,0.07527
2533.688,0.097695
2533.689,0.12246
2533.69,0.149175
2533.691,0.16731
2533.692,0.16263
2533.693,0.16614
2533.694,0.1638
2533.695,0.15366
2533.696,0.14508
2533.697,0.13923
2533.698,0.117975
2533.699,0.110175
2533.7,0.093015
2533.701,0.07293
2533.702,0.066885
2533.703,0.074295
2533.704,0.084045
2533.705,0.09984
2533.706,0.12363
2533.707,0.15756
2533.708,0.16887
2533.709,0.173745
2533.71,0.171405
2533.711,0.160095
2533.712,0.15561
2533.713,0.14235
2533.714,0.12909
2533.715,0.116415
2533.716,0.110175
2533.717,0.09126
2533.718,0.06747
2533.719,0.065715
2533.72,0.07059
2533.721,0.08502
2533.722,0.10178999999999999
2533.723,0.136305
2533.724,0.163995
2533.725,0.168285
2533.726,0.166335
2533.727,0.16302
2533.728,0.16263
2533.729,0.15132
2533.73,0.141375
2533.731,0.12597
2533.732,0.116415
2533.733,0.10764
2533.734,0.080145
2533.735,0.068055
2533.736,0.07059
2533.737,0.08307
2533.738,0.10178999999999999
2533.739,0.12050999999999999
2533.74,0.15170999999999998
2533.741,0.16575
2533.742,0.171015
2533.743,0.170235
2533.744,0.166335
2533.745,0.163215
2533.746,0.153855
2533.747,0.13923
2533.748,0.12675
2533.749,0.11739
2533.75,0.10178999999999999
2533.751,0.081315
2533.752,0.07371
2533.753,0.07839
2533.754,0.091455
2533.755,0.108615
2533.756,0.133575
2533.757,0.16614
2533.758,0.17043
2533.759,0.18193499999999999
2533.76,0.179595
2533.761,0.16711499999999999
2533.762,0.163995
2533.763,0.154635
2533.764,0.14313
2533.765,0.126555
2533.766,0.11739
2533.767,0.096135
2533.768,0.081315
2533.769,0.079365
2533.77,0.086775
2533.771,0.09867
2533.772,0.11232
2533.773,0.151515
2533.774,0.1755
2533.775,0.18291
2533.776,0.17823
2533.777,0.172575
2533.778,0.17043
2533.779,0.163995
2533.78,0.16224
2533.781,0.141375
2533.782,0.13182
2533.783,0.12363
2533.784,0.10023
2533.785,0.08814
2533.786,0.08619
2533.787,0.096135
2533.788,0.11388
2533.789,0.139035
2533.79,0.16614
2533.791,0.18369
2533.792,0.185055
2533.793,0.191295
2533.794,0.183105
2533.795,0.166335
2533.796,0.15795
2533.797,0.15795
2533.798,0.13708499999999998
2533.799,0.128895
2533.8,0.11329499999999999
2533.801,0.09067499999999999
2533.802,0.085215
2533.803,0.093405
2533.804,0.10062
2533.805,0.12207
2533.806,0.15327
2533.807,0.17667
2533.808,0.185055
2533.809,0.18914999999999998
2533.81,0.18603
2533.811,0.18291
2533.812,0.17413499999999998
2533.813,0.16614
2533.814,0.15190499999999998
2533.815,0.14157
2533.816,0.131235
2533.817,0.115635
2533.818,0.091455
2533.819,0.091455
2533.82,0.10178999999999999
2533.821,0.11388
2533.822,0.12986999999999999
2533.823,0.16536
2533.824,0.18875999999999998
2533.825,0.19422
2533.826,0.19851
2533.827,0.18934499999999999
2533.828,0.18252
2533.829,0.173745
2533.83,0.16536
2533.831,0.153855
2533.832,0.143325
2533.833,0.136695
2533.834,0.116415
2533.835,0.097695
2533.836,0.100815
2533.837,0.10803
2533.838,0.12558
2533.839,0.15249
2533.84,0.1755
2533.841,0.195195
2533.842,0.197535
2533.843,0.199095
2533.844,0.19636499999999998
2533.845,0.18193499999999999
2533.846,0.17667
2533.847,0.17413499999999998
2533.848,0.15795
2533.849,0.15366
2533.85,0.135525
2533.851,0.11329499999999999
2533.852,0.10491
2533.853,0.11739
2533.854,0.12675
2533.855,0.141375
2533.856,0.17121
2533.857,0.197535
2533.858,0.20319
2533.859,0.213915
2533.86,0.208065
2533.861,0.20357999999999998
2533.862,0.19968
2533.863,0.186615
2533.864,0.172575
2533.865,0.16263
2533.866,0.15327
2533.867,0.139035
2533.868,0.118755
2533.869,0.117195
2533.87,0.121095
2533.871,0.133575
2533.872,0.15639
2533.873,0.18603
2533.874,0.20748
2533.875,0.219375
2533.876,0.22113
2533.877,0.216255
2533.878,0.210015
2533.879,0.195585
2533.88,0.192465
2533.881,0.176475
2533.882,0.166335
2533.883,0.156975
2533.884,0.13143
2533.885,0.125775
2533.886,0.12675
2533.887,0.1287
2533.888,0.14742
2533.889,0.167895
2533.89,0.192465
2533.891,0.213135
2533.892,0.216255
2533.893,0.21645
2533.894,0.216255
2533.895,0.206895
2533.896,0.20046
2533.897,0.185055
2533.898,0.176475
2533.899,0.16672499999999998
2533.9,0.146055
2533.901,0.12636
2533.902,0.12050999999999999
2533.903,0.12363
2533.904,0.13299
2533.905,0.14937
2533.906,0.18096
2533.907,0.20338499999999998
2533.908,0.208065
2533.909,0.224835
2533.91,0.21684
2533.911,0.210015
2533.912,0.20007
2533.913,0.192855
2533.914,0.18291
2533.915,0.172575
2533.916,0.16302
2533.917,0.14449499999999998
2533.918,0.11622
2533.919,0.11329499999999999
2533.92,0.128895
2533.921,0.135135
2533.922,0.156975
2533.923,0.18993
2533.924,0.216255
2533.925,0.216255
2533.926,0.22035
2533.927,0.21723
2533.928,0.20982
2533.929,0.20163
2533.93,0.195585
2533.931,0.17667
2533.932,0.170235
2533.933,0.160095
2533.934,0.135135
2533.935,0.128895
2533.936,0.129285
2533.937,0.135135
2533.938,0.145665
2533.939,0.180375
2533.94,0.20631
2533.941,0.220935
2533.942,0.224835
2533.943,0.22542
2533.944,0.21723
2533.945,0.21372
2533.946,0.199095
2533.947,0.193245
2533.948,0.178815
2533.949,0.171015
2533.95,0.14859
2533.951,0.1287
2533.952,0.125775
2533.953,0.12947999999999998
2533.954,0.136695
2533.955,0.153855
2533.956,0.182715
2533.957,0.21411
2533.958,0.21567
2533.959,0.222495
2533.96,0.219375
2533.961,0.215475
2533.962,0.207675
2533.963,0.20163
2533.964,0.18603
2533.965,0.178815
2533.966,0.166335
2533.967,0.142935
2533.968,0.128895
2533.969,0.119535
2533.97,0.1404
2533.971,0.142545
2533.972,0.157755
2533.973,0.19539
2533.974,0.22464
2533.975,0.228735
2533.976,0.22658999999999999
2533.977,0.220935
2533.978,0.213915
2533.979,0.210015
2533.98,0.200655
2533.981,0.1833
2533.982,0.172965
2533.983,0.158535
2533.984,0.128895
2533.985,0.12050999999999999
2533.986,0.12675
2533.987,0.13708499999999998
2533.988,0.146055
2533.989,0.176865
2533.99,0.199095
2533.991,0.21157499999999999
2533.992,0.219375
2533.993,0.21372
2533.994,0.212355
2533.995,0.207675
2533.996,0.19851
2533.997,0.183105
2533.998,0.16731
2533.999,0.16536
2534.0,0.1404
2534.001,0.122655
2534.002,0.11622
2534.003,0.11934
2534.004,0.13182
2534.005,0.146445
2534.006,0.17784
2534.007,0.2028
2534.008,0.20787
2534.009,0.21606
2534.01,0.210405
2534.011,0.206115
2534.012,0.199485
2534.013,0.18875999999999998
2534.014,0.178035
2534.015,0.165555
2534.016,0.154635
2534.017,0.135135
2534.018,0.11739
2534.019,0.111735
2534.02,0.1248
2534.021,0.135135
2534.022,0.153855
2534.023,0.185055
2534.024,0.20748
2534.025,0.21528
2534.026,0.21411
2534.027,0.20631
2534.028,0.206115
2534.029,0.195195
2534.03,0.18914999999999998
2534.031,0.17355
2534.032,0.15795
2534.033,0.153855
2534.034,0.125775
2534.035,0.11544
2534.036,0.115635
2534.037,0.12792
2534.038,0.1404
2534.039,0.17238
2534.04,0.197535
2534.041,0.21528
2534.042,0.214305
2534.043,0.217425
2534.044,0.20787
2534.045,0.20631
2534.046,0.19851
2534.047,0.186225
2534.048,0.173745
2534.049,0.16419
2534.05,0.15170999999999998
2534.051,0.12558
2534.052,0.117975
2534.053,0.12519
2534.054,0.13299
2534.055,0.156195
2534.056,0.185055
2534.057,0.206895
2534.058,0.210405
2534.059,0.21996
2534.06,0.216255
2534.061,0.20787
2534.062,0.20163
2534.063,0.192855
2534.064,0.185445
2534.065,0.17043
2534.066,0.1599
2534.067,0.1404
2534.068,0.122655
2534.069,0.117975
2534.07,0.132795
2534.071,0.13299
2534.072,0.158145
2534.073,0.189735
2534.074,0.213135
2534.075,0.22464
2534.076,0.215475
2534.077,0.216255
2534.078,0.20514
2534.079,0.20357999999999998
2534.08,0.19539
2534.081,0.18096
2534.082,0.16614
2534.083,0.15795
2534.084,0.133185
2534.085,0.11817
2534.086,0.114075
2534.087,0.1287
2534.088,0.133965
2534.089,0.17199
2534.09,0.19539
2534.091,0.21372
2534.092,0.20865
2534.093,0.21606
2534.094,0.21411
2534.095,0.20377499999999998
2534.096,0.195585
2534.097,0.18603
2534.098,0.170235
2534.099,0.16029
2534.1,0.141375
2534.101,0.117975
2534.102,0.11544
2534.103,0.12031499999999999
2534.104,0.135135
2534.105,0.15327
2534.106,0.179205
2534.107,0.20377499999999998
2534.108,0.20787
2534.109,0.217035
2534.11,0.21528
2534.111,0.20592
2534.112,0.197535
2534.113,0.192465
2534.114,0.175695
2534.115,0.16614
2534.116,0.153855
2534.117,0.13182
2534.118,0.116415
2534.119,0.11271
2534.12,0.116415
2534.121,0.132015
2534.122,0.14508
2534.123,0.185055
2534.124,0.201825
2534.125,0.2067
2534.126,0.210015
2534.127,0.2067
2534.128,0.195585
2534.129,0.1911
2534.13,0.18096
2534.131,0.16672499999999998
2534.132,0.158535
2534.133,0.146055
2534.134,0.125775
2534.135,0.1014
2534.136,0.116025
2534.137,0.1287
2534.138,0.13923
2534.139,0.167505
2534.14,0.194415
2534.141,0.20787
2534.142,0.208845
2534.143,0.21098999999999998
2534.144,0.20357999999999998
2534.145,0.200655
2534.146,0.192465
2534.147,0.17901
2534.148,0.167505
2534.149,0.160095
2534.15,0.14079
2534.151,0.11622
2534.152,0.11329499999999999
2534.153,0.12050999999999999
2534.154,0.133965
2534.155,0.146445
2534.156,0.17862
2534.157,0.208065
2534.158,0.20826
2534.159,0.216255
2534.16,0.213135
2534.161,0.20357999999999998
2534.162,0.19539
2534.163,0.1911
2534.164,0.17628
2534.165,0.16068
2534.166,0.149955
2534.167,0.128895
2534.168,0.111735
2534.169,0.11778
2534.17,0.12519
2534.171,0.139035
2534.172,0.16029
2534.173,0.185055
2534.174,0.20787
2534.175,0.21606
2534.176,0.213135
2534.177,0.210015
2534.178,0.20007
2534.179,0.19734
2534.18,0.18252
2534.181,0.17121
2534.182,0.158535
2534.183,0.15327
2534.184,0.128115
2534.185,0.11309999999999999
2534.186,0.12012
2534.187,0.13104
2534.188,0.13923
2534.189,0.172575
2534.19,0.195
2534.191,0.20787
2534.192,0.210015
2534.193,0.21021
2534.194,0.20787
2534.195,0.20124
2534.196,0.191295
2534.197,0.17784
2534.198,0.172575
2534.199,0.160095
2534.2,0.13611
2534.201,0.11427
2534.202,0.10881
2534.203,0.117585
2534.204,0.122655
2534.205,0.1404
2534.206,0.17238
2534.207,0.20163
2534.208,0.20787
2534.209,0.210015
2534.21,0.21528
2534.211,0.21294
2534.212,0.197535
2534.213,0.18914999999999998
2534.214,0.17121
2534.215,0.160485
2534.216,0.15132
2534.217,0.1287
2534.218,0.11329499999999999
2534.219,0.114075
2534.22,0.1287
2534.221,0.135135
2534.222,0.15132
2534.223,0.185055
2534.224,0.20357999999999998
2534.225,0.212355
2534.226,0.20475
2534.227,0.20357999999999998
2534.228,0.195585
2534.229,0.191295
2534.23,0.183885
2534.231,0.17043
2534.232,0.156
2534.233,0.149175
2534.234,0.121095
2534.235,0.106275
2534.236,0.10803
2534.237,0.116415
2534.238,0.13494
2534.239,0.15795
2534.24,0.18447
2534.241,0.201825
2534.242,0.20163
2534.243,0.20377499999999998
2534.244,0.20046
2534.245,0.191295
2534.246,0.18154499999999998
2534.247,0.171015
2534.248,0.15756
2534.249,0.14781
2534.25,0.128895
2534.251,0.107835
2534.252,0.10374
2534.253,0.107055
2534.254,0.11856
2534.255,0.13611
2534.256,0.166335
2534.257,0.19227
2534.258,0.200655
2534.259,0.20319
2534.26,0.19968
2534.261,0.20007
2534.262,0.18291
2534.263,0.176475
2534.264,0.160095
2534.265,0.14781
2534.266,0.13923
2534.267,0.11739
2534.268,0.10374
2534.269,0.09789
2534.27,0.110175
2534.271,0.122655
2534.272,0.138255
2534.273,0.17628
2534.274,0.192855
2534.275,0.20085
2534.276,0.197535
2534.277,0.19149
2534.278,0.183495
2534.279,0.175695
2534.28,0.17004
2534.281,0.153465
2534.282,0.140595
2534.283,0.132795
2534.284,0.108615
2534.285,0.095745
2534.286,0.10296
2534.287,0.108225
2534.288,0.12050999999999999
2534.289,0.15717
2534.29,0.18447
2534.291,0.194415
2534.292,0.19539
2534.293,0.2028
2534.294,0.192075
2534.295,0.18096
2534.296,0.172575
2534.297,0.160095
2534.298,0.15170999999999998
2534.299,0.14625
2534.3,0.11739
2534.301,0.10647
2534.302,0.09633
2534.303,0.107835
2534.304,0.116415
2534.305,0.133185
2534.306,0.163215
2534.307,0.19071
2534.308,0.192465
2534.309,0.201435
2534.31,0.20046
2534.311,0.19539
2534.312,0.18252
2534.313,0.17043
2534.314,0.15795
2534.315,0.147615
2534.316,0.1404
2534.317,0.11349
2534.318,0.09516
2534.319,0.091845
2534.32,0.10335
2534.321,0.11622
2534.322,0.13611
2534.323,0.166335
2534.324,0.183885
2534.325,0.191295
2534.326,0.195195
2534.327,0.18875999999999998
2534.328,0.17413499999999998
2534.329,0.172575
2534.33,0.16419
2534.331,0.147615
2534.332,0.1404
2534.333,0.13143
2534.334,0.10178999999999999
2534.335,0.082095
2534.336,0.085215
2534.337,0.100815
2534.338,0.106665
2534.339,0.14547
2534.34,0.171015
2534.341,0.185445
2534.342,0.19539
2534.343,0.1911
2534.344,0.183495
2534.345,0.176475
2534.346,0.167895
2534.347,0.158535
2534.348,0.14742
2534.349,0.1404
2534.35,0.116415
2534.351,0.10335
2534.352,0.097695
2534.353,0.10178999999999999
2534.354,0.110175
2534.355,0.128115
2534.356,0.15795
2534.357,0.18193499999999999
2534.358,0.19539
2534.359,0.195975
2534.36,0.1911
2534.361,0.183495
2534.362,0.18193499999999999
2534.363,0.17043
2534.364,0.157755
2534.365,0.141375
2534.366,0.1326
2534.367,0.110955
2534.368,0.086775
2534.369,0.08716499999999999
2534.37,0.09984
2534.371,0.116415
2534.372,0.13377
2534.373,0.16575
2534.374,0.18291
2534.375,0.191295
2534.376,0.18486
2534.377,0.186615
2534.378,0.174915
2534.379,0.17355
2534.38,0.16224
2534.381,0.15327
2534.382,0.136305
2534.383,0.128895
2534.384,0.103935
2534.385,0.08619
2534.386,0.09086999999999999
2534.387,0.10062
2534.388,0.122655
2534.389,0.14937
2534.39,0.17355
2534.391,0.183885
2534.392,0.18603
2534.393,0.19071
2534.394,0.18291
2534.395,0.16926
2534.396,0.16809
2534.397,0.15756
2534.398,0.14235
2534.399,0.13377
2534.4,0.112515
2534.401,0.09165
2534.402,0.09086999999999999
2534.403,0.097695
2534.404,0.110175
2534.405,0.121095
2534.406,0.15483
2534.407,0.18252
2534.408,0.1911
2534.409,0.194415
2534.41,0.195585
2534.411,0.18447
2534.412,0.17667
2534.413,0.17004
2534.414,0.153075
2534.415,0.141765
2534.416,0.13299
2534.417,0.108615
2534.418,0.09243
2534.419,0.095355
2534.42,0.103935
2534.421,0.12012
2534.422,0.141375
2534.423,0.173745
2534.424,0.191295
2534.425,0.191685
2534.426,0.19071
2534.427,0.191685
2534.428,0.18173999999999998
2534.429,0.172575
2534.43,0.16672499999999998
2534.431,0.148785
2534.432,0.143325
2534.433,0.133185
2534.434,0.10647
2534.435,0.09282
2534.436,0.09516
2534.437,0.11329499999999999
2534.438,0.124995
2534.439,0.15170999999999998
2534.44,0.18291
2534.441,0.197535
2534.442,0.193245
2534.443,0.195975
2534.444,0.185445
2534.445,0.18173999999999998
2534.446,0.17043
2534.447,0.16419
2534.448,0.149175
2534.449,0.140595
2534.45,0.126555
2534.451,0.10178999999999999
2534.452,0.097695
2534.453,0.10296
2534.454,0.10919999999999999
2534.455,0.12986999999999999
2534.456,0.16536
2534.457,0.18525
2534.458,0.192855
2534.459,0.197535
2534.46,0.19655999999999998
2534.461,0.186615
2534.462,0.178815
2534.463,0.171405
2534.464,0.15950999999999999
2534.465,0.14742
2534.466,0.139035
2534.467,0.11583
2534.468,0.10178999999999999
2534.469,0.10374
2534.47,0.11544
2534.471,0.12636
2534.472,0.148005
2534.473,0.17979
2534.474,0.19851
2534.475,0.20163
2534.476,0.20748
2534.477,0.195585
2534.478,0.18875999999999998
2534.479,0.18603
2534.48,0.171015
2534.481,0.163215
2534.482,0.148785
2534.483,0.140595
2534.484,0.117195
2534.485,0.10101
2534.486,0.108225
2534.487,0.12558
2534.488,0.128895
2534.489,0.166335
2534.49,0.186615
2534.491,0.19539
2534.492,0.20982
2534.493,0.20377499999999998
2534.494,0.200655
2534.495,0.19422
2534.496,0.182715
2534.497,0.17121
2534.498,0.16224
2534.499,0.147615
2534.5,0.128895
2534.501,0.10764
2534.502,0.097695
2534.503,0.11622
2534.504,0.125775
2534.505,0.136305
2534.506,0.168285
2534.507,0.195975
2534.508,0.19539
2534.509,0.20377499999999998
2534.51,0.20377499999999998
2534.511,0.192855
2534.512,0.191685
2534.513,0.178815
2534.514,0.166335
2534.515,0.163995
2534.516,0.145275
2534.517,0.125775
2534.518,0.10881
2534.519,0.108615
2534.52,0.12050999999999999
2534.521,0.135135
2534.522,0.157755
2534.523,0.18486
2534.524,0.207675
2534.525,0.213135
2534.526,0.21606
2534.527,0.20787
2534.528,0.19636499999999998
2534.529,0.18934499999999999
2534.53,0.17979
2534.531,0.163605
2534.532,0.15795
2534.533,0.13923
2534.534,0.12050999999999999
2534.535,0.103935
2534.536,0.11739
2534.537,0.12246
2534.538,0.135135
2534.539,0.16224
2534.54,0.192465
2534.541,0.200655
2534.542,0.207675
2534.543,0.20592
2534.544,0.20124
2534.545,0.195975
2534.546,0.18447
2534.547,0.179985
2534.548,0.158535
2534.549,0.153855
2534.55,0.135135
2534.551,0.11232
2534.552,0.10686
2534.553,0.119535
2534.554,0.126555
2534.555,0.14157
2534.556,0.171015
2534.557,0.20377499999999998
2534.558,0.21021
2534.559,0.21372
2534.56,0.20982
2534.561,0.20416499999999999
2534.562,0.19539
2534.563,0.185055
2534.564,0.177255
2534.565,0.164775
2534.566,0.151515
2534.567,0.12636
2534.568,0.11388
2534.569,0.11427
2534.57,0.122655
2534.571,0.141375
2534.572,0.17043
2534.573,0.19539
2534.574,0.21411
2534.575,0.22776
2534.576,0.223275
2534.577,0.217815
2534.578,0.208065
2534.579,0.20124
2534.58,0.19032
2534.581,0.176475
2534.582,0.170235
2534.583,0.158145
2534.584,0.13026
2534.585,0.11427
2534.586,0.127335
2534.587,0.138255
2534.588,0.15170999999999998
2534.589,0.18193499999999999
2534.59,0.20787
2534.591,0.22035
2534.592,0.22347
2534.593,0.222495
2534.594,0.216255
2534.595,0.206895
2534.596,0.20046
2534.597,0.18564
2534.598,0.18173999999999998
2534.599,0.167895
2534.6,0.149175
2534.601,0.132795
2534.602,0.128895
2534.603,0.135135
2534.604,0.146055
2534.605,0.157755
2534.606,0.1911
2534.607,0.21411
2534.608,0.21606
2534.609,0.219375
2534.61,0.22035
2534.611,0.20631
2534.612,0.202215
2534.613,0.19539
2534.614,0.18193499999999999
2534.615,0.170625
2534.616,0.15795
2534.617,0.135135
2534.618,0.11622
2534.619,0.11699999999999999
2534.62,0.126555
2534.621,0.14547
2534.622,0.167895
2534.623,0.19675499999999999
2534.624,0.216255
2534.625,0.214695
2534.626,0.216255
2534.627,0.20475
2534.628,0.20377499999999998
2534.629,0.198705
2534.63,0.186225
2534.631,0.166335
2534.632,0.163995
2534.633,0.15327
2534.634,0.12675
2534.635,0.10803
2534.636,0.116415
2534.637,0.128895
2534.638,0.14547
2534.639,0.16731
2534.64,0.201435
2534.641,0.20787
2534.642,0.21528
2534.643,0.21528
2534.644,0.208065
2534.645,0.19539
2534.646,0.190515
2534.647,0.178815
2534.648,0.170235
2534.649,0.15950999999999999
2534.65,0.14118
2534.651,0.121095
2534.652,0.11232
2534.653,0.118365
2534.654,0.12714
2534.655,0.14235
2534.656,0.17979
2534.657,0.2028
2534.658,0.212355
2534.659,0.21157499999999999
2534.66,0.210405
2534.661,0.20007
2534.662,0.1911
2534.663,0.185055
2534.664,0.170235
2534.665,0.163215
2534.666,0.151515
2534.667,0.12986999999999999
2534.668,0.11271
2534.669,0.11680499999999999
2534.67,0.1248
2534.671,0.141375
2534.672,0.1638
2534.673,0.192855
2534.674,0.20787
2534.675,0.21996
2534.676,0.217815
2534.677,0.213135
2534.678,0.198705
2534.679,0.191295
2534.68,0.1911
2534.681,0.17628
2534.682,0.166335
2534.683,0.157755
2534.684,0.13299
2534.685,0.12031499999999999
2534.686,0.121095
2534.687,0.12986999999999999
2534.688,0.148785
2534.689,0.17667
2534.69,0.20592
2534.691,0.21723
2534.692,0.217035
2534.693,0.216255
2534.694,0.21333
2534.695,0.206895
2534.696,0.19851
2534.697,0.185055
2534.698,0.172575
2534.699,0.16614
2534.7,0.145275
2534.701,0.126945
2534.702,0.12031499999999999
2534.703,0.122655
2534.704,0.141375
2534.705,0.156975
2534.706,0.193245
2534.707,0.220155
2534.708,0.22815
2534.709,0.220155
2534.71,0.22464
2534.711,0.21567
2534.712,0.20787
2534.713,0.19539
2534.714,0.185055
2534.715,0.172965
2534.716,0.16419
2534.717,0.14235
2534.718,0.12675
2534.719,0.124995
2534.72,0.13299
2534.721,0.14781
2534.722,0.176475
2534.723,0.197535
2534.724,0.222495
2534.725,0.22776
2534.726,0.22971
2534.727,0.22503
2534.728,0.215475
2534.729,0.210015
2534.73,0.19773
2534.731,0.178815
2534.732,0.170625
2534.733,0.156195
2534.734,0.13416
2534.735,0.12207
2534.736,0.12519
2534.737,0.13533
2534.738,0.15756
2534.739,0.178815
2534.74,0.20748
2534.741,0.216255
2534.742,0.22035
2534.743,0.2223
2534.744,0.22113
2534.745,0.20124
2534.746,0.19636499999999998
2534.747,0.18447
2534.748,0.17784
2534.749,0.16731
2534.75,0.14781
2534.751,0.126555
2534.752,0.118365
2534.753,0.132015
2534.754,0.139035
2534.755,0.153855
2534.756,0.19188
2534.757,0.21723
2534.758,0.21820499999999998
2534.759,0.22658999999999999
2534.76,0.22542
2534.761,0.21411
2534.762,0.201435
2534.763,0.198705
2534.764,0.183495
2534.765,0.170235
2534.766,0.16536
2534.767,0.141375
2534.768,0.12675
2534.769,0.125775
2534.77,0.133575
2534.771,0.147615
2534.772,0.17862
2534.773,0.201435
2534.774,0.22035
2534.775,0.22035
2534.776,0.2223
2534.777,0.21723
2534.778,0.206895
2534.779,0.20377499999999998
2534.78,0.194415
2534.781,0.17511
2534.782,0.167505
2534.783,0.153855
2534.784,0.126555
2534.785,0.11739
2534.786,0.121485
2534.787,0.133185
2534.788,0.15170999999999998
2534.789,0.173745
2534.79,0.207675
2534.791,0.210015
2534.792,0.214695
2534.793,0.215475
2534.794,0.20826
2534.795,0.2028
2534.796,0.18914999999999998
2534.797,0.18252
2534.798,0.1638
2534.799,0.153855
2534.8,0.142545
2534.801,0.11739
2534.802,0.11583
2534.803,0.121095
2534.804,0.134355
2534.805,0.142935
2534.806,0.18134999999999998
2534.807,0.20787
2534.808,0.213135
2534.809,0.21021
2534.81,0.208065
2534.811,0.195975
2534.812,0.19539
2534.813,0.18291
2534.814,0.16731
2534.815,0.158535
2534.816,0.15327
2534.817,0.125385
2534.818,0.103935
2534.819,0.10764
2534.82,0.11427
2534.821,0.12947999999999998
2534.822,0.158535
2534.823,0.18291
2534.824,0.199095
2534.825,0.20377499999999998
2534.826,0.20377499999999998
2534.827,0.195975
2534.828,0.185055
2534.829,0.1794
2534.83,0.17511
2534.831,0.148005
2534.832,0.141375
2534.833,0.122655
2534.834,0.11037
2534.835,0.095745
2534.836,0.103935
2534.837,0.110175
2534.838,0.125775
2534.839,0.15795
2534.84,0.183105
2534.841,0.1911
2534.842,0.195195
2534.843,0.195
2534.844,0.18193499999999999
2534.845,0.178815
2534.846,0.163995
2534.847,0.158145
2534.848,0.139035
2534.849,0.133965
2534.85,0.112515
2534.851,0.089895
2534.852,0.089115
2534.853,0.10062
2534.854,0.108615
2534.855,0.12831
2534.856,0.166335
2534.857,0.185055
2534.858,0.191295
2534.859,0.19578
2534.86,0.192075
2534.861,0.18173999999999998
2534.862,0.17628
2534.863,0.166335
2534.864,0.150735
2534.865,0.14118
2534.866,0.12986999999999999
2534.867,0.110175
2534.868,0.091455
2534.869,0.095745
2534.87,0.10491
2534.871,0.110175
2534.872,0.13611
2534.873,0.16575
2534.874,0.186615
2534.875,0.183495
2534.876,0.1833
2534.877,0.18134999999999998
2534.878,0.171405
2534.879,0.16419
2534.88,0.15795
2534.881,0.14118
2534.882,0.128115
2534.883,0.11329499999999999
2534.884,0.09126
2534.885,0.07585499999999999
2534.886,0.086775
2534.887,0.08931
2534.888,0.103935
2534.889,0.13923
2534.89,0.171015
2534.891,0.178815
2534.892,0.178815
2534.893,0.177255
2534.894,0.17043
2534.895,0.158535
2534.896,0.156195
2534.897,0.139425
2534.898,0.127335
2534.899,0.11388
2534.9,0.092235
2534.901,0.07566
2534.902,0.078975
2534.903,0.08345999999999999
2534.904,0.089505
2534.905,0.10608
2534.906,0.14391
2534.907,0.16575
2534.908,0.17043
2534.909,0.167895
2534.91,0.17199
2534.911,0.1638
2534.912,0.15795
2534.913,0.14547
2534.914,0.13182
2534.915,0.116415
2534.916,0.108615
2534.917,0.086775
2534.918,0.07137
2534.919,0.07585499999999999
2534.92,0.09048
2534.921,0.095745
2534.922,0.12636
2534.923,0.156
2534.924,0.163995
2534.925,0.17043
2534.926,0.17413499999999998
2534.927,0.160095
2534.928,0.157755
2534.929,0.153075
2534.93,0.14547
2534.931,0.13182
2534.932,0.11583
2534.933,0.09555
2534.934,0.078975
2534.935,0.06844499999999999
2534.936,0.070785
2534.937,0.08541
2534.938,0.097695
2534.939,0.12909
2534.94,0.151515
2534.941,0.16263
2534.942,0.16419
2534.943,0.1638
2534.944,0.16107
2534.945,0.153075
2534.946,0.141375
2534.947,0.12675
2534.948,0.121095
2534.949,0.10686
2534.95,0.091845
2534.951,0.067665
2534.952,0.0663
2534.953,0.07839
2534.954,0.080535
2534.955,0.10023
2534.956,0.13104
2534.957,0.153075
2534.958,0.16614
2534.959,0.16614
2534.96,0.15873
2534.961,0.148785
2534.962,0.141375
2534.963,0.13688999999999998
2534.964,0.122655
2534.965,0.11622
2534.966,0.103935
2534.967,0.078585
2534.968,0.06006
2534.969,0.066495
2534.97,0.078
2534.971,0.088335
2534.972,0.11544
2534.973,0.141375
2534.974,0.15483
2534.975,0.16419
2534.976,0.16419
2534.977,0.156975
2534.978,0.14859
2534.979,0.13923
2534.98,0.13299
2534.981,0.110175
2534.982,0.10686
2534.983,0.09086999999999999
2534.984,0.072735
2534.985,0.060645
2534.986,0.067665
2534.987,0.078195
2534.988,0.08716499999999999
2534.989,0.12675
2534.99,0.15170999999999998
2534.991,0.166335
2534.992,0.163215
2534.993,0.16224
2534.994,0.160875
2534.995,0.147615
2534.996,0.14118
2534.997,0.128115
2534.998,0.10881
2534.999,0.103935
2535.0,0.086775
2535.001,0.06747
2535.002,0.057915
2535.003,0.075075
2535.004,0.07683
2535.005,0.09243
2535.006,0.13299
2535.007,0.157755
2535.008,0.163215
2535.009,0.15756
2535.01,0.158145
2535.011,0.145665
2535.012,0.13923
2535.013,0.13104
2535.014,0.11660999999999999
2535.015,0.10803
2535.016,0.097695
2535.017,0.072735
2535.018,0.05811
2535.019,0.063375
2535.02,0.07059
2535.021,0.08268
2535.022,0.11232
2535.023,0.139035
2535.024,0.15327
2535.025,0.15950999999999999
2535.026,0.158925
2535.027,0.149565
2535.028,0.141375
2535.029,0.13806
2535.03,0.135135
2535.031,0.10803
2535.032,0.103155
2535.033,0.092235
2535.034,0.065715
2535.035,0.059085
2535.036,0.0624
2535.037,0.07059
2535.038,0.085605
2535.039,0.1248
2535.04,0.147615
2535.041,0.15639
2535.042,0.15795
2535.043,0.158925
2535.044,0.15170999999999998
2535.045,0.14547
2535.046,0.133965
2535.047,0.128895
2535.048,0.11271
2535.049,0.106275
2535.05,0.082875
2535.051,0.06435
2535.052,0.060254999999999996
2535.053,0.0702
2535.054,0.0819
2535.055,0.1014
2535.056,0.13806
2535.057,0.156
2535.058,0.16419
2535.059,0.17043
2535.06,0.16575
2535.061,0.15795
2535.062,0.147615
2535.063,0.13923
2535.064,0.12050999999999999
2535.065,0.11660999999999999
2535.066,0.10958999999999999
2535.067,0.08307
2535.068,0.066885
2535.069,0.07566
2535.07,0.08268
2535.071,0.097695
2535.072,0.125775
2535.073,0.148785
2535.074,0.163995
2535.075,0.172575
2535.076,0.173355
2535.077,0.168285
2535.078,0.16107
2535.079,0.15327
2535.08,0.141765
2535.081,0.122655
2535.082,0.12012
2535.083,0.09789
2535.084,0.08112
2535.085,0.071175
2535.086,0.07683
2535.087,0.086385
2535.088,0.103935
2535.089,0.133575
2535.09,0.169455
2535.091,0.17043
2535.092,0.175695
2535.093,0.17413499999999998
2535.094,0.17004
2535.095,0.15678
2535.096,0.15366
2535.097,0.139035
2535.098,0.12421499999999999
2535.099,0.119535
2535.1,0.10335
2535.101,0.078
2535.102,0.07839
2535.103,0.083655
2535.104,0.09555
2535.105,0.116415
2535.106,0.148395
2535.107,0.175695
2535.108,0.178815
2535.109,0.18193499999999999
2535.11,0.176475
2535.111,0.171015
2535.112,0.1638
2535.113,0.154635
2535.114,0.146055
2535.115,0.133965
2535.116,0.1248
2535.117,0.096135
2535.118,0.085215
2535.119,0.087945
2535.12,0.09984
2535.121,0.11583
2535.122,0.13923
2535.123,0.167895
2535.124,0.185055
2535.125,0.183495
2535.126,0.190515
2535.127,0.18447
2535.128,0.17667
2535.129,0.167505
2535.13,0.162435
2535.131,0.14079
2535.132,0.136695
2535.133,0.11895
2535.134,0.10023
2535.135,0.085215
2535.136,0.10062
2535.137,0.10686
2535.138,0.121095
2535.139,0.153855
2535.14,0.17862
2535.141,0.186615
2535.142,0.191295
2535.143,0.19032
2535.144,0.18193499999999999
2535.145,0.1755
2535.146,0.17043
2535.147,0.15756
2535.148,0.141375
2535.149,0.1404
2535.15,0.114075
2535.151,0.091455
2535.152,0.09399
2535.153,0.108615
2535.154,0.11427
2535.155,0.13299
2535.156,0.17004
2535.157,0.186615
2535.158,0.197535
2535.159,0.195975
2535.16,0.192855
2535.161,0.18291
2535.162,0.176475
2535.163,0.16887
2535.164,0.16224
2535.165,0.143325
2535.166,0.1326
2535.167,0.111345
2535.168,0.097695
2535.169,0.1014
2535.17,0.116415
2535.171,0.126945
2535.172,0.149175
2535.173,0.17823
2535.174,0.192855
2535.175,0.19616999999999998
2535.176,0.20124
2535.177,0.19539
2535.178,0.18914999999999998
2535.179,0.183105
2535.18,0.167505
2535.181,0.160095
2535.182,0.147615
2535.183,0.13104
2535.184,0.103935
2535.185,0.100035
2535.186,0.11037
2535.187,0.119535
2535.188,0.133575
2535.189,0.169455
2535.19,0.19305
2535.191,0.20085
2535.192,0.206895
2535.193,0.20787
2535.194,0.195975
2535.195,0.195195
2535.196,0.18173999999999998
2535.197,0.172965
2535.198,0.163995
2535.199,0.15756
2535.2,0.13299
2535.201,0.116415
2535.202,0.10608
2535.203,0.12050999999999999
2535.204,0.13299
2535.205,0.15015
2535.206,0.18564
2535.207,0.20163
2535.208,0.213915
2535.209,0.21098999999999998
2535.21,0.206895
2535.211,0.20377499999999998
2535.212,0.195975
2535.213,0.186615
2535.214,0.17043
2535.215,0.15950999999999999
2535.216,0.153855
2535.217,0.132795
2535.218,0.12050999999999999
2535.219,0.11739
2535.22,0.133575
2535.221,0.14859
2535.222,0.170235
2535.223,0.20046
2535.224,0.217425
2535.225,0.21820499999999998
2535.226,0.21801
2535.227,0.21294
2535.228,0.20943
2535.229,0.20007
2535.23,0.19071
2535.231,0.17862
2535.232,0.16809
2535.233,0.153855
2535.234,0.132015
2535.235,0.121875
2535.236,0.133185
2535.237,0.142935
2535.238,0.158535
2535.239,0.18934499999999999
2535.24,0.21645
2535.241,0.222495
2535.242,0.226785
2535.243,0.22658999999999999
2535.244,0.2223
2535.245,0.216255
2535.246,0.208845
2535.247,0.19227
2535.248,0.183495
2535.249,0.17413499999999998
2535.25,0.156975
2535.251,0.13377
2535.252,0.132795
2535.253,0.14508
2535.254,0.155415
2535.255,0.16614
2535.256,0.20357999999999998
2535.257,0.228735
2535.258,0.23088
2535.259,0.23166
2535.26,0.22619999999999998
2535.261,0.220545
2535.262,0.210015
2535.263,0.20163
2535.264,0.191295
2535.265,0.18525
2535.266,0.172575
2535.267,0.143325
2535.268,0.128895
2535.269,0.135135
2535.27,0.14547
2535.271,0.156975
2535.272,0.186225
2535.273,0.21157499999999999
2535.274,0.22639499999999999
2535.275,0.22854
2535.276,0.23341499999999998
2535.277,0.22776
2535.278,0.220155
2535.279,0.207675
2535.28,0.20163
2535.281,0.18486
2535.282,0.180375
2535.283,0.16224
2535.284,0.13299
2535.285,0.126555
2535.286,0.1326
2535.287,0.147615
2535.288,0.16224
2535.289,0.19539
2535.29,0.216645
2535.291,0.22347
2535.292,0.227955
2535.293,0.22893
2535.294,0.22464
2535.295,0.21216
2535.296,0.20475
2535.297,0.192855
2535.298,0.178815
2535.299,0.172965
2535.3,0.14235
2535.301,0.132795
2535.302,0.125775
2535.303,0.141375
2535.304,0.150735
2535.305,0.16614
2535.306,0.19968
2535.307,0.21996
2535.308,0.23283
2535.309,0.22815
2535.31,0.22639499999999999
2535.311,0.21723
2535.312,0.210015
2535.313,0.20357999999999998
2535.314,0.183885
2535.315,0.178815
2535.316,0.172965
2535.317,0.14547
2535.318,0.1248
2535.319,0.132795
2535.32,0.13923
2535.321,0.15639
2535.322,0.18173999999999998
2535.323,0.213915
2535.324,0.22561499999999998
2535.325,0.229125
2535.326,0.23088
2535.327,0.22464
2535.328,0.21216
2535.329,0.205335
2535.33,0.201435
2535.331,0.18291
2535.332,0.17628
2535.333,0.15795
2535.334,0.13806
2535.335,0.13182
2535.336,0.13611
2535.337,0.14118
2535.338,0.16107
2535.339,0.18603
2535.34,0.22561499999999998
2535.341,0.222495
2535.342,0.22971
2535.343,0.22815
2535.344,0.21645
2535.345,0.21411
2535.346,0.199875
2535.347,0.19149
2535.348,0.178815
2535.349,0.1677
2535.35,0.147615
2535.351,0.13143
2535.352,0.126945
2535.353,0.132015
2535.354,0.14274
2535.355,0.16419
2535.356,0.20377499999999998
2535.357,0.222105
2535.358,0.22737
2535.359,0.22347
2535.36,0.22503
2535.361,0.22035
2535.362,0.20982
2535.363,0.20396999999999998
2535.364,0.190515
2535.365,0.183105
2535.366,0.18134999999999998
2535.367,0.147615
2535.368,0.13533
2535.369,0.141375
2535.37,0.15229499999999999
2535.371,0.16107
2535.372,0.192855
2535.373,0.220545
2535.374,0.232635
2535.375,0.23673
2535.376,0.24024
2535.377,0.234975
2535.378,0.227175
2535.379,0.219375
2535.38,0.20592
2535.381,0.195975
2535.382,0.18173999999999998
2535.383,0.16302
2535.384,0.142545
2535.385,0.1365
2535.386,0.148395
2535.387,0.15170999999999998
2535.388,0.16731
2535.389,0.201825
2535.39,0.23244
2535.391,0.232635
2535.392,0.23341499999999998
2535.393,0.23283
2535.394,0.228735
2535.395,0.217425
2535.396,0.208455
2535.397,0.200655
2535.398,0.18525
2535.399,0.18096
2535.4,0.15483
2535.401,0.133575
2535.402,0.133185
2535.403,0.145665
2535.404,0.153855
2535.405,0.17628
2535.406,0.206895
2535.407,0.228735
2535.408,0.234975
2535.409,0.234975
2535.41,0.231855
2535.411,0.220935
2535.412,0.20865
2535.413,0.208455
2535.414,0.185055
2535.415,0.183495
2535.416,0.17355
2535.417,0.14157
2535.418,0.123045
2535.419,0.13923
2535.42,0.145665
2535.421,0.153855
2535.422,0.185055
2535.423,0.21157499999999999
2535.424,0.223665
2535.425,0.22854
2535.426,0.22561499999999998
2535.427,0.22464
2535.428,0.21098999999999998
2535.429,0.20163
2535.43,0.19539
2535.431,0.18134999999999998
2535.432,0.17355
2535.433,0.15795
2535.434,0.132795
2535.435,0.1287
2535.436,0.134355
2535.437,0.14118
2535.438,0.166335
2535.439,0.191295
2535.44,0.217425
2535.441,0.21878999999999998
2535.442,0.228735
2535.443,0.22464
2535.444,0.220155
2535.445,0.210015
2535.446,0.202995
2535.447,0.187005
2535.448,0.17979
2535.449,0.17004
2535.45,0.15366
2535.451,0.130455
2535.452,0.12285
2535.453,0.135135
2535.454,0.147615
2535.455,0.163995
2535.456,0.197535
2535.457,0.21606
2535.458,0.22639499999999999
2535.459,0.228735
2535.46,0.21878999999999998
2535.461,0.213135
2535.462,0.20748
2535.463,0.195195
2535.464,0.18134999999999998
2535.465,0.17355
2535.466,0.1638
2535.467,0.14118
2535.468,0.12050999999999999
2535.469,0.128895
2535.47,0.135135
2535.471,0.149175
2535.472,0.178815
2535.473,0.206115
2535.474,0.22152
2535.475,0.22932
2535.476,0.22658999999999999
2535.477,0.2223
2535.478,0.216255
2535.479,0.204555
2535.48,0.195585
2535.481,0.17862
2535.482,0.172575
2535.483,0.15054
2535.484,0.13299
2535.485,0.123435
2535.486,0.13299
2535.487,0.14547
2535.488,0.15756
2535.489,0.191295
2535.49,0.21137999999999998
2535.491,0.21606
2535.492,0.228735
2535.493,0.22503
2535.494,0.216255
2535.495,0.20943
2535.496,0.202995
2535.497,0.18486
2535.498,0.172575
2535.499,0.166335
2535.5,0.147615
2535.501,0.12636
2535.502,0.12031499999999999
2535.503,0.13299
2535.504,0.14235
2535.505,0.170235
2535.506,0.199875
2535.507,0.212355
2535.508,0.22658999999999999
2535.509,0.22580999999999998
2535.51,0.22035
2535.511,0.21411
2535.512,0.2067
2535.513,0.191295
2535.514,0.178815
2535.515,0.171015
2535.516,0.16302
2535.517,0.132015
2535.518,0.12050999999999999
2535.519,0.12519
2535.52,0.13494
2535.521,0.14937
2535.522,0.17355
2535.523,0.20007
2535.524,0.21567
2535.525,0.217815
2535.526,0.220155
2535.527,0.206895
2535.528,0.2028
2535.529,0.199875
2535.53,0.188175
2535.531,0.17043
2535.532,0.160095
2535.533,0.141375
2535.534,0.12050999999999999
2535.535,0.116415
2535.536,0.12012
2535.537,0.13494
2535.538,0.147615
2535.539,0.18408
2535.54,0.20787
2535.541,0.21255
2535.542,0.220155
2535.543,0.21567
2535.544,0.20748
2535.545,0.200655
2535.546,0.188175
2535.547,0.172965
2535.548,0.16575
2535.549,0.15756
2535.55,0.13299
2535.551,0.11739
2535.552,0.11329499999999999
2535.553,0.123045
2535.554,0.136695
2535.555,0.155025
2535.556,0.186615
2535.557,0.21255
2535.558,0.216255
2535.559,0.216255
2535.56,0.20982
2535.561,0.20124
2535.562,0.191295
2535.563,0.186225
2535.564,0.171015
2535.565,0.16302
2535.566,0.153855
2535.567,0.1248
2535.568,0.11329499999999999
2535.569,0.11660999999999999
2535.57,0.128895
2535.571,0.13962
2535.572,0.164775
2535.573,0.195975
2535.574,0.20377499999999998
2535.575,0.208065
2535.576,0.21294
2535.577,0.20592
2535.578,0.19636499999999998
2535.579,0.18603
2535.58,0.171015
2535.581,0.158535
2535.582,0.153855
2535.583,0.1326
2535.584,0.11622
2535.585,0.108615
2535.586,0.116415
2535.587,0.12207
2535.588,0.13688999999999998
2535.589,0.17043
2535.59,0.191295
2535.591,0.197535
2535.592,0.19968
2535.593,0.19539
2535.594,0.1911
2535.595,0.18447
2535.596,0.17862
2535.597,0.160095
2535.598,0.153075
2535.599,0.142935
2535.6,0.12012
2535.601,0.100815
2535.602,0.097695
2535.603,0.11309999999999999
2535.604,0.12012
2535.605,0.14547
2535.606,0.169455
2535.607,0.191295
2535.608,0.195585
2535.609,0.192855
2535.61,0.18895499999999998
2535.611,0.18252
2535.612,0.178035
2535.613,0.1677
2535.614,0.154635
2535.615,0.13923
2535.616,0.132795
2535.617,0.10549499999999999
2535.618,0.092625
2535.619,0.09516
2535.62,0.103935
2535.621,0.12012
2535.622,0.145665
2535.623,0.178815
2535.624,0.18895499999999998
2535.625,0.19227
2535.626,0.193245
2535.627,0.186615
2535.628,0.18252
2535.629,0.172575
2535.63,0.161655
2535.631,0.15170999999999998
2535.632,0.135135
2535.633,0.117975
2535.634,0.091455
2535.635,0.085215
2535.636,0.101595
2535.637,0.108225
2535.638,0.124995
2535.639,0.156195
2535.64,0.178815
2535.641,0.191295
2535.642,0.19071
2535.643,0.185055
2535.644,0.185055
2535.645,0.1755
2535.646,0.16302
2535.647,0.146445
2535.648,0.138255
2535.649,0.13143
2535.65,0.10686
2535.651,0.08619
2535.652,0.086385
2535.653,0.09867
2535.654,0.11271
2535.655,0.128895
2535.656,0.16536
2535.657,0.181155
2535.658,0.18914999999999998
2535.659,0.18603
2535.66,0.18252
2535.661,0.1755
2535.662,0.168285
2535.663,0.156975
2535.664,0.14391
2535.665,0.128895
2535.666,0.12050999999999999
2535.667,0.09555
2535.668,0.085605
2535.669,0.085215
2535.67,0.091455
2535.671,0.10803
2535.672,0.13611
2535.673,0.166335
2535.674,0.18173999999999998
2535.675,0.178815
2535.676,0.18369
2535.677,0.177255
2535.678,0.172575
2535.679,0.160095
2535.68,0.153855
2535.681,0.136305
2535.682,0.12792
2535.683,0.107055
2535.684,0.088335
2535.685,0.077025
2535.686,0.09165
2535.687,0.097695
2535.688,0.114075
2535.689,0.147615
2535.69,0.17043
2535.691,0.17043
2535.692,0.17784
2535.693,0.17413499999999998
2535.694,0.171015
2535.695,0.153855
2535.696,0.15288
2535.697,0.13923
2535.698,0.13143
2535.699,0.12031499999999999
2535.7,0.09867
2535.701,0.076635
2535.702,0.078195
2535.703,0.080535
2535.704,0.10374
2535.705,0.111345
2535.706,0.147615
2535.707,0.16672499999999998
2535.708,0.17823
2535.709,0.178815
2535.71,0.17043
2535.711,0.160095
2535.712,0.15483
2535.713,0.141375
2535.714,0.132795
2535.715,0.11934
2535.716,0.11037
2535.717,0.085215
2535.718,0.077025
2535.719,0.07975499999999999
2535.72,0.086775
2535.721,0.103935
2535.722,0.13455
2535.723,0.16614
2535.724,0.17667
2535.725,0.17432999999999998
2535.726,0.17862
2535.727,0.171015
2535.728,0.165555
2535.729,0.160095
2535.73,0.146055
2535.731,0.13182
2535.732,0.12519
2535.733,0.10608
2535.734,0.08463
2535.735,0.078195
2535.736,0.085215
2535.737,0.09555
2535.738,0.116415
2535.739,0.14547
2535.74,0.171015
2535.741,0.178815
2535.742,0.17355
2535.743,0.17784
2535.744,0.167505
2535.745,0.16419
2535.746,0.157755
2535.747,0.14547
2535.748,0.13299
2535.749,0.12207
2535.75,0.101595
2535.751,0.08268
2535.752,0.078975
2535.753,0.085215
2535.754,0.1014
2535.755,0.13104
2535.756,0.15639
2535.757,0.172575
2535.758,0.180375
2535.759,0.183885
2535.76,0.182715
2535.761,0.171015
2535.762,0.166335
2535.763,0.15678
2535.764,0.13708499999999998
2535.765,0.1287
2535.766,0.117975
2535.767,0.091845
2535.768,0.08112
2535.769,0.09048
2535.77,0.09867
2535.771,0.11329499999999999
2535.772,0.13611
2535.773,0.16652999999999998
2535.774,0.17667
2535.775,0.17862
2535.776,0.18291
2535.777,0.17432999999999998
2535.778,0.1638
2535.779,0.156975
2535.78,0.147615
2535.781,0.135135
2535.782,0.12831
2535.783,0.10335
2535.784,0.086775
2535.785,0.07917
2535.786,0.08931
2535.787,0.100815
2535.788,0.11660999999999999
2535.789,0.147615
2535.79,0.176475
2535.791,0.17862
2535.792,0.186615
2535.793,0.178815
2535.794,0.1755
2535.795,0.170235
2535.796,0.16185
2535.797,0.145665
2535.798,0.136305
2535.799,0.12675
2535.8,0.1014
2535.801,0.09165
2535.802,0.08931
2535.803,0.101595
2535.804,0.11427
2535.805,0.134355
2535.806,0.16575
2535.807,0.19032
2535.808,0.18369
2535.809,0.18914999999999998
2535.81,0.184665
2535.811,0.171405
2535.812,0.170625
2535.813,0.158535
2535.814,0.14547
2535.815,0.14079
2535.816,0.11973
2535.817,0.097695
2535.818,0.08853
2535.819,0.09457499999999999
2535.82,0.10608
2535.821,0.116415
2535.822,0.146055
2535.823,0.176865
2535.824,0.186225
2535.825,0.19655999999999998
2535.826,0.185055
2535.827,0.17628
2535.828,0.17628
2535.829,0.163215
2535.83,0.156975
2535.831,0.1365
2535.832,0.126555
2535.833,0.10764
2535.834,0.09048
2535.835,0.082095
2535.836,0.09165
2535.837,0.103935
2535.838,0.116415
2535.839,0.150735
2535.84,0.17784
2535.841,0.176475
2535.842,0.18875999999999998
2535.843,0.181155
2535.844,0.17413499999999998
2535.845,0.171015
2535.846,0.16419
2535.847,0.14586
2535.848,0.132015
2535.849,0.122655
2535.85,0.10178999999999999
2535.851,0.082875
2535.852,0.082875
2535.853,0.09555
2535.854,0.107835
2535.855,0.1287
2535.856,0.160095
2535.857,0.17862
2535.858,0.182715
2535.859,0.183495
2535.86,0.17823
2535.861,0.171015
2535.862,0.163995
2535.863,0.15366
2535.864,0.13299
2535.865,0.12246
2535.866,0.11622
2535.867,0.08541
2535.868,0.07371
2535.869,0.08696999999999999
2535.87,0.091455
2535.871,0.11115
2535.872,0.13299
2535.873,0.16711499999999999
2535.874,0.178815
2535.875,0.178815
2535.876,0.182715
2535.877,0.181155
2535.878,0.16731
2535.879,0.165555
2535.88,0.15170999999999998
2535.881,0.1404
2535.882,0.1287
2535.883,0.108615
2535.884,0.09984
2535.885,0.08619
2535.886,0.095745
2535.887,0.10803
2535.888,0.12519
2535.889,0.153075
2535.89,0.18173999999999998
2535.891,0.186615
2535.892,0.18914999999999998
2535.893,0.1911
2535.894,0.185055
2535.895,0.178815
2535.896,0.16614
2535.897,0.154245
2535.898,0.14547
2535.899,0.135135
2535.9,0.11427
2535.901,0.09555
2535.902,0.09808499999999999
2535.903,0.11329499999999999
2535.904,0.11817
2535.905,0.14547
2535.906,0.172575
2535.907,0.192855
2535.908,0.20007
2535.909,0.19773
2535.91,0.195975
2535.911,0.18603
2535.912,0.177255
2535.913,0.17043
2535.914,0.156975
2535.915,0.15288
2535.916,0.141375
2535.917,0.12031499999999999
2535.918,0.10608
2535.919,0.107835
2535.92,0.117585
2535.921,0.128895
2535.922,0.16224
2535.923,0.1911
2535.924,0.20163
2535.925,0.20046
2535.926,0.20046
2535.927,0.19539
2535.928,0.185445
2535.929,0.178815
2535.93,0.170235
2535.931,0.156195
2535.932,0.14937
2535.933,0.128115
2535.934,0.110565
2535.935,0.09984
2535.936,0.111345
2535.937,0.12050999999999999
2535.938,0.133575
2535.939,0.163995
2535.94,0.191295
2535.941,0.19616999999999998
2535.942,0.195975
2535.943,0.201435
2535.944,0.18914999999999998
2535.945,0.185055
2535.946,0.17862
2535.947,0.16029
2535.948,0.153855
2535.949,0.139425
2535.95,0.12363
2535.951,0.10374
2535.952,0.09808499999999999
2535.953,0.11388
2535.954,0.128895
2535.955,0.15170999999999998
2535.956,0.18193499999999999
2535.957,0.20748
2535.958,0.2067
2535.959,0.20592
2535.96,0.2067
2535.961,0.197925
2535.962,0.1911
2535.963,0.179205
2535.964,0.166335
2535.965,0.157755
2535.966,0.142545
2535.967,0.117585
2535.968,0.10608
2535.969,0.116415
2535.97,0.12558
2535.971,0.139035
2535.972,0.166335
2535.973,0.197925
2535.974,0.20631
2535.975,0.21098999999999998
2535.976,0.210015
2535.977,0.20592
2535.978,0.20377499999999998
2535.979,0.191295
2535.98,0.177255
2535.981,0.160095
2535.982,0.156195
2535.983,0.13688999999999998
2535.984,0.115635
2535.985,0.112515
2535.986,0.12519
2535.987,0.131235
2535.988,0.146835
2535.989,0.18252
2535.99,0.20787
2535.991,0.21411
2535.992,0.21996
2535.993,0.210015
2535.994,0.207675
2535.995,0.197535
2535.996,0.18914999999999998
2535.997,0.17862
2535.998,0.164385
2535.999,0.157755
2536.0,0.13299
2536.001,0.11622
2536.002,0.11680499999999999
2536.003,0.12519
2536.004,0.139815
2536.005,0.163995
2536.006,0.19071
2536.007,0.208065
2536.008,0.21411
2536.009,0.213135
2536.01,0.20592
2536.011,0.19734
2536.012,0.18914999999999998
2536.013,0.18213
2536.014,0.1638
2536.015,0.156
2536.016,0.14937
2536.017,0.12050999999999999
2536.018,0.10608
2536.019,0.110565
2536.02,0.116415
2536.021,0.13299
2536.022,0.16419
2536.023,0.185055
2536.024,0.194025
2536.025,0.19968
2536.026,0.199875
2536.027,0.18759
2536.028,0.183495
2536.029,0.170625
2536.03,0.1638
2536.031,0.149175
2536.032,0.141375
2536.033,0.12675
2536.034,0.103935
2536.035,0.095745
2536.036,0.10647
2536.037,0.11329499999999999
2536.038,0.127335
2536.039,0.158145
2536.04,0.185055
2536.041,0.18895499999999998
2536.042,0.18914999999999998
2536.043,0.185835
2536.044,0.18798
2536.045,0.17862
2536.046,0.166335
2536.047,0.153075
2536.048,0.14547
2536.049,0.133185
2536.05,0.115635
2536.051,0.09555
2536.052,0.09457499999999999
2536.053,0.10491
2536.054,0.116415
2536.055,0.14157
2536.056,0.168675
2536.057,0.182715
2536.058,0.191295
2536.059,0.193635
2536.06,0.187395
2536.061,0.17901
2536.062,0.17667
2536.063,0.169455
2536.064,0.15170999999999998
2536.065,0.13611
2536.066,0.13182
2536.067,0.107835
2536.068,0.095355
2536.069,0.10374
2536.07,0.10647
2536.071,0.128115
2536.072,0.153855
2536.073,0.178815
2536.074,0.191295
2536.075,0.2028
2536.076,0.19539
2536.077,0.19422
2536.078,0.18369
2536.079,0.17862
2536.08,0.16419
2536.081,0.150735
2536.082,0.14235
2536.083,0.121485
2536.084,0.10686
2536.085,0.097695
2536.086,0.109005
2536.087,0.118755
2536.088,0.132015
2536.089,0.167895
2536.09,0.18603
2536.091,0.194415
2536.092,0.19695
2536.093,0.193245
2536.094,0.19032
2536.095,0.18252
2536.096,0.171015
2536.097,0.15678
2536.098,0.15054
2536.099,0.1404
2536.1,0.110175
2536.101,0.096135
2536.102,0.09984
2536.103,0.10608
2536.104,0.119535
2536.105,0.13923
2536.106,0.175695
2536.107,0.18875999999999998
2536.108,0.195585
2536.109,0.195975
2536.11,0.192855
2536.111,0.176475
2536.112,0.166335
2536.113,0.158925
2536.114,0.1404
2536.115,0.133575
2536.116,0.117975
2536.117,0.09555
2536.118,0.078975
2536.119,0.08931
2536.12,0.095745
2536.121,0.116415
2536.122,0.141375
2536.123,0.174915
2536.124,0.17979
2536.125,0.18213
2536.126,0.178815
2536.127,0.171405
2536.128,0.166335
2536.129,0.156195
2536.13,0.145275
2536.131,0.127335
2536.132,0.12285
2536.133,0.10491
2536.134,0.08716499999999999
2536.135,0.076635
2536.136,0.08696999999999999
2536.137,0.100815
2536.138,0.110175
2536.139,0.148785
2536.14,0.17628
2536.141,0.178035
2536.142,0.18096
2536.143,0.17628
2536.144,0.16711499999999999
2536.145,0.16302
2536.146,0.156975
2536.147,0.14449499999999998
2536.148,0.13182
2536.149,0.116415
2536.15,0.09984
2536.151,0.078975
2536.152,0.08307
2536.153,0.0975
2536.154,0.10803
2536.155,0.12831
2536.156,0.160095
2536.157,0.18193499999999999
2536.158,0.18603
2536.159,0.18213
2536.16,0.18173999999999998
2536.161,0.17043
2536.162,0.165555
2536.163,0.1599
2536.164,0.141375
2536.165,0.133575
2536.166,0.116415
2536.167,0.09555
2536.168,0.08736
2536.169,0.095355
2536.17,0.105105
2536.171,0.125775
2536.172,0.143325
2536.173,0.178815
2536.174,0.195975
2536.175,0.19422
2536.176,0.194415
2536.177,0.18914999999999998
2536.178,0.179205
2536.179,0.176475
2536.18,0.160095
2536.181,0.148785
2536.182,0.13747499999999999
2536.183,0.121485
2536.184,0.10608
2536.185,0.09555
2536.186,0.10374
2536.187,0.1209
2536.188,0.133575
2536.189,0.16926
2536.19,0.1911
2536.191,0.192855
2536.192,0.20357999999999998
2536.193,0.19773
2536.194,0.18759
2536.195,0.186615
2536.196,0.170625
2536.197,0.16419
2536.198,0.150735
2536.199,0.140595
2536.2,0.12285
2536.201,0.100815
2536.202,0.100815
2536.203,0.11154
2536.204,0.126555
2536.205,0.148785
2536.206,0.17667
2536.207,0.19227
2536.208,0.19851
2536.209,0.19636499999999998
2536.21,0.19695
2536.211,0.178815
2536.212,0.178815
2536.213,0.167895
2536.214,0.15229499999999999
2536.215,0.141375
2536.216,0.12519
2536.217,0.103935
2536.218,0.092625
2536.219,0.097695
2536.22,0.10647
2536.221,0.12050999999999999
2536.222,0.15288
2536.223,0.176865
2536.224,0.18291
2536.225,0.18291
2536.226,0.188175
2536.227,0.183885
2536.228,0.17043
2536.229,0.171015
2536.23,0.160095
2536.231,0.146445
2536.232,0.135135
2536.233,0.11427
2536.234,0.08931
2536.235,0.086775
2536.236,0.10296
2536.237,0.10803
2536.238,0.12363
2536.239,0.161655
2536.24,0.181155
2536.241,0.19539
2536.242,0.1911
2536.243,0.188175
2536.244,0.183495
2536.245,0.17511
2536.246,0.169455
2536.247,0.15327
2536.248,0.146055
2536.249,0.135135
2536.25,0.108615
2536.251,0.092625
2536.252,0.093405
2536.253,0.107835
2536.254,0.12031499999999999
2536.255,0.141375
2536.256,0.17277
2536.257,0.18681
2536.258,0.195975
2536.259,0.197535
2536.26,0.191295
2536.261,0.18252
2536.262,0.17413499999999998
2536.263,0.17199
2536.264,0.15678
2536.265,0.146055
2536.266,0.1326
2536.267,0.11115
2536.268,0.100815
2536.269,0.108615
2536.27,0.115635
2536.271,0.12986999999999999
2536.272,0.163215
2536.273,0.18914999999999998
2536.274,0.198705
2536.275,0.20377499999999998
2536.276,0.20357999999999998
2536.277,0.191685
2536.278,0.191295
2536.279,0.182715
2536.28,0.16614
2536.281,0.15678
2536.282,0.146445
2536.283,0.12675
2536.284,0.108615
2536.285,0.10178999999999999
2536.286,0.108615
2536.287,0.12050999999999999
2536.288,0.132795
2536.289,0.16652999999999998
2536.29,0.195195
2536.291,0.19734
2536.292,0.197925
2536.293,0.19539
2536.294,0.18681
2536.295,0.17784
2536.296,0.17862
2536.297,0.16029
2536.298,0.14781
2536.299,0.141765
2536.3,0.116415
2536.301,0.1014
2536.302,0.103935
2536.303,0.11115
2536.304,0.119535
2536.305,0.145665
2536.306,0.17043
2536.307,0.18759
2536.308,0.192465
2536.309,0.195195
2536.31,0.1911
2536.311,0.176475
2536.312,0.172575
2536.313,0.163215
2536.314,0.147615
2536.315,0.132015
2536.316,0.119535
2536.317,0.096135
2536.318,0.088335
2536.319,0.097695
2536.32,0.101595
2536.321,0.12050999999999999
2536.322,0.142935
2536.323,0.172575
2536.324,0.18603
2536.325,0.19071
2536.326,0.19032
2536.327,0.18291
2536.328,0.17784
2536.329,0.16672499999999998
2536.33,0.15327
2536.331,0.141375
2536.332,0.128895
2536.333,0.11427
2536.334,0.095745
2536.335,0.083655
2536.336,0.098475
2536.337,0.10803
2536.338,0.127335
2536.339,0.16652999999999998
2536.34,0.186225
2536.341,0.197535
2536.342,0.194415
2536.343,0.19539
2536.344,0.19032
2536.345,0.18134999999999998
2536.346,0.16614
2536.347,0.15795
2536.348,0.146055
2536.349,0.13611
2536.35,0.114075
2536.351,0.09243
2536.352,0.10178999999999999
2536.353,0.10803
2536.354,0.11739
2536.355,0.146055
2536.356,0.17667
2536.357,0.192855
2536.358,0.194415
2536.359,0.195
2536.36,0.198705
2536.361,0.181155
2536.362,0.17862
2536.363,0.166335
2536.364,0.157755
2536.365,0.141375
2536.366,0.129285
2536.367,0.10647
2536.368,0.096135
2536.369,0.10335
2536.37,0.12050999999999999
2536.371,0.135135
2536.372,0.160875
2536.373,0.19032
2536.374,0.19968
2536.375,0.199875
2536.376,0.200655
2536.377,0.192855
2536.378,0.19032
2536.379,0.17667
2536.38,0.16029
2536.381,0.15366
2536.382,0.142545
2536.383,0.126555
2536.384,0.10062
2536.385,0.095745
2536.386,0.10842
2536.387,0.11427
2536.388,0.128895
2536.389,0.165555
2536.39,0.193245
2536.391,0.195195
2536.392,0.19539
2536.393,0.1911
2536.394,0.185055
2536.395,0.179595
2536.396,0.167505
2536.397,0.153855
2536.398,0.13923
2536.399,0.1326
2536.4,0.107055
2536.401,0.09555
2536.402,0.09048
2536.403,0.1014
2536.404,0.112515
2536.405,0.136695
2536.406,0.161655
2536.407,0.178815
2536.408,0.17862
2536.409,0.18193499999999999
2536.41,0.176475
2536.411,0.16575
2536.412,0.15366
2536.413,0.15327
2536.414,0.133575
2536.415,0.122655
2536.416,0.107055
2536.417,0.086385
2536.418,0.072735
2536.419,0.07995
2536.42,0.086775
2536.421,0.10764
2536.422,0.13104
2536.423,0.15795
2536.424,0.170235
2536.425,0.17043
2536.426,0.17277
2536.427,0.167505
2536.428,0.163215
2536.429,0.1638
2536.43,0.14508
2536.431,0.133575
2536.432,0.12558
2536.433,0.10881
2536.434,0.086775
2536.435,0.078975
2536.436,0.08541
2536.437,0.10374
2536.438,0.11817
2536.439,0.153855
2536.44,0.172575
2536.441,0.183105
2536.442,0.18291
2536.443,0.17862
2536.444,0.172575
2536.445,0.17355
2536.446,0.16029
2536.447,0.149175
2536.448,0.141765
2536.449,0.12831
2536.45,0.10374
2536.451,0.088335
2536.452,0.086775
2536.453,0.10178999999999999
2536.454,0.11583
2536.455,0.135525
2536.456,0.163215
2536.457,0.18291
2536.458,0.18681
2536.459,0.18252
2536.46,0.17628
2536.461,0.17355
2536.462,0.17043
2536.463,0.16107
2536.464,0.142935
2536.465,0.128895
2536.466,0.11622
2536.467,0.09516
2536.468,0.083655
2536.469,0.095355
2536.47,0.096135
2536.471,0.11622
2536.472,0.143325
2536.473,0.171015
2536.474,0.17823
2536.475,0.18914999999999998
2536.476,0.182715
2536.477,0.17667
2536.478,0.168285
2536.479,0.165555
2536.48,0.147615
2536.481,0.12792
2536.482,0.12792
2536.483,0.102375
2536.484,0.091845
2536.485,0.079365
2536.486,0.09243
2536.487,0.10178999999999999
2536.488,0.11544
2536.489,0.154245
2536.49,0.177255
2536.491,0.18291
2536.492,0.18193499999999999
2536.493,0.17667
2536.494,0.17043
2536.495,0.1638
2536.496,0.153855
2536.497,0.14547
2536.498,0.13104
2536.499,0.125775
2536.5,0.09711
2536.501,0.082095
2536.502,0.085215
2536.503,0.093015
2536.504,0.10764
2536.505,0.12986999999999999
2536.506,0.160095
2536.507,0.169455
2536.508,0.18173999999999998
2536.509,0.176865
2536.51,0.16887
2536.511,0.17004
2536.512,0.151515
2536.513,0.15132
2536.514,0.128895
2536.515,0.119535
2536.516,0.107835
2536.517,0.085215
2536.518,0.074295
2536.519,0.086775
2536.52,0.09457499999999999
2536.521,0.108615
2536.522,0.141375
2536.523,0.16652999999999998
2536.524,0.177255
2536.525,0.178815
2536.526,0.18173999999999998
2536.527,0.173355
2536.528,0.16419
2536.529,0.156975
2536.53,0.142935
2536.531,0.13806
2536.532,0.122655
2536.533,0.107055
2536.534,0.091845
2536.535,0.07839
2536.536,0.091455
2536.537,0.10374
2536.538,0.12050999999999999
2536.539,0.1599
2536.54,0.18291
2536.541,0.187005
2536.542,0.18252
2536.543,0.182715
2536.544,0.174915
2536.545,0.166335
2536.546,0.16224
2536.547,0.15132
2536.548,0.14118
2536.549,0.125775
2536.55,0.10198499999999999
2536.551,0.09048
2536.552,0.093015
2536.553,0.09789
2536.554,0.114855
2536.555,0.142935
2536.556,0.17043
2536.557,0.18875999999999998
2536.558,0.19032
2536.559,0.191295
2536.56,0.18934499999999999
2536.561,0.17862
2536.562,0.170625
2536.563,0.166335
2536.564,0.14449499999999998
2536.565,0.13923
2536.566,0.11660999999999999
2536.567,0.097695
2536.568,0.08931
2536.569,0.09789
2536.57,0.103935
2536.571,0.121095
2536.572,0.15327
2536.573,0.181155
2536.574,0.18914999999999998
2536.575,0.18895499999999998
2536.576,0.18914999999999998
2536.577,0.185055
2536.578,0.17862
2536.579,0.164775
2536.58,0.15366
2536.581,0.14547
2536.582,0.133185
2536.583,0.117975
2536.584,0.09555
2536.585,0.093015
2536.586,0.09984
2536.587,0.110175
2536.588,0.12636
2536.589,0.15639
2536.59,0.18193499999999999
2536.591,0.18875999999999998
2536.592,0.191295
2536.593,0.183495
2536.594,0.17667
2536.595,0.17004
2536.596,0.15717
2536.597,0.14859
2536.598,0.13494
2536.599,0.12792
2536.6,0.10296
2536.601,0.085215
2536.602,0.09555
2536.603,0.09808499999999999
2536.604,0.11115
2536.605,0.13884
2536.606,0.16848
2536.607,0.17979
2536.608,0.185055
2536.609,0.18291
2536.61,0.18252
2536.611,0.166335
2536.612,0.160095
2536.613,0.15327
2536.614,0.136695
2536.615,0.12636
2536.616,0.110175
2536.617,0.089115
2536.618,0.07683
2536.619,0.085605
2536.62,0.09789
2536.621,0.11309999999999999
2536.622,0.140595
2536.623,0.170235
2536.624,0.176475
2536.625,0.178815
2536.626,0.17862
2536.627,0.172575
2536.628,0.16575
2536.629,0.15366
2536.63,0.139815
2536.631,0.13299
2536.632,0.12050999999999999
2536.633,0.10335
2536.634,0.08619
2536.635,0.08326499999999999
2536.636,0.093405
2536.637,0.103935
2536.638,0.116415
2536.639,0.15678
2536.64,0.17667
2536.641,0.186225
2536.642,0.178815
2536.643,0.17667
2536.644,0.170235
2536.645,0.160095
2536.646,0.153855
2536.647,0.141375
2536.648,0.128895
2536.649,0.12050999999999999
2536.65,0.09984
2536.651,0.08619
2536.652,0.09048
2536.653,0.096135
2536.654,0.110175
2536.655,0.13767
2536.656,0.16731
2536.657,0.18291
2536.658,0.182715
2536.659,0.18914999999999998
2536.66,0.181155
2536.661,0.169455
2536.662,0.162435
2536.663,0.153075
2536.664,0.141765
2536.665,0.1326
2536.666,0.110175
2536.667,0.09067499999999999
2536.668,0.07878
2536.669,0.08931
2536.67,0.09789
2536.671,0.110175
2536.672,0.14449499999999998
2536.673,0.166335
2536.674,0.170235
2536.675,0.17432999999999998
2536.676,0.17413499999999998
2536.677,0.16731
2536.678,0.16575
2536.679,0.15327
2536.68,0.14118
2536.681,0.126555
2536.682,0.12050999999999999
2536.683,0.097695
2536.684,0.075075
2536.685,0.07254
2536.686,0.08502
2536.687,0.095355
2536.688,0.10803
2536.689,0.146055
2536.69,0.16575
2536.691,0.175695
2536.692,0.16672499999999998
2536.693,0.163215
2536.694,0.15405
2536.695,0.148005
2536.696,0.141375
2536.697,0.122655
2536.698,0.11329499999999999
2536.699,0.10335
2536.7,0.07878
2536.701,0.06279
2536.702,0.063375
2536.703,0.078975
2536.704,0.09067499999999999
2536.705,0.11622
2536.706,0.14157
2536.707,0.156195
2536.708,0.151515
2536.709,0.157755
2536.71,0.15229499999999999
2536.711,0.14391
2536.712,0.136695
2536.713,0.132015
2536.714,0.11329499999999999
2536.715,0.100035
2536.716,0.080535
2536.717,0.070395
2536.718,0.052455
2536.719,0.064155
2536.72,0.07059
2536.721,0.084045
2536.722,0.116415
2536.723,0.141765
2536.724,0.14937
2536.725,0.15132
2536.726,0.153075
2536.727,0.14859
2536.728,0.13845
2536.729,0.12909
2536.73,0.109005
2536.731,0.103935
2536.732,0.085215
2536.733,0.070785
2536.734,0.05382
2536.735,0.04992
2536.736,0.05811
2536.737,0.072735
2536.738,0.08931
2536.739,0.12986999999999999
2536.74,0.142545
2536.741,0.156195
2536.742,0.151515
2536.743,0.147615
2536.744,0.141375
2536.745,0.135135
2536.746,0.122655
2536.747,0.11329499999999999
2536.748,0.10198499999999999
2536.749,0.09165
2536.75,0.067665
2536.751,0.05343
2536.752,0.056355
2536.753,0.060254999999999996
2536.754,0.0819
2536.755,0.10764
2536.756,0.142155
2536.757,0.15170999999999998
2536.758,0.16029
2536.759,0.15015
2536.76,0.153855
2536.761,0.141375
2536.762,0.13708499999999998
2536.763,0.128895
2536.764,0.108615
2536.765,0.10374
2536.766,0.077025
2536.767,0.063375
2536.768,0.05811
2536.769,0.060254999999999996
2536.77,0.07234499999999999
2536.771,0.083655
2536.772,0.11973
2536.773,0.146055
2536.774,0.154635
2536.775,0.158145
2536.776,0.15756
2536.777,0.14937
2536.778,0.13923
2536.779,0.135135
2536.78,0.116415
2536.781,0.10842
2536.782,0.104325
2536.783,0.08502
2536.784,0.054015
2536.785,0.06123
2536.786,0.068055
2536.787,0.0819
2536.788,0.09243
2536.789,0.135135
2536.79,0.15288
2536.791,0.15795
2536.792,0.156
2536.793,0.16302
2536.794,0.15132
2536.795,0.13923
2536.796,0.133965
2536.797,0.116415
2536.798,0.11271
2536.799,0.10335
2536.8,0.07644
2536.801,0.05967
2536.802,0.06552
2536.803,0.07293
2536.804,0.09126
2536.805,0.116415
2536.806,0.146055
2536.807,0.15795
2536.808,0.16224
2536.809,0.16107
2536.81,0.15288
2536.811,0.147615
2536.812,0.14118
2536.813,0.13026
2536.814,0.11388
2536.815,0.107055
2536.816,0.09048
2536.817,0.067275
2536.818,0.064155
2536.819,0.072735
2536.82,0.078975
2536.821,0.095355
2536.822,0.1326
2536.823,0.153075
2536.824,0.158535
2536.825,0.166335
2536.826,0.160095
2536.827,0.15327
2536.828,0.148005
2536.829,0.139815
2536.83,0.1248
2536.831,0.11544
2536.832,0.10647
2536.833,0.085215
2536.834,0.06045
2536.835,0.060254999999999996
2536.836,0.07059
2536.837,0.08307
2536.838,0.100815
2536.839,0.139035
2536.84,0.153855
2536.841,0.15756
2536.842,0.1599
2536.843,0.154245
2536.844,0.150735
2536.845,0.135135
2536.846,0.12967499999999998
2536.847,0.114465
2536.848,0.1014
2536.849,0.095355
2536.85,0.072735
2536.851,0.05889
2536.852,0.05889
2536.853,0.07059
2536.854,0.082875
2536.855,0.11115
2536.856,0.13299
2536.857,0.149565
2536.858,0.16497
2536.859,0.158145
2536.86,0.14859
2536.861,0.14547
2536.862,0.133575
2536.863,0.124995
2536.864,0.10803
2536.865,0.09867
2536.866,0.078975
2536.867,0.06396
2536.868,0.05304
2536.869,0.058695
2536.87,0.0702
2536.871,0.082095
2536.872,0.108615
2536.873,0.141765
2536.874,0.150735
2536.875,0.14547
2536.876,0.15132
2536.877,0.13708499999999998
2536.878,0.13299
2536.879,0.122655
2536.88,0.108615
2536.881,0.095745
2536.882,0.091455
2536.883,0.067275
2536.884,0.050115
2536.885,0.047775
2536.886,0.060254999999999996
2536.887,0.06747
2536.888,0.08307
2536.889,0.11739
2536.89,0.14157
2536.891,0.14547
2536.892,0.145275
2536.893,0.13923
2536.894,0.135135
2536.895,0.128895
2536.896,0.117585
2536.897,0.104715
2536.898,0.097695
2536.899,0.085215
2536.9,0.059085
2536.901,0.04524
2536.902,0.04563
2536.903,0.05811
2536.904,0.07059
2536.905,0.09457499999999999
2536.906,0.12519
2536.907,0.14508
2536.908,0.14391
2536.909,0.141375
2536.91,0.136695
2536.911,0.13299
2536.912,0.121095
2536.913,0.12050999999999999
2536.914,0.09555
2536.915,0.09067499999999999
2536.916,0.071175
2536.917,0.054015
2536.918,0.04602
2536.919,0.054015
2536.92,0.06591
2536.921,0.077025
2536.922,0.10764
2536.923,0.12792
2536.924,0.138255
2536.925,0.14508
2536.926,0.14235
2536.927,0.139035
2536.928,0.127335
2536.929,0.12031499999999999
2536.93,0.104325
2536.931,0.09672
2536.932,0.08307
2536.933,0.064155
2536.934,0.04875
2536.935,0.041925
2536.936,0.05187
2536.937,0.0663
2536.938,0.08502
2536.939,0.119535
2536.94,0.14196
2536.941,0.145665
2536.942,0.139425
2536.943,0.14118
2536.944,0.13182
2536.945,0.122655
2536.946,0.11544
2536.947,0.107835
2536.948,0.08345999999999999
2536.949,0.082095
2536.95,0.058695
2536.951,0.042315
2536.952,0.047775
2536.953,0.062595
2536.954,0.070785
2536.955,0.095745
2536.956,0.1287
2536.957,0.140595
2536.958,0.141375
2536.959,0.147615
2536.96,0.14429999999999998
2536.961,0.135135
2536.962,0.13299
2536.963,0.11622
2536.964,0.10686
2536.965,0.09243
2536.966,0.076635
2536.967,0.05694
2536.968,0.04992
2536.969,0.058695
2536.97,0.067275
2536.971,0.0819
2536.972,0.11271
2536.973,0.13923
2536.974,0.141765
2536.975,0.153855
2536.976,0.15405
2536.977,0.14547
2536.978,0.13611
2536.979,0.12831
2536.98,0.11660999999999999
2536.981,0.10647
2536.982,0.091455
2536.983,0.07527
2536.984,0.054015
2536.985,0.05343
2536.986,0.06552
2536.987,0.078
2536.988,0.09126
2536.989,0.125775
2536.99,0.14937
2536.991,0.15405
2536.992,0.15288
2536.993,0.15170999999999998
2536.994,0.14118
2536.995,0.132795
2536.996,0.118365
2536.997,0.10803
2536.998,0.09457499999999999
2536.999,0.08814
2537.0,0.06318
2537.001,0.048945
2537.002,0.05187
2537.003,0.061815
2537.004,0.07059
2537.005,0.10178999999999999
2537.006,0.12675
2537.007,0.13884
2537.008,0.141765
2537.009,0.143325
2537.01,0.140985
2537.011,0.13299
2537.012,0.12050999999999999
2537.013,0.116415
2537.014,0.09808499999999999
2537.015,0.08931
2537.016,0.062595
2537.017,0.04563
2537.018,0.04563
2537.019,0.045825
2537.02,0.06006
2537.021,0.06844499999999999
2537.022,0.103935
2537.023,0.13143
2537.024,0.1326
2537.025,0.13299
2537.026,0.135525
2537.027,0.12986999999999999
2537.028,0.122655
2537.029,0.11329499999999999
2537.03,0.098865
2537.031,0.0897
2537.032,0.078975
2537.033,0.058695
2537.034,0.04563
2537.035,0.037245
2537.036,0.047775
2537.037,0.060254999999999996
2537.038,0.071565
2537.039,0.11232
2537.04,0.128115
2537.041,0.141375
2537.042,0.133185
2537.043,0.13611
2537.044,0.126945
2537.045,0.11329499999999999
2537.046,0.110175
2537.047,0.09126
2537.048,0.08345999999999999
2537.049,0.073905
2537.05,0.047775
2537.051,0.033735
2537.052,0.039195
2537.053,0.04329
2537.054,0.05811
2537.055,0.08931
2537.056,0.11660999999999999
2537.057,0.128895
2537.058,0.133575
2537.059,0.13299
2537.06,0.128895
2537.061,0.12050999999999999
2537.062,0.110175
2537.063,0.10023
2537.064,0.083655
2537.065,0.07566
2537.066,0.062595
2537.067,0.035685
2537.068,0.029249999999999998
2537.069,0.040755
2537.07,0.042315
2537.071,0.06747
2537.072,0.097695
2537.073,0.123045
2537.074,0.127335
2537.075,0.13104
2537.076,0.1287
2537.077,0.12050999999999999
2537.078,0.11309999999999999
2537.079,0.108615
2537.08,0.091455
2537.081,0.07878
2537.082,0.06435
2537.083,0.05187
2537.084,0.03471
2537.085,0.03627
2537.086,0.03939
2537.087,0.05343
2537.088,0.07059
2537.089,0.10803
2537.09,0.12792
2537.091,0.1287
2537.092,0.12129
2537.093,0.12597
2537.094,0.114075
2537.095,0.11232
2537.096,0.10296
2537.097,0.085215
2537.098,0.073905
2537.099,0.07059
2537.1,0.04251
2537.101,0.02535
2537.102,0.029445
2537.103,0.04056
2537.104,0.05382
2537.105,0.08307
2537.106,0.10803
2537.107,0.122655
2537.108,0.12831
2537.109,0.131625
2537.11,0.126555
2537.111,0.12050999999999999
2537.112,0.110565
2537.113,0.1014
2537.114,0.08307
2537.115,0.08112
2537.116,0.054015
2537.117,0.035295
2537.118,0.029055
2537.119,0.04251
2537.12,0.05772
2537.121,0.066885
2537.122,0.10335
2537.123,0.12558
2537.124,0.13299
2537.125,0.1326
2537.126,0.13299
2537.127,0.12050999999999999
2537.128,0.119535
2537.129,0.11544
2537.13,0.101595
2537.131,0.085995
2537.132,0.07585499999999999
2537.133,0.056355
2537.134,0.032175
2537.135,0.033345
2537.136,0.04563
2537.137,0.07059
2537.138,0.08385
2537.139,0.11544
2537.14,0.132795
2537.141,0.14235
2537.142,0.136305
2537.143,0.141375
2537.144,0.13104
2537.145,0.12050999999999999
2537.146,0.11388
2537.147,0.10491
2537.148,0.08696999999999999
2537.149,0.08326499999999999
2537.15,0.057135
2537.151,0.03939
2537.152,0.04446
2537.153,0.05772
2537.154,0.071175
2537.155,0.09243
2537.156,0.123045
2537.157,0.1404
2537.158,0.147615
2537.159,0.14157
2537.16,0.13299
2537.161,0.1287
2537.162,0.117975
2537.163,0.107055
2537.164,0.097695
2537.165,0.09243
2537.166,0.077415
2537.167,0.053235
2537.168,0.042705
2537.169,0.051675
2537.17,0.065715
2537.171,0.07683
2537.172,0.11309999999999999
2537.173,0.130065
2537.174,0.141375
2537.175,0.150735
2537.176,0.14703
2537.177,0.138645
2537.178,0.12831
2537.179,0.117585
2537.18,0.11115
2537.181,0.097695
2537.182,0.08307
2537.183,0.0663
2537.184,0.04563
2537.185,0.050115
2537.186,0.062595
2537.187,0.070395
2537.188,0.0858
2537.189,0.12050999999999999
2537.19,0.141375
2537.191,0.142935
2537.192,0.14235
2537.193,0.13923
2537.194,0.13299
2537.195,0.119535
2537.196,0.116415
2537.197,0.10178999999999999
2537.198,0.093405
2537.199,0.08931
2537.2,0.059085
2537.201,0.043095
2537.202,0.05031
2537.203,0.063375
2537.204,0.073905
2537.205,0.10764
2537.206,0.129285
2537.207,0.139035
2537.208,0.14508
2537.209,0.14547
2537.21,0.14313
2537.211,0.12986999999999999
2537.212,0.125775
2537.213,0.11329499999999999
2537.214,0.10023
2537.215,0.091455
2537.216,0.07059
2537.217,0.050894999999999996
2537.218,0.04563
2537.219,0.05343
2537.22,0.0663
2537.221,0.07995
2537.222,0.11544
2537.223,0.139035
2537.224,0.1404
2537.225,0.14586
2537.226,0.15132
2537.227,0.141375
2537.228,0.135135
2537.229,0.131235
2537.23,0.110955
2537.231,0.097695
2537.232,0.091455
2537.233,0.068055
2537.234,0.05148
2537.235,0.05694
2537.236,0.06162
2537.237,0.077025
2537.238,0.09516
2537.239,0.128895
2537.24,0.148005
2537.241,0.15170999999999998
2537.242,0.148005
2537.243,0.15288
2537.244,0.141375
2537.245,0.13299
2537.246,0.12675
2537.247,0.10803
2537.248,0.09457499999999999
2537.249,0.091455
2537.25,0.05811
2537.251,0.039585
2537.252,0.0507
2537.253,0.054405
2537.254,0.07644
2537.255,0.10178999999999999
2537.256,0.129285
2537.257,0.142935
2537.258,0.146835
2537.259,0.14508
2537.26,0.140595
2537.261,0.133575
2537.262,0.11778
2537.263,0.11388
2537.264,0.10178999999999999
2537.265,0.086775
2537.266,0.071175
2537.267,0.047775
2537.268,0.04641
2537.269,0.05694
2537.27,0.06552
2537.271,0.081315
2537.272,0.11309999999999999
2537.273,0.141375
2537.274,0.14742
2537.275,0.14449499999999998
2537.276,0.146445
2537.277,0.135525
2537.278,0.12986999999999999
2537.279,0.1248
2537.28,0.110175
2537.281,0.100815
2537.282,0.086385
2537.283,0.07059
2537.284,0.05811
2537.285,0.05148
2537.286,0.060254999999999996
2537.287,0.07585499999999999
2537.288,0.09243
2537.289,0.13299
2537.29,0.148005
2537.291,0.15366
2537.292,0.153855
2537.293,0.14898
2537.294,0.141375
2537.295,0.133575
2537.296,0.128895
2537.297,0.11583
2537.298,0.103935
2537.299,0.09808499999999999
2537.3,0.07585499999999999
2537.301,0.058695
2537.302,0.06903
2537.303,0.07683
2537.304,0.089115
2537.305,0.12050999999999999
2537.306,0.141765
2537.307,0.16263
2537.308,0.16029
2537.309,0.16536
2537.31,0.15950999999999999
2537.311,0.15288
2537.312,0.142545
2537.313,0.132015
2537.314,0.116415
2537.315,0.107835
2537.316,0.089505
2537.317,0.068055
2537.318,0.06747
2537.319,0.071175
2537.32,0.084045
2537.321,0.098475
2537.322,0.128895
2537.323,0.15170999999999998
2537.324,0.154245
2537.325,0.166335
2537.326,0.160095
2537.327,0.147615
2537.328,0.14781
2537.329,0.13299
2537.33,0.12031499999999999
2537.331,0.11232
2537.332,0.096525
2537.333,0.07371
2537.334,0.06552
2537.335,0.057915
2537.336,0.07059
2537.337,0.07878
2537.338,0.10178999999999999
2537.339,0.13143
2537.34,0.153855
2537.341,0.15288
2537.342,0.15756
2537.343,0.14859
2537.344,0.14547
2537.345,0.135525
2537.346,0.130065
2537.347,0.11427
2537.348,0.107055
2537.349,0.099255
2537.35,0.066495
2537.351,0.058695
2537.352,0.062595
2537.353,0.06844499999999999
2537.354,0.08345999999999999
2537.355,0.11544
2537.356,0.14235
2537.357,0.156
2537.358,0.153075
2537.359,0.15795
2537.36,0.14937
2537.361,0.14235
2537.362,0.12986999999999999
2537.363,0.12558
2537.364,0.10803
2537.365,0.09633
2537.366,0.08268
2537.367,0.066495
2537.368,0.05499
2537.369,0.066495
2537.37,0.078975
2537.371,0.091455
2537.372,0.12050999999999999
2537.373,0.148395
2537.374,0.153855
2537.375,0.15366
2537.376,0.15366
2537.377,0.14547
2537.378,0.13611
2537.379,0.131235
2537.38,0.114075
2537.381,0.106275
2537.382,0.096135
2537.383,0.073125
2537.384,0.056549999999999996
2537.385,0.0624
2537.386,0.068055
2537.387,0.08268
2537.388,0.10413
2537.389,0.13533
2537.39,0.148785
2537.391,0.156975
2537.392,0.153855
2537.393,0.15366
2537.394,0.14547
2537.395,0.135135
2537.396,0.126555
2537.397,0.110955
2537.398,0.097695
2537.399,0.091455
2537.4,0.0663
2537.401,0.05811
2537.402,0.062595
2537.403,0.06844499999999999
2537.404,0.079365
2537.405,0.11427
2537.406,0.141375
2537.407,0.14235
2537.408,0.149175
2537.409,0.15132
2537.41,0.14235
2537.411,0.135135
2537.412,0.125775
2537.413,0.117975
2537.414,0.10178999999999999
2537.415,0.09555
2537.416,0.08326499999999999
2537.417,0.05889
2537.418,0.060254999999999996
2537.419,0.060254999999999996
2537.42,0.072735
2537.421,0.09516
2537.422,0.126555
2537.423,0.153855
2537.424,0.15756
2537.425,0.164385
2537.426,0.15639
2537.427,0.14547
2537.428,0.14449499999999998
2537.429,0.136695
2537.43,0.122655
2537.431,0.110175
2537.432,0.10101
2537.433,0.082095
2537.434,0.063375
2537.435,0.066495
2537.436,0.078
2537.437,0.09594
2537.438,0.110175
2537.439,0.142935
2537.44,0.160095
2537.441,0.171015
2537.442,0.169455
2537.443,0.160095
2537.444,0.157755
2537.445,0.14235
2537.446,0.13708499999999998
2537.447,0.11739
2537.448,0.110175
2537.449,0.1014
2537.45,0.07839
2537.451,0.071565
2537.452,0.072735
2537.453,0.08345999999999999
2537.454,0.095355
2537.455,0.1287
2537.456,0.15170999999999998
2537.457,0.163995
2537.458,0.16419
2537.459,0.17043
2537.46,0.16614
2537.461,0.153855
2537.462,0.147615
2537.463,0.13104
2537.464,0.12558
2537.465,0.112515
2537.466,0.095355
2537.467,0.07644
2537.468,0.063375
2537.469,0.081315
2537.47,0.08268
2537.471,0.10178999999999999
2537.472,0.135525
2537.473,0.160875
2537.474,0.165555
2537.475,0.16926
2537.476,0.166335
2537.477,0.15795
2537.478,0.14859
2537.479,0.14118
2537.48,0.12636
2537.481,0.11309999999999999
2537.482,0.10764
2537.483,0.08307
2537.484,0.063375
2537.485,0.068055
2537.486,0.078
2537.487,0.093015
2537.488,0.11739
2537.489,0.146445
2537.49,0.16536
2537.491,0.167895
2537.492,0.172575
2537.493,0.16809
2537.494,0.16224
2537.495,0.15483
2537.496,0.14157
2537.497,0.12129
2537.498,0.12031499999999999
2537.499,0.10588499999999999
2537.5,0.08307
2537.501,0.072735
2537.502,0.078
2537.503,0.08307
2537.504,0.10023
2537.505,0.1326
2537.506,0.15639
2537.507,0.167895
2537.508,0.170235
2537.509,0.16575
2537.51,0.168675
2537.511,0.156195
2537.512,0.14547
2537.513,0.135135
2537.514,0.135135
2537.515,0.114075
2537.516,0.095355
2537.517,0.070395
2537.518,0.069615
2537.519,0.07878
2537.52,0.08892
2537.521,0.100035
2537.522,0.14079
2537.523,0.15639
2537.524,0.158535
2537.525,0.164775
2537.526,0.158535
2537.527,0.148785
2537.528,0.14547
2537.529,0.13572
2537.53,0.126555
2537.531,0.11544
2537.532,0.101595
2537.533,0.073125
2537.534,0.06435
2537.535,0.06825
2537.536,0.07975499999999999
2537.537,0.08931
2537.538,0.116415
2537.539,0.14235
2537.54,0.156975
2537.541,0.166335
2537.542,0.170235
2537.543,0.163215
2537.544,0.158535
2537.545,0.14547
2537.546,0.14508
2537.547,0.125775
2537.548,0.11544
2537.549,0.10608
2537.55,0.0819
2537.551,0.070785
2537.552,0.07059
2537.553,0.086775
2537.554,0.10374
2537.555,0.12597
2537.556,0.157755
2537.557,0.170235
2537.558,0.17238
2537.559,0.169455
2537.56,0.17043
2537.561,0.156195
2537.562,0.15054
2537.563,0.135135
2537.564,0.12246
2537.565,0.11583
2537.566,0.10062
2537.567,0.078975
2537.568,0.06942
2537.569,0.08345999999999999
2537.57,0.091455
2537.571,0.110175
2537.572,0.142155
2537.573,0.16652999999999998
2537.574,0.17667
2537.575,0.17823
2537.576,0.171015
2537.577,0.161655
2537.578,0.157755
2537.579,0.14781
2537.58,0.130065
2537.581,0.122655
2537.582,0.11388
2537.583,0.08307
2537.584,0.08268
2537.585,0.078195
2537.586,0.085215
2537.587,0.09555
2537.588,0.116415
2537.589,0.148785
2537.59,0.16419
2537.591,0.17043
2537.592,0.16731
2537.593,0.165555
2537.594,0.160095
2537.595,0.156
2537.596,0.14742
2537.597,0.131235
2537.598,0.12050999999999999
2537.599,0.107835
2537.6,0.08307
2537.601,0.07059
2537.602,0.07098
2537.603,0.08307
2537.604,0.096135
2537.605,0.124995
2537.606,0.14859
2537.607,0.16419
2537.608,0.16575
2537.609,0.166335
2537.61,0.16263
2537.611,0.148395
2537.612,0.140595
2537.613,0.12792
2537.614,0.11329499999999999
2537.615,0.108615
2537.616,0.085995
2537.617,0.06942
2537.618,0.06318
2537.619,0.071175
2537.62,0.07995
2537.621,0.09165
2537.622,0.128115
2537.623,0.154635
2537.624,0.15795
2537.625,0.15795
2537.626,0.155025
2537.627,0.146055
2537.628,0.14547
2537.629,0.133575
2537.63,0.117585
2537.631,0.10491
2537.632,0.09867
2537.633,0.07254
2537.634,0.06318
2537.635,0.060254999999999996
2537.636,0.071175
2537.637,0.08307
2537.638,0.112515
2537.639,0.135915
2537.64,0.15678
2537.641,0.153855
2537.642,0.15795
2537.643,0.15795
2537.644,0.14449499999999998
2537.645,0.13923
2537.646,0.1287
2537.647,0.114075
2537.648,0.103935
2537.649,0.093015
2537.65,0.073515
2537.651,0.06591
2537.652,0.06942
2537.653,0.07839
2537.654,0.095745
2537.655,0.125775
2537.656,0.154635
2537.657,0.16302
2537.658,0.16672499999999998
2537.659,0.164775
2537.66,0.15795
2537.661,0.15170999999999998
2537.662,0.13923
2537.663,0.12558
2537.664,0.11622
2537.665,0.107055
2537.666,0.085605
2537.667,0.060254999999999996
2537.668,0.0624
2537.669,0.07254
2537.67,0.07975499999999999
2537.671,0.093405
2537.672,0.126945
2537.673,0.14781
2537.674,0.15756
2537.675,0.15678
2537.676,0.15678
2537.677,0.14508
2537.678,0.14274
2537.679,0.13533
2537.68,0.116415
2537.681,0.103935
2537.682,0.097695
2537.683,0.07683
2537.684,0.058695
2537.685,0.05889
2537.686,0.066495
2537.687,0.08307
2537.688,0.110175
2537.689,0.13708499999999998
2537.69,0.15170999999999998
2537.691,0.158145
2537.692,0.158145
2537.693,0.14937
2537.694,0.13923
2537.695,0.135525
2537.696,0.130065
2537.697,0.116415
2537.698,0.108615
2537.699,0.09555
2537.7,0.06786
2537.701,0.06279
2537.702,0.066495
2537.703,0.076635
2537.704,0.0897
2537.705,0.115635
2537.706,0.145665
2537.707,0.156
2537.708,0.158535
2537.709,0.16107
2537.71,0.148785
2537.711,0.14391
2537.712,0.13708499999999998
2537.713,0.12675
2537.714,0.116415
2537.715,0.103935
2537.716,0.086775
2537.717,0.067275
2537.718,0.058304999999999996
2537.719,0.07683
2537.72,0.0819
2537.721,0.096135
2537.722,0.13299
2537.723,0.156975
2537.724,0.166335
2537.725,0.16263
2537.726,0.16302
2537.727,0.15170999999999998
2537.728,0.14449499999999998
2537.729,0.14508
2537.73,0.12792
2537.731,0.11660999999999999
2537.732,0.10803
2537.733,0.086775
2537.734,0.068055
2537.735,0.07059
2537.736,0.08151
2537.737,0.100035
2537.738,0.11660999999999999
2537.739,0.15795
2537.74,0.170235
2537.741,0.172575
2537.742,0.17238
2537.743,0.17277
2537.744,0.16711499999999999
2537.745,0.16224
2537.746,0.15170999999999998
2537.747,0.13747499999999999
2537.748,0.128895
2537.749,0.11232
2537.75,0.091455
2537.751,0.078975
2537.752,0.083655
2537.753,0.10178999999999999
2537.754,0.116415
2537.755,0.14508
2537.756,0.17043
2537.757,0.175695
2537.758,0.18193499999999999
2537.759,0.185055
2537.76,0.17667
2537.761,0.170235
2537.762,0.1599
2537.763,0.14449499999999998
2537.764,0.131235
2537.765,0.12675
2537.766,0.106275
2537.767,0.083655
2537.768,0.08326499999999999
2537.769,0.08892
2537.77,0.09789
2537.771,0.11583
2537.772,0.15170999999999998
2537.773,0.17784
2537.774,0.181155
2537.775,0.179595
2537.776,0.178815
2537.777,0.167895
2537.778,0.16263
2537.779,0.15795
2537.78,0.14586
2537.781,0.12519
2537.782,0.11699999999999999
2537.783,0.100815
2537.784,0.078975
2537.785,0.082095
2537.786,0.091455
2537.787,0.10803
2537.788,0.13494
2537.789,0.15795
2537.79,0.17043
2537.791,0.178815
2537.792,0.17667
2537.793,0.171015
2537.794,0.16419
2537.795,0.156
2537.796,0.14313
2537.797,0.132795
2537.798,0.12070499999999999
2537.799,0.103935
2537.8,0.074295
2537.801,0.07585499999999999
2537.802,0.084045
2537.803,0.085215
2537.804,0.10881
2537.805,0.13299
2537.806,0.163995
2537.807,0.172575
2537.808,0.17823
2537.809,0.17823
2537.81,0.16672499999999998
2537.811,0.16224
2537.812,0.15288
2537.813,0.13884
2537.814,0.12636
2537.815,0.11388
2537.816,0.097695
2537.817,0.08112
2537.818,0.0663
2537.819,0.07878
2537.82,0.086775
2537.821,0.104325
2537.822,0.14547
2537.823,0.166335
2537.824,0.16672499999999998
2537.825,0.171015
2537.826,0.16614
2537.827,0.158535
2537.828,0.153855
2537.829,0.143325
2537.83,0.1326
2537.831,0.12050999999999999
2537.832,0.107055
2537.833,0.085995
2537.834,0.063375
2537.835,0.07059
2537.836,0.078195
2537.837,0.09555
2537.838,0.119535
2537.839,0.14449499999999998
2537.84,0.16224
2537.841,0.166335
2537.842,0.16614
2537.843,0.160095
2537.844,0.153855
2537.845,0.145275
2537.846,0.13806
2537.847,0.117585
2537.848,0.11115
2537.849,0.09086999999999999
2537.85,0.07059
2537.851,0.06279
2537.852,0.069615
2537.853,0.07683
2537.854,0.089115
2537.855,0.122655
2537.856,0.147615
2537.857,0.15170999999999998
2537.858,0.160485
2537.859,0.15795
2537.86,0.15444
2537.861,0.14157
2537.862,0.13923
2537.863,0.121095
2537.864,0.11622
2537.865,0.103935
2537.866,0.085215
2537.867,0.06123
2537.868,0.055575
2537.869,0.068055
2537.87,0.081315
2537.871,0.095745
2537.872,0.12675
2537.873,0.15170999999999998
2537.874,0.163995
2537.875,0.165555
2537.876,0.15756
2537.877,0.153855
2537.878,0.141375
2537.879,0.135915
2537.88,0.118365
2537.881,0.11232
2537.882,0.09555
2537.883,0.078
2537.884,0.059085
2537.885,0.06279
2537.886,0.06747
2537.887,0.083655
2537.888,0.110175
2537.889,0.15054
2537.89,0.158145
2537.891,0.1599
2537.892,0.16224
2537.893,0.157755
2537.894,0.14742
2537.895,0.13533
2537.896,0.13182
2537.897,0.11427
2537.898,0.107055
2537.899,0.085995
2537.9,0.06279
2537.901,0.05967
2537.902,0.068055
2537.903,0.06942
2537.904,0.088335
2537.905,0.11856
2537.906,0.141375
2537.907,0.157755
2537.908,0.16224
2537.909,0.156975
2537.91,0.14859
2537.911,0.147615
2537.912,0.133575
2537.913,0.121095
2537.914,0.110175
2537.915,0.10491
2537.916,0.078975
2537.917,0.06435
2537.918,0.05772
2537.919,0.066495
2537.92,0.076635
2537.921,0.089895
2537.922,0.121095
2537.923,0.14508
2537.924,0.157755
2537.925,0.15405
2537.926,0.15366
2537.927,0.13923
2537.928,0.13299
2537.929,0.124995
2537.93,0.10998
2537.931,0.10335
2537.932,0.092625
2537.933,0.066495
2537.934,0.05772
2537.935,0.05187
2537.936,0.058695
2537.937,0.07585499999999999
2537.938,0.103155
2537.939,0.128895
2537.94,0.14157
2537.941,0.14449499999999998
2537.942,0.14547
2537.943,0.13923
2537.944,0.1326
2537.945,0.12050999999999999
2537.946,0.117195
2537.947,0.097695
2537.948,0.091455
2537.949,0.07566
2537.95,0.0507
2537.951,0.039975
2537.952,0.04524
2537.953,0.056355
2537.954,0.073905
2537.955,0.09984
2537.956,0.128895
2537.957,0.13104
2537.958,0.133965
2537.959,0.13299
2537.96,0.121095
2537.961,0.116415
2537.962,0.11037
2537.963,0.09282
2537.964,0.085215
2537.965,0.07254
2537.966,0.052455
2537.967,0.035295
2537.968,0.03159
2537.969,0.039195
2537.97,0.044655
2537.971,0.064155
2537.972,0.09437999999999999
2537.973,0.121095
2537.974,0.12636
2537.975,0.12519
2537.976,0.125775
2537.977,0.11427
2537.978,0.106275
2537.979,0.09555
2537.98,0.07995
2537.981,0.070785
2537.982,0.05811
2537.983,0.03315
2537.984,0.020475
2537.985,0.020475
2537.986,0.03276
2537.987,0.046215
2537.988,0.07059
2537.989,0.09633
2537.99,0.12031499999999999
2537.991,0.11739
2537.992,0.121485
2537.993,0.114075
2537.994,0.10608
2537.995,0.096135
2537.996,0.086775
2537.997,0.07604999999999999
2537.998,0.060254999999999996
2537.999,0.047775
2538.0,0.029055
2538.001,0.018135
2538.002,0.02496
2538.003,0.029249999999999998
2538.004,0.050894999999999996
2538.005,0.07644
2538.006,0.100815
2538.007,0.10881
2538.008,0.114075
2538.009,0.117975
2538.01,0.11037
2538.011,0.097695
2538.012,0.09086999999999999
2538.013,0.07566
2538.014,0.06747
2538.015,0.054015
2538.016,0.035295
2538.017,0.01443
2538.018,0.00702
2538.019,0.019305
2538.02,0.03003
2538.021,0.047775
2538.022,0.082095
2538.023,0.10764
2538.024,0.119535
2538.025,0.11739
2538.026,0.116415
2538.027,0.10549499999999999
2538.028,0.09555
2538.029,0.08307
2538.03,0.071175
2538.031,0.06006
2538.032,0.047775
2538.033,0.026715
2538.034,0.013455
2538.035,0.018135
2538.036,0.02691
2538.037,0.039
2538.038,0.06669
2538.039,0.097695
2538.04,0.108225
2538.041,0.12050999999999999
2538.042,0.11329499999999999
2538.043,0.11427
2538.044,0.105105
2538.045,0.09789
2538.046,0.086775
2538.047,0.07683
2538.048,0.06435
2538.049,0.041535
2538.05,0.02223
2538.051,0.014235
2538.052,0.02691
2538.053,0.03276
2538.054,0.04134
2538.055,0.072735
2538.056,0.09984
2538.057,0.11271
2538.058,0.119535
2538.059,0.11427
2538.06,0.111735
2538.061,0.10178999999999999
2538.062,0.09086999999999999
2538.063,0.078975
2538.064,0.066495
2538.065,0.05811
2538.066,0.036855
2538.067,0.016575
2538.068,0.012675
2538.069,0.02691
2538.07,0.03315
2538.071,0.05148
2538.072,0.0819
2538.073,0.112515
2538.074,0.11427
2538.075,0.116415
2538.076,0.11739
2538.077,0.103935
2538.078,0.1014
2538.079,0.09067499999999999
2538.08,0.077415
2538.081,0.06435
2538.082,0.054015
2538.083,0.030615
2538.084,0.016575
2538.085,0.02106
2538.086,0.03276
2538.087,0.043095
2538.088,0.06747
2538.089,0.09516
2538.09,0.114075
2538.091,0.12012
2538.092,0.12050999999999999
2538.093,0.11660999999999999
2538.094,0.108225
2538.095,0.09808499999999999
2538.096,0.095745
2538.097,0.07878
2538.098,0.064155
2538.099,0.05343
2538.1,0.02886
2538.101,0.020475
2538.102,0.03315
2538.103,0.041535
2538.104,0.0624
2538.105,0.083655
2538.106,0.11660999999999999
2538.107,0.117975
2538.108,0.122655
2538.109,0.12831
2538.11,0.117585
2538.111,0.11115
2538.112,0.103935
2538.113,0.092625
2538.114,0.07839
2538.115,0.066495
2538.116,0.054405
2538.117,0.03393
2538.118,0.03354
2538.119,0.041535
2538.12,0.054015
2538.121,0.06396
2538.122,0.1014
2538.123,0.122655
2538.124,0.128895
2538.125,0.13143
2538.126,0.126555
2538.127,0.12636
2538.128,0.12050999999999999
2538.129,0.108225
2538.13,0.09437999999999999
2538.131,0.0819
2538.132,0.07527
2538.133,0.047775
2538.134,0.036855
2538.135,0.041535
2538.136,0.04563
2538.137,0.068055
2538.138,0.089115
2538.139,0.12050999999999999
2538.14,0.13299
2538.141,0.13299
2538.142,0.13533
2538.143,0.13143
2538.144,0.128895
2538.145,0.11388
2538.146,0.10608
2538.147,0.09555
2538.148,0.083655
2538.149,0.0741
2538.15,0.047775
2538.151,0.03783
2538.152,0.043095
2538.153,0.054405
2538.154,0.070395
2538.155,0.102765
2538.156,0.12519
2538.157,0.132015
2538.158,0.133575
2538.159,0.133575
2538.16,0.12792
2538.161,0.1248
2538.162,0.11329499999999999
2538.163,0.0975
2538.164,0.089115
2538.165,0.08268
2538.166,0.06435
2538.167,0.04251
2538.168,0.035295
2538.169,0.048165
2538.17,0.070785
2538.171,0.074685
2538.172,0.114075
2538.173,0.135135
2538.174,0.14859
2538.175,0.141765
2538.176,0.14235
2538.177,0.13299
2538.178,0.122655
2538.179,0.12050999999999999
2538.18,0.099255
2538.181,0.0936
2538.182,0.08619
2538.183,0.0624
2538.184,0.045434999999999996
2538.185,0.046215
2538.186,0.061035
2538.187,0.07293
2538.188,0.1014
2538.189,0.12909
2538.19,0.142935
2538.191,0.145275
2538.192,0.15132
2538.193,0.14547
2538.194,0.13104
2538.195,0.12675
2538.196,0.116415
2538.197,0.09984
2538.198,0.09808499999999999
2538.199,0.077415
2538.2,0.05616
2538.201,0.0507
2538.202,0.05616
2538.203,0.066495
2538.204,0.078195
2538.205,0.10374
2538.206,0.135135
2538.207,0.14235
2538.208,0.14859
2538.209,0.147615
2538.21,0.141375
2538.211,0.133575
2538.212,0.13104
2538.213,0.110175
2538.214,0.103935
2538.215,0.08716499999999999
2538.216,0.07839
2538.217,0.052455
2538.218,0.0507
2538.219,0.063375
2538.22,0.06435
2538.221,0.085995
2538.222,0.11680499999999999
2538.223,0.14235
2538.224,0.15170999999999998
2538.225,0.150735
2538.226,0.147615
2538.227,0.141765
2538.228,0.128895
2538.229,0.13182
2538.23,0.11388
2538.231,0.097695
2538.232,0.09243
2538.233,0.066495
2538.234,0.047775
2538.235,0.053235
2538.236,0.06552
2538.237,0.081315
2538.238,0.110175
2538.239,0.13533
2538.24,0.148005
2538.241,0.146055
2538.242,0.153075
2538.243,0.14547
2538.244,0.13923
2538.245,0.13299
2538.246,0.12636
2538.247,0.110175
2538.248,0.09984
2538.249,0.080145
2538.25,0.060254999999999996
2538.251,0.05304
2538.252,0.05928
2538.253,0.07059
2538.254,0.09457499999999999
2538.255,0.117585
2538.256,0.14157
2538.257,0.149175
2538.258,0.158535
2538.259,0.15795
2538.26,0.142935
2538.261,0.142935
2538.262,0.136695
2538.263,0.12050999999999999
2538.264,0.11271
2538.265,0.103935
2538.266,0.080535
2538.267,0.06435
2538.268,0.059475
2538.269,0.074295
2538.27,0.08502
2538.271,0.09984
2538.272,0.14118
2538.273,0.15795
2538.274,0.165555
2538.275,0.163995
2538.276,0.16224
2538.277,0.15366
2538.278,0.14449499999999998
2538.279,0.136695
2538.28,0.12050999999999999
2538.281,0.11232
2538.282,0.10686
2538.283,0.078585
2538.284,0.0663
2538.285,0.07371
2538.286,0.07683
2538.287,0.091455
2538.288,0.116415
2538.289,0.141375
2538.29,0.16263
2538.291,0.163995
2538.292,0.16652999999999998
2538.293,0.156975
2538.294,0.15288
2538.295,0.136305
2538.296,0.13494
2538.297,0.116415
2538.298,0.110955
2538.299,0.091455
2538.3,0.069615
2538.301,0.066495
2538.302,0.066885
2538.303,0.083655
2538.304,0.09555
2538.305,0.12558
2538.306,0.157755
2538.307,0.156975
2538.308,0.160485
2538.309,0.166335
2538.31,0.15054
2538.311,0.146055
2538.312,0.135135
2538.313,0.118365
2538.314,0.11309999999999999
2538.315,0.10686
2538.316,0.08307
2538.317,0.064155
2538.318,0.060254999999999996
2538.319,0.076635
2538.32,0.082875
2538.321,0.1014
2538.322,0.132015
2538.323,0.157755
2538.324,0.16926
2538.325,0.16419
2538.326,0.15834
2538.327,0.149175
2538.328,0.14313
2538.329,0.13533
2538.33,0.12050999999999999
2538.331,0.11309999999999999
2538.332,0.103155
2538.333,0.078
2538.334,0.064545
2538.335,0.067665
2538.336,0.082095
2538.337,0.097695
2538.338,0.12675
2538.339,0.15795
2538.34,0.166335
2538.341,0.16614
2538.342,0.17043
2538.343,0.163215
2538.344,0.15795
2538.345,0.148785
2538.346,0.14235
2538.347,0.1287
2538.348,0.12050999999999999
2538.349,0.101595
2538.35,0.085605
2538.351,0.07254
2538.352,0.078975
2538.353,0.09243
2538.354,0.106275
2538.355,0.141375
2538.356,0.16419
2538.357,0.17043
2538.358,0.17667
2538.359,0.17979
2538.36,0.17628
2538.361,0.16575
2538.362,0.153855
2538.363,0.146055
2538.364,0.13182
2538.365,0.12246
2538.366,0.10686
2538.367,0.083655
2538.368,0.08307
2538.369,0.09555
2538.37,0.10998
2538.371,0.125775
2538.372,0.15950999999999999
2538.373,0.18291
2538.374,0.191295
2538.375,0.18875999999999998
2538.376,0.183105
2538.377,0.17511
2538.378,0.17121
2538.379,0.158535
2538.38,0.14547
2538.381,0.13494
2538.382,0.12831
2538.383,0.100035
2538.384,0.08931
2538.385,0.093405
2538.386,0.10803
2538.387,0.116025
2538.388,0.14508
2538.389,0.17277
2538.39,0.185055
2538.391,0.188175
2538.392,0.18934499999999999
2538.393,0.18369
2538.394,0.17432999999999998
2538.395,0.17043
2538.396,0.15795
2538.397,0.14235
2538.398,0.13182
2538.399,0.110175
2538.4,0.093015
2538.401,0.08716499999999999
2538.402,0.095355
2538.403,0.10178999999999999
2538.404,0.1248
2538.405,0.15795
2538.406,0.178815
2538.407,0.18291
2538.408,0.18875999999999998
2538.409,0.191295
2538.41,0.172965
2538.411,0.172575
2538.412,0.16614
2538.413,0.15756
2538.414,0.14547
2538.415,0.1326
2538.416,0.116415
2538.417,0.092625
2538.418,0.09555
2538.419,0.10023
2538.42,0.114075
2538.421,0.1287
2538.422,0.163215
2538.423,0.19032
2538.424,0.195975
2538.425,0.18914999999999998
2538.426,0.18603
2538.427,0.18291
2538.428,0.176475
2538.429,0.167505
2538.43,0.15795
2538.431,0.142935
2538.432,0.140595
2538.433,0.10686
2538.434,0.093405
2538.435,0.095355
2538.436,0.10958999999999999
2538.437,0.1248
2538.438,0.143325
2538.439,0.18193499999999999
2538.44,0.197925
2538.441,0.20124
2538.442,0.201435
2538.443,0.199875
2538.444,0.190515
2538.445,0.182715
2538.446,0.176475
2538.447,0.16302
2538.448,0.14547
2538.449,0.13299
2538.45,0.109005
2538.451,0.107835
2538.452,0.11329499999999999
2538.453,0.13104
2538.454,0.1404
2538.455,0.17628
2538.456,0.197535
2538.457,0.20631
2538.458,0.21216
2538.459,0.210015
2538.46,0.20357999999999998
2538.461,0.193245
2538.462,0.185055
2538.463,0.17628
2538.464,0.15795
2538.465,0.14859
2538.466,0.12675
2538.467,0.114855
2538.468,0.10881
2538.469,0.12050999999999999
2538.47,0.13533
2538.471,0.15170999999999998
2538.472,0.185055
2538.473,0.20357999999999998
2538.474,0.210015
2538.475,0.216255
2538.476,0.21021
2538.477,0.20319
2538.478,0.194415
2538.479,0.18369
2538.48,0.167505
2538.481,0.16419
2538.482,0.15756
2538.483,0.12636
2538.484,0.11622
2538.485,0.12050999999999999
2538.486,0.128895
2538.487,0.14449499999999998
2538.488,0.166335
2538.489,0.1911
2538.49,0.21255
2538.491,0.208455
2538.492,0.20943
2538.493,0.20787
2538.494,0.19636499999999998
2538.495,0.186615
2538.496,0.17667
2538.497,0.16458
2538.498,0.156195
2538.499,0.133965
2538.5,0.11427
2538.501,0.108225
2538.502,0.11680499999999999
2538.503,0.1248
2538.504,0.14313
2538.505,0.17628
2538.506,0.19773
2538.507,0.20396999999999998
2538.508,0.20357999999999998
2538.509,0.20787
2538.51,0.199875
2538.511,0.195
2538.512,0.18291
2538.513,0.17043
2538.514,0.15756
2538.515,0.14449499999999998
2538.516,0.12246
2538.517,0.103935
2538.518,0.103935
2538.519,0.116415
2538.52,0.132405
2538.521,0.149175
2538.522,0.179595
2538.523,0.20319
2538.524,0.212355
2538.525,0.206895
2538.526,0.2028
2538.527,0.192465
2538.528,0.191685
2538.529,0.17667
2538.53,0.16419
2538.531,0.153855
2538.532,0.146055
2538.533,0.11739
2538.534,0.107055
2538.535,0.10764
2538.536,0.117975
2538.537,0.1287
2538.538,0.16224
2538.539,0.185055
2538.54,0.19851
2538.541,0.199875
2538.542,0.20377499999999998
2538.543,0.199875
2538.544,0.18914999999999998
2538.545,0.182715
2538.546,0.164775
2538.547,0.151515
2538.548,0.142935
2538.549,0.12519
2538.55,0.10413
2538.551,0.095745
2538.552,0.10803
2538.553,0.11680499999999999
2538.554,0.135135
2538.555,0.167505
2538.556,0.192855
2538.557,0.195195
2538.558,0.19773
2538.559,0.198705
2538.56,0.191295
2538.561,0.18291
2538.562,0.173355
2538.563,0.16107
2538.564,0.151515
2538.565,0.13299
2538.566,0.117585
2538.567,0.105105
2538.568,0.10296
2538.569,0.107835
2538.57,0.12070499999999999
2538.571,0.141375
2538.572,0.172575
2538.573,0.190515
2538.574,0.194805
2538.575,0.191295
2538.576,0.185445
2538.577,0.178815
2538.578,0.173355
2538.579,0.160485
2538.58,0.147615
2538.581,0.13494
2538.582,0.13299
2538.583,0.10062
2538.584,0.085215
2538.585,0.09126
2538.586,0.102375
2538.587,0.116415
2538.588,0.141375
2538.589,0.167895
2538.59,0.185055
2538.591,0.186615
2538.592,0.183495
2538.593,0.180375
2538.594,0.17667
2538.595,0.166335
2538.596,0.15639
2538.597,0.14079
2538.598,0.13143
2538.599,0.119535
2538.6,0.091845
2538.601,0.09555
2538.602,0.10608
2538.603,0.11232
2538.604,0.13299
2538.605,0.166335
2538.606,0.185055
2538.607,0.19539
2538.608,0.19773
2538.609,0.197535
2538.61,0.192855
2538.611,0.18875999999999998
2538.612,0.18193499999999999
2538.613,0.166335
2538.614,0.156195
2538.615,0.142545
2538.616,0.1248
2538.617,0.10881
2538.618,0.10491
2538.619,0.116415
2538.62,0.13708499999999998
2538.621,0.15911999999999998
2538.622,0.18603
2538.623,0.201435
2538.624,0.208455
2538.625,0.208455
2538.626,0.201825
2538.627,0.199875
2538.628,0.191295
2538.629,0.178815
2538.63,0.165555
2538.631,0.153855
2538.632,0.14547
2538.633,0.11660999999999999
2538.634,0.10413
2538.635,0.103935
2538.636,0.12050999999999999
2538.637,0.125775
2538.638,0.1638
2538.639,0.191295
2538.64,0.20787
2538.641,0.20787
2538.642,0.20377499999999998
2538.643,0.19636499999999998
2538.644,0.195
2538.645,0.18134999999999998
2538.646,0.178035
2538.647,0.156975
2538.648,0.150735
2538.649,0.13299
2538.65,0.116415
2538.651,0.100815
2538.652,0.115635
2538.653,0.124995
2538.654,0.135135
2538.655,0.167895
2538.656,0.19851
2538.657,0.199095
2538.658,0.19773
2538.659,0.20124
2538.66,0.195
2538.661,0.185055
2538.662,0.17667
2538.663,0.165555
2538.664,0.15639
2538.665,0.142155
2538.666,0.125775
2538.667,0.10413
2538.668,0.10296
2538.669,0.112125
2538.67,0.130065
2538.671,0.146445
2538.672,0.178815
2538.673,0.197535
2538.674,0.20787
2538.675,0.202995
2538.676,0.197535
2538.677,0.190515
2538.678,0.187005
2538.679,0.17355
2538.68,0.166335
2538.681,0.153855
2538.682,0.142935
2538.683,0.114075
2538.684,0.101595
2538.685,0.10803
2538.686,0.11622
2538.687,0.12831
2538.688,0.15327
2538.689,0.186615
2538.69,0.195585
2538.691,0.195975
2538.692,0.20124
2538.693,0.192855
2538.694,0.19227
2538.695,0.180765
2538.696,0.17121
2538.697,0.15639
2538.698,0.141375
2538.699,0.12519
2538.7,0.103935
2538.701,0.091455
2538.702,0.10803
2538.703,0.115635
2538.704,0.12675
2538.705,0.16107
2538.706,0.186615
2538.707,0.191295
2538.708,0.191295
2538.709,0.19422
2538.71,0.18369
2538.711,0.176865
2538.712,0.17238
2538.713,0.153855
2538.714,0.142545
2538.715,0.132015
2538.716,0.11622
2538.717,0.095745
2538.718,0.09457499999999999
2538.719,0.10803
2538.72,0.11680499999999999
2538.721,0.13884
2538.722,0.17043
2538.723,0.19032
2538.724,0.19227
2538.725,0.191685
2538.726,0.183885
2538.727,0.178815
2538.728,0.171015
2538.729,0.16419
2538.73,0.145275
2538.731,0.135135
2538.732,0.128895
2538.733,0.10686
2538.734,0.08853
2538.735,0.092625
2538.736,0.104325
2538.737,0.121095
2538.738,0.14781
2538.739,0.17784
2538.74,0.18875999999999998
2538.741,0.19539
2538.742,0.192855
2538.743,0.185055
2538.744,0.18252
2538.745,0.16711499999999999
2538.746,0.161655
2538.747,0.145275
2538.748,0.13767
2538.749,0.12285
2538.75,0.09633
2538.751,0.093015
2538.752,0.10335
2538.753,0.110565
2538.754,0.125775
2538.755,0.16419
2538.756,0.182715
2538.757,0.185055
2538.758,0.197535
2538.759,0.19578
2538.76,0.187005
2538.761,0.18252
2538.762,0.17238
2538.763,0.15405
2538.764,0.14235
2538.765,0.13611
2538.766,0.11115
2538.767,0.101595
2538.768,0.100035
2538.769,0.10686
2538.77,0.121095
2538.771,0.14449499999999998
2538.772,0.171015
2538.773,0.18895499999999998
2538.774,0.191295
2538.775,0.195195
2538.776,0.19539
2538.777,0.18291
2538.778,0.175695
2538.779,0.172575
2538.78,0.15678
2538.781,0.14449499999999998
2538.782,0.13708499999999998
2538.783,0.10803
2538.784,0.093405
2538.785,0.10178999999999999
2538.786,0.110565
2538.787,0.122655
2538.788,0.15366
2538.789,0.17862
2538.79,0.185055
2538.791,0.19305
2538.792,0.19227
2538.793,0.188175
2538.794,0.18193499999999999
2538.795,0.17043
2538.796,0.158535
2538.797,0.149175
2538.798,0.138255
2538.799,0.12285
2538.8,0.10178999999999999
2538.801,0.096135
2538.802,0.100035
2538.803,0.10803
2538.804,0.12597
2538.805,0.16419
2538.806,0.18369
2538.807,0.18525
2538.808,0.20007
2538.809,0.194415
2538.81,0.18914999999999998
2538.811,0.18096
2538.812,0.17238
2538.813,0.15639
2538.814,0.141375
2538.815,0.13611
2538.816,0.11427
2538.817,0.09555
2538.818,0.09126
2538.819,0.10198499999999999
2538.82,0.11115
2538.821,0.13572
2538.822,0.166335
2538.823,0.186225
2538.824,0.191295
2538.825,0.1911
2538.826,0.18096
2538.827,0.172965
2538.828,0.167505
2538.829,0.153855
2538.83,0.138255
2538.831,0.128895
2538.832,0.12129
2538.833,0.095745
2538.834,0.08619
2538.835,0.085215
2538.836,0.097695
2538.837,0.108615
2538.838,0.139425
2538.839,0.17043
2538.84,0.18369
2538.841,0.18681
2538.842,0.18291
2538.843,0.170625
2538.844,0.16809
2538.845,0.162435
2538.846,0.14703
2538.847,0.135915
2538.848,0.12986999999999999
2538.849,0.109005
2538.85,0.085605
2538.851,0.08268
2538.852,0.09086999999999999
2538.853,0.103935
2538.854,0.1248
2538.855,0.151515
2538.856,0.180375
2538.857,0.183495
2538.858,0.18291
2538.859,0.18291
2538.86,0.178035
2538.861,0.163215
2538.862,0.158535
2538.863,0.145275
2538.864,0.128895
2538.865,0.12031499999999999
2538.866,0.10062
2538.867,0.08541
2538.868,0.07917
2538.869,0.091845
2538.87,0.097695
2538.871,0.12831
2538.872,0.156195
2538.873,0.172575
2538.874,0.181155
2538.875,0.17628
2538.876,0.173745
2538.877,0.16614
2538.878,0.155025
2538.879,0.14313
2538.88,0.135135
2538.881,0.12050999999999999
2538.882,0.11329499999999999
2538.883,0.09067499999999999
2538.884,0.07059
2538.885,0.075465
2538.886,0.08853
2538.887,0.10178999999999999
2538.888,0.12675
2538.889,0.160095
2538.89,0.166335
2538.891,0.167895
2538.892,0.167505
2538.893,0.160095
2538.894,0.158145
2538.895,0.143325
2538.896,0.13221
2538.897,0.117585
2538.898,0.11329499999999999
2538.899,0.091455
2538.9,0.06591
2538.901,0.066885
2538.902,0.07566
2538.903,0.0858
2538.904,0.097695
2538.905,0.13611
2538.906,0.15795
2538.907,0.166335
2538.908,0.17043
2538.909,0.16731
2538.91,0.166335
2538.911,0.153855
2538.912,0.14391
2538.913,0.133575
2538.914,0.11934
2538.915,0.107055
2538.916,0.08931
2538.917,0.072735
2538.918,0.07059
2538.919,0.085215
2538.92,0.091455
2538.921,0.110175
2538.922,0.14547
2538.923,0.163215
2538.924,0.166335
2538.925,0.16575
2538.926,0.16497
2538.927,0.15327
2538.928,0.15015
2538.929,0.14313
2538.93,0.122655
2538.931,0.115635
2538.932,0.103935
2538.933,0.074685
2538.934,0.06435
2538.935,0.06669
2538.936,0.08151
2538.937,0.091455
2538.938,0.12070499999999999
2538.939,0.148785
2538.94,0.157755
2538.941,0.16614
2538.942,0.16224
2538.943,0.153855
2538.944,0.147615
2538.945,0.14157
2538.946,0.1287
2538.947,0.116415
2538.948,0.107835
2538.949,0.089505
2538.95,0.066495
2538.951,0.06435
2538.952,0.070785
2538.953,0.082095
2538.954,0.104715
2538.955,0.13182
2538.956,0.15795
2538.957,0.166335
2538.958,0.163995
2538.959,0.16536
2538.96,0.153855
2538.961,0.148785
2538.962,0.13708499999999998
2538.963,0.126555
2538.964,0.116415
2538.965,0.108615
2538.966,0.08619
2538.967,0.066495
2538.968,0.067665
2538.969,0.07917
2538.97,0.093015
2538.971,0.122655
2538.972,0.147615
2538.973,0.167895
2538.974,0.17355
2538.975,0.172575
2538.976,0.16419
2538.977,0.1599
2538.978,0.14976
2538.979,0.147615
2538.98,0.128895
2538.981,0.121095
2538.982,0.11427
2538.983,0.083655
2538.984,0.070785
2538.985,0.078975
2538.986,0.091455
2538.987,0.108225
2538.988,0.138255
2538.989,0.16711499999999999
2538.99,0.17355
2538.991,0.176475
2538.992,0.178815
2538.993,0.17355
2538.994,0.16302
2538.995,0.160095
2538.996,0.148005
2538.997,0.132015
2538.998,0.12207
2538.999,0.10647
2539.0,0.08716499999999999
2539.001,0.082095
2539.002,0.09048
2539.003,0.100815
2539.004,0.11232
2539.005,0.151515
2539.006,0.172575
2539.007,0.18291
2539.008,0.18173999999999998
2539.009,0.17667
2539.01,0.17511
2539.011,0.166335
2539.012,0.157755
2539.013,0.140595
2539.014,0.1287
2539.015,0.12050999999999999
2539.016,0.103935
2539.017,0.083655
2539.018,0.08696999999999999
2539.019,0.09633
2539.02,0.10178999999999999
2539.021,0.128895
2539.022,0.15678
2539.023,0.18096
2539.024,0.18291
2539.025,0.18895499999999998
2539.026,0.178815
2539.027,0.170235
2539.028,0.16263
2539.029,0.156
2539.03,0.13708499999999998
2539.031,0.13143
2539.032,0.11622
2539.033,0.089895
2539.034,0.078975
2539.035,0.08931
2539.036,0.097695
2539.037,0.11232
2539.038,0.140595
2539.039,0.169455
2539.04,0.17862
2539.041,0.17901
2539.042,0.178815
2539.043,0.172575
2539.044,0.158535
2539.045,0.15170999999999998
2539.046,0.142545
2539.047,0.1287
2539.048,0.1287
2539.049,0.10178999999999999
2539.05,0.08736
2539.051,0.08307
2539.052,0.08814
2539.053,0.097695
2539.054,0.11778
2539.055,0.148005
2539.056,0.17355
2539.057,0.17316
2539.058,0.183105
2539.059,0.177255
2539.06,0.171015
2539.061,0.16536
2539.062,0.156975
2539.063,0.14118
2539.064,0.131625
2539.065,0.12246
2539.066,0.10374
2539.067,0.08307
2539.068,0.085995
2539.069,0.095355
2539.07,0.11544
2539.071,0.128895
2539.072,0.16224
2539.073,0.185055
2539.074,0.18914999999999998
2539.075,0.186225
2539.076,0.18291
2539.077,0.17413499999999998
2539.078,0.16614
2539.079,0.16224
2539.08,0.14079
2539.081,0.135915
2539.082,0.12519
2539.083,0.101595
2539.084,0.091455
2539.085,0.097695
2539.086,0.102375
2539.087,0.12012
2539.088,0.15132
2539.089,0.18193499999999999
2539.09,0.19539
2539.091,0.195195
2539.092,0.192855
2539.093,0.188175
2539.094,0.178815
2539.095,0.172575
2539.096,0.160095
2539.097,0.150735
2539.098,0.13923
2539.099,0.12070499999999999
2539.1,0.103935
2539.101,0.09711
2539.102,0.100815
2539.103,0.11271
2539.104,0.13182
2539.105,0.16691999999999999
2539.106,0.1911
2539.107,0.20124
2539.108,0.20007
2539.109,0.199095
2539.11,0.19149
2539.111,0.183885
2539.112,0.176475
2539.113,0.160095
2539.114,0.143325
2539.115,0.135135
2539.116,0.11544
2539.117,0.093015
2539.118,0.096135
2539.119,0.11232
2539.12,0.12636
2539.121,0.15327
2539.122,0.17667
2539.123,0.195
2539.124,0.20007
2539.125,0.195975
2539.126,0.19539
2539.127,0.18603
2539.128,0.185055
2539.129,0.17277
2539.13,0.15756
2539.131,0.14547
2539.132,0.130065
2539.133,0.110175
2539.134,0.09984
2539.135,0.108615
2539.136,0.11427
2539.137,0.129285
2539.138,0.16224
2539.139,0.185055
2539.14,0.195975
2539.141,0.20163
2539.142,0.20124
2539.143,0.195585
2539.144,0.18954
2539.145,0.18486
2539.146,0.16536
2539.147,0.14859
2539.148,0.14547
2539.149,0.13143
2539.15,0.10296
2539.151,0.09516
2539.152,0.10803
2539.153,0.115635
2539.154,0.13299
2539.155,0.16672499999999998
2539.156,0.195195
2539.157,0.20357999999999998
2539.158,0.20396999999999998
2539.159,0.19851
2539.16,0.191295
2539.161,0.18173999999999998
2539.162,0.170625
2539.163,0.158145
2539.164,0.14625
2539.165,0.13688999999999998
2539.166,0.121095
2539.167,0.101595
2539.168,0.10062
2539.169,0.114465
2539.17,0.128115
2539.171,0.147615
2539.172,0.182715
2539.173,0.197925
2539.174,0.20357999999999998
2539.175,0.20163
2539.176,0.19695
2539.177,0.195975
2539.178,0.185445
2539.179,0.18096
2539.18,0.16302
2539.181,0.148005
2539.182,0.13923
2539.183,0.11739
2539.184,0.10178999999999999
2539.185,0.108615
2539.186,0.12129
2539.187,0.13708499999999998
2539.188,0.16614
2539.189,0.19461
2539.19,0.202215
2539.191,0.20631
2539.192,0.201435
2539.193,0.19227
2539.194,0.18895499999999998
2539.195,0.18018
2539.196,0.165555
2539.197,0.15366
2539.198,0.141375
2539.199,0.124995
2539.2,0.10023
2539.201,0.103155
2539.202,0.11309999999999999
2539.203,0.117585
2539.204,0.13143
2539.205,0.16691999999999999
2539.206,0.185055
2539.207,0.19773
2539.208,0.195585
2539.209,0.190515
2539.21,0.18193499999999999
2539.211,0.17452499999999999
2539.212,0.16731
2539.213,0.15678
2539.214,0.14547
2539.215,0.136695
2539.216,0.10803
2539.217,0.097695
2539.218,0.09555
2539.219,0.10958999999999999
2539.22,0.12558
2539.221,0.145275
2539.222,0.17432999999999998
2539.223,0.18914999999999998
2539.224,0.187005
2539.225,0.186615
2539.226,0.18525
2539.227,0.175695
2539.228,0.16614
2539.229,0.160095
2539.23,0.14449499999999998
2539.231,0.134745
2539.232,0.12050999999999999
2539.233,0.096915
2539.234,0.083655
2539.235,0.09555
2539.236,0.103935
2539.237,0.11660999999999999
2539.238,0.14781
2539.239,0.175695
2539.24,0.18291
2539.241,0.192855
2539.242,0.18134999999999998
2539.243,0.18193499999999999
2539.244,0.178815
2539.245,0.167505
2539.246,0.153855
2539.247,0.14235
2539.248,0.135525
2539.249,0.11232
2539.25,0.091455
2539.251,0.09086999999999999
2539.252,0.10296
2539.253,0.108615
2539.254,0.128115
2539.255,0.169455
2539.256,0.19032
2539.257,0.19227
2539.258,0.19636499999999998
2539.259,0.20007
2539.26,0.185055
2539.261,0.173745
2539.262,0.164775
2539.263,0.153855
2539.264,0.149955
2539.265,0.13299
2539.266,0.11427
2539.267,0.093015
2539.268,0.100035
2539.269,0.103935
2539.27,0.12246
2539.271,0.14547
2539.272,0.17667
2539.273,0.192855
2539.274,0.200655
2539.275,0.19578
2539.276,0.193635
2539.277,0.18564
2539.278,0.182715
2539.279,0.17667
2539.28,0.16068
2539.281,0.146445
2539.282,0.12909
2539.283,0.110175
2539.284,0.095745
2539.285,0.108225
2539.286,0.117585
2539.287,0.13299
2539.288,0.161265
2539.289,0.18603
2539.29,0.20124
2539.291,0.202995
2539.292,0.20357999999999998
2539.293,0.191685
2539.294,0.1911
2539.295,0.17784
2539.296,0.16224
2539.297,0.149175
2539.298,0.140595
2539.299,0.12246
2539.3,0.10178999999999999
2539.301,0.093015
2539.302,0.103935
2539.303,0.108615
2539.304,0.1287
2539.305,0.15795
2539.306,0.18291
2539.307,0.19422
2539.308,0.192465
2539.309,0.18934499999999999
2539.31,0.18798
2539.311,0.172965
2539.312,0.160485
2539.313,0.146445
2539.314,0.141375
2539.315,0.12675
2539.316,0.10608
2539.317,0.089505
2539.318,0.089895
2539.319,0.09555
2539.32,0.11427
2539.321,0.14313
2539.322,0.167505
2539.323,0.185055
2539.324,0.185055
2539.325,0.186225
2539.326,0.178815
2539.327,0.17121
2539.328,0.15795
2539.329,0.162435
2539.33,0.14079
2539.331,0.128895
2539.332,0.109005
2539.333,0.08814
2539.334,0.082095
2539.335,0.08931
2539.336,0.09984
2539.337,0.11329499999999999
2539.338,0.140595
2539.339,0.16652999999999998
2539.34,0.18642
2539.341,0.18291
2539.342,0.182715
2539.343,0.171405
2539.344,0.166335
2539.345,0.160095
2539.346,0.14547
2539.347,0.135135
2539.348,0.12050999999999999
2539.349,0.110175
2539.35,0.08385
2539.351,0.080145
2539.352,0.10023
2539.353,0.10335
2539.354,0.12324
2539.355,0.158145
2539.356,0.18603
2539.357,0.191295
2539.358,0.1911
2539.359,0.186615
2539.36,0.17901
2539.361,0.172575
2539.362,0.168285
2539.363,0.156975
2539.364,0.143325
2539.365,0.13299
2539.366,0.10335
2539.367,0.089115
2539.368,0.09867
2539.369,0.10374
2539.37,0.11660999999999999
2539.371,0.142935
2539.372,0.172965
2539.373,0.18798
2539.374,0.186615
2539.375,0.19422
2539.376,0.185055
2539.377,0.17667
2539.378,0.17199
2539.379,0.16575
2539.38,0.14859
2539.381,0.135135
2539.382,0.116415
2539.383,0.103935
2539.384,0.08931
2539.385,0.098475
2539.386,0.107055
2539.387,0.12050999999999999
2539.388,0.15366
2539.389,0.17355
2539.39,0.18603
2539.391,0.19188
2539.392,0.187005
2539.393,0.17979
2539.394,0.173745
2539.395,0.167895
2539.396,0.15288
2539.397,0.14157
2539.398,0.13338
2539.399,0.116415
2539.4,0.091455
2539.401,0.085215
2539.402,0.100815
2539.403,0.11427
2539.404,0.124995
2539.405,0.16263
2539.406,0.1833
2539.407,0.19071
2539.408,0.193635
2539.409,0.186225
2539.41,0.17589
2539.411,0.17238
2539.412,0.15795
2539.413,0.147615
2539.414,0.136695
2539.415,0.126555
2539.416,0.1014
2539.417,0.08931
2539.418,0.091455
2539.419,0.10178999999999999
2539.42,0.109785
2539.421,0.13923
2539.422,0.16672499999999998
2539.423,0.18096
2539.424,0.186615
2539.425,0.190515
2539.426,0.178815
2539.427,0.17862
2539.428,0.17043
2539.429,0.158925
2539.43,0.136695
2539.431,0.1326
2539.432,0.116415
2539.433,0.092625
2539.434,0.085215
2539.435,0.0936
2539.436,0.101595
2539.437,0.116415
2539.438,0.14449499999999998
2539.439,0.172575
2539.44,0.18096
2539.441,0.191295
2539.442,0.188175
2539.443,0.183105
2539.444,0.172965
2539.445,0.16419
2539.446,0.150735
2539.447,0.13494
2539.448,0.133575
2539.449,0.110175
2539.45,0.089505
2539.451,0.089115
2539.452,0.09789
2539.453,0.106275
2539.454,0.122655
2539.455,0.15795
2539.456,0.18096
2539.457,0.186615
2539.458,0.191295
2539.459,0.18895499999999998
2539.46,0.18096
2539.461,0.176475
2539.462,0.17043
2539.463,0.156
2539.464,0.146055
2539.465,0.13688999999999998
2539.466,0.110175
2539.467,0.09789
2539.468,0.10217999999999999
2539.469,0.103935
2539.47,0.123045
2539.471,0.157755
2539.472,0.17667
2539.473,0.1911
2539.474,0.195195
2539.475,0.191295
2539.476,0.18895499999999998
2539.477,0.183105
2539.478,0.1755
2539.479,0.166335
2539.48,0.147615
2539.481,0.135525
2539.482,0.121095
2539.483,0.101595
2539.484,0.09321
2539.485,0.097695
2539.486,0.10686
2539.487,0.121095
2539.488,0.153855
2539.489,0.178815
2539.49,0.18895499999999998
2539.491,0.197925
2539.492,0.19071
2539.493,0.18759
2539.494,0.17511
2539.495,0.167895
2539.496,0.160095
2539.497,0.14508
2539.498,0.13494
2539.499,0.11427
2539.5,0.09984
2539.501,0.08716499999999999
2539.502,0.10178999999999999
2539.503,0.110175
2539.504,0.126555
2539.505,0.16575
2539.506,0.19227
2539.507,0.197535
2539.508,0.195585
2539.509,0.192855
2539.51,0.178815
2539.511,0.17413499999999998
2539.512,0.166335
2539.513,0.153075
2539.514,0.13923
2539.515,0.136695
2539.516,0.110175
2539.517,0.091455
2539.518,0.097695
2539.519,0.11309999999999999
2539.52,0.12031499999999999
2539.521,0.146055
2539.522,0.172575
2539.523,0.191295
2539.524,0.19071
2539.525,0.187005
2539.526,0.18759
2539.527,0.17413499999999998
2539.528,0.171015
2539.529,0.160095
2539.53,0.142545
2539.531,0.133185
2539.532,0.122655
2539.533,0.09555
2539.534,0.085215
2539.535,0.095355
2539.536,0.10803
2539.537,0.12050999999999999
2539.538,0.14508
2539.539,0.176475
2539.54,0.17979
2539.541,0.19032
2539.542,0.179205
2539.543,0.17979
2539.544,0.169455
2539.545,0.160095
2539.546,0.147615
2539.547,0.132015
2539.548,0.1287
2539.549,0.11232
2539.55,0.091455
2539.551,0.08892
2539.552,0.096525
2539.553,0.10803
2539.554,0.12031499999999999
2539.555,0.157755
2539.556,0.17979
2539.557,0.19734
2539.558,0.19071
2539.559,0.178815
2539.56,0.178815
2539.561,0.16887
2539.562,0.15795
2539.563,0.14508
2539.564,0.13533
2539.565,0.1248
2539.566,0.10178999999999999
2539.567,0.09086999999999999
2539.568,0.0936
2539.569,0.100035
2539.57,0.11329499999999999
2539.571,0.141375
2539.572,0.16926
2539.573,0.183105
2539.574,0.186615
2539.575,0.186615
2539.576,0.18096
2539.577,0.170235
2539.578,0.167895
2539.579,0.155415
2539.58,0.141765
2539.581,0.138255
2539.582,0.11583
2539.583,0.09984
2539.584,0.09243
2539.585,0.10023
2539.586,0.110175
2539.587,0.12675
2539.588,0.15366
2539.589,0.18252
2539.59,0.185055
2539.591,0.191295
2539.592,0.19227
2539.593,0.186615
2539.594,0.178815
2539.595,0.17004
2539.596,0.156975
2539.597,0.14781
2539.598,0.13923
2539.599,0.116415
2539.6,0.10198499999999999
2539.601,0.0975
2539.602,0.107055
2539.603,0.11680499999999999
2539.604,0.133185
2539.605,0.172965
2539.606,0.192465
2539.607,0.2028
2539.608,0.197925
2539.609,0.197925
2539.61,0.19227
2539.611,0.185055
2539.612,0.16887
2539.613,0.16614
2539.614,0.149175
2539.615,0.14547
2539.616,0.11660999999999999
2539.617,0.103935
2539.618,0.107835
2539.619,0.12031499999999999
2539.62,0.132795
2539.621,0.15756
2539.622,0.186615
2539.623,0.206895
2539.624,0.210015
2539.625,0.21098999999999998
2539.626,0.206115
2539.627,0.197535
2539.628,0.191295
2539.629,0.18096
2539.63,0.16419
2539.631,0.15756
2539.632,0.14157
2539.633,0.11680499999999999
2539.634,0.10881
2539.635,0.119535
2539.636,0.1326
2539.637,0.150735
2539.638,0.17784
2539.639,0.206895
2539.64,0.20748
2539.641,0.216255
2539.642,0.220935
2539.643,0.20416499999999999
2539.644,0.20124
2539.645,0.19422
2539.646,0.176865
2539.647,0.17355
2539.648,0.15795
2539.649,0.135525
2539.65,0.12070499999999999
2539.651,0.116415
2539.652,0.12363
2539.653,0.13962
2539.654,0.15288
2539.655,0.18895499999999998
2539.656,0.208455
2539.657,0.21411
2539.658,0.213915
2539.659,0.21372
2539.66,0.199875
2539.661,0.19578
2539.662,0.185445
2539.663,0.16887
2539.664,0.15639
2539.665,0.146445
2539.666,0.119535
2539.667,0.112515
2539.668,0.107055
2539.669,0.122655
2539.67,0.135135
2539.671,0.15795
2539.672,0.18193499999999999
2539.673,0.192855
2539.674,0.20124
2539.675,0.199095
2539.676,0.19851
2539.677,0.19149
2539.678,0.17901
2539.679,0.17277
2539.68,0.153855
2539.681,0.14547
2539.682,0.12792
2539.683,0.10881
2539.684,0.10549499999999999
2539.685,0.110175
2539.686,0.11817
2539.687,0.142935
2539.688,0.170625
2539.689,0.19734
2539.69,0.20787
2539.691,0.217035
2539.692,0.21606
2539.693,0.206115
2539.694,0.199875
2539.695,0.185055
2539.696,0.171015
2539.697,0.163215
2539.698,0.153855
2539.699,0.13611
2539.7,0.118755
2539.701,0.10803
2539.702,0.121095
2539.703,0.133185
2539.704,0.147615
2539.705,0.182715
2539.706,0.208065
2539.707,0.220545
2539.708,0.213915
2539.709,0.208455
2539.71,0.20007
2539.711,0.19149
2539.712,0.18134999999999998
2539.713,0.166335
2539.714,0.15931499999999998
2539.715,0.156
2539.716,0.12519
2539.717,0.109005
2539.718,0.11388
2539.719,0.12070499999999999
2539.72,0.13533
2539.721,0.164775
2539.722,0.19383
2539.723,0.206895
2539.724,0.210015
2539.725,0.207675
2539.726,0.19539
2539.727,0.18914999999999998
2539.728,0.18173999999999998
2539.729,0.17511
2539.73,0.16224
2539.731,0.15170999999999998
2539.732,0.13299
2539.733,0.11329499999999999
2539.734,0.103935
2539.735,0.109005
2539.736,0.117975
2539.737,0.13299
2539.738,0.160095
2539.739,0.191295
2539.74,0.197535
2539.741,0.20007
2539.742,0.202605
2539.743,0.19655999999999998
2539.744,0.18914999999999998
2539.745,0.18173999999999998
2539.746,0.17121
2539.747,0.158925
2539.748,0.14118
2539.749,0.128115
2539.75,0.103935
2539.751,0.10296
2539.752,0.116415
2539.753,0.128895
2539.754,0.147615
2539.755,0.175695
2539.756,0.191685
2539.757,0.20377499999999998
2539.758,0.20377499999999998
2539.759,0.200655
2539.76,0.19539
2539.761,0.18603
2539.762,0.17862
2539.763,0.16536
2539.764,0.153855
2539.765,0.142545
2539.766,0.117975
2539.767,0.103935
2539.768,0.103935
2539.769,0.12031499999999999
2539.77,0.131235
2539.771,0.16263
2539.772,0.19227
2539.773,0.20787
2539.774,0.206895
2539.775,0.21118499999999998
2539.776,0.20592
2539.777,0.200655
2539.778,0.191295
2539.779,0.18291
2539.78,0.160095
2539.781,0.153075
2539.782,0.140595
2539.783,0.11388
2539.784,0.107055
2539.785,0.119535
2539.786,0.12070499999999999
2539.787,0.136695
2539.788,0.170625
2539.789,0.19616999999999998
2539.79,0.20357999999999998
2539.791,0.20865
2539.792,0.20377499999999998
2539.793,0.20377499999999998
2539.794,0.19032
2539.795,0.185055
2539.796,0.167895
2539.797,0.163995
2539.798,0.153855
2539.799,0.132015
2539.8,0.110955
2539.801,0.11193
2539.802,0.117585
2539.803,0.132795
2539.804,0.15678
2539.805,0.18914999999999998
2539.806,0.208455
2539.807,0.21606
2539.808,0.213135
2539.809,0.20787
2539.81,0.197535
2539.811,0.195975
2539.812,0.18798
2539.813,0.16672499999999998
2539.814,0.166335
2539.815,0.158535
2539.816,0.13143
2539.817,0.109005
2539.818,0.12129
2539.819,0.132795
2539.82,0.14079
2539.821,0.176865
2539.822,0.20787
2539.823,0.219375
2539.824,0.221325
2539.825,0.220935
2539.826,0.215475
2539.827,0.20416499999999999
2539.828,0.19539
2539.829,0.185055
2539.83,0.17511
2539.831,0.165555
2539.832,0.141375
2539.833,0.1248
2539.834,0.11739
2539.835,0.12675
2539.836,0.138255
2539.837,0.15288
2539.838,0.183495
2539.839,0.20631
2539.84,0.210015
2539.841,0.21723
2539.842,0.21645
2539.843,0.21021
2539.844,0.20338499999999998
2539.845,0.191295
2539.846,0.178815
2539.847,0.16672499999999998
2539.848,0.15795
2539.849,0.14079
2539.85,0.12050999999999999
2539.851,0.11739
2539.852,0.12675
2539.853,0.1404
2539.854,0.156
2539.855,0.1872
2539.856,0.21606
2539.857,0.216255
2539.858,0.21917999999999999
2539.859,0.210015
2539.86,0.208455
2539.861,0.192855
2539.862,0.186225
2539.863,0.17082
2539.864,0.160095
2539.865,0.15288
2539.866,0.128895
2539.867,0.116415
2539.868,0.116415
2539.869,0.12675
2539.87,0.139035
2539.871,0.16614
2539.872,0.191295
2539.873,0.206115
2539.874,0.21137999999999998
2539.875,0.208065
2539.876,0.197535
2539.877,0.195975
2539.878,0.18895499999999998
2539.879,0.17862
2539.88,0.162825
2539.881,0.15327
2539.882,0.132795
2539.883,0.11388
2539.884,0.11388
2539.885,0.11329499999999999
2539.886,0.12831
2539.887,0.14508
2539.888,0.17238
2539.889,0.195195
2539.89,0.202995
2539.891,0.20592
2539.892,0.206895
2539.893,0.20163
2539.894,0.19539
2539.895,0.184275
2539.896,0.172575
2539.897,0.158535
2539.898,0.15170999999999998
2539.899,0.12675
2539.9,0.107055
2539.901,0.10062
2539.902,0.116415
2539.903,0.125775
2539.904,0.14157
2539.905,0.18096
2539.906,0.19539
2539.907,0.20377499999999998
2539.908,0.20007
2539.909,0.20124
2539.91,0.192075
2539.911,0.185055
2539.912,0.17238
2539.913,0.156975
2539.914,0.14625
2539.915,0.135135
2539.916,0.11427
2539.917,0.095745
2539.918,0.10374
2539.919,0.116415
2539.92,0.13104
2539.921,0.15931499999999998
2539.922,0.183495
2539.923,0.195975
2539.924,0.197535
2539.925,0.2028
2539.926,0.19422
2539.927,0.18895499999999998
2539.928,0.178815
2539.929,0.163995
2539.93,0.157755
2539.931,0.145665
2539.932,0.1287
2539.933,0.10296
2539.934,0.091455
2539.935,0.107055
2539.936,0.117585
2539.937,0.13299
2539.938,0.16731
2539.939,0.191295
2539.94,0.18914999999999998
2539.941,0.19968
2539.942,0.200655
2539.943,0.195975
2539.944,0.186225
2539.945,0.178815
2539.946,0.15756
2539.947,0.15170999999999998
2539.948,0.139035
2539.949,0.11660999999999999
2539.95,0.096525
2539.951,0.09321
2539.952,0.114075
2539.953,0.116415
2539.954,0.1365
2539.955,0.17238
2539.956,0.191295
2539.957,0.199095
2539.958,0.197535
2539.959,0.19539
2539.96,0.185445
2539.961,0.17393999999999998
2539.962,0.16263
2539.963,0.153855
2539.964,0.14449499999999998
2539.965,0.133185
2539.966,0.10647
2539.967,0.091455
2539.968,0.09067499999999999
2539.969,0.10686
2539.97,0.11680499999999999
2539.971,0.150735
2539.972,0.17452499999999999
2539.973,0.19032
2539.974,0.18134999999999998
2539.975,0.18603
2539.976,0.18193499999999999
2539.977,0.174915
2539.978,0.158145
2539.979,0.15288
2539.98,0.136305
2539.981,0.128895
2539.982,0.107055
2539.983,0.085215
2539.984,0.08307
2539.985,0.089505
2539.986,0.10178999999999999
2539.987,0.119535
2539.988,0.147615
2539.989,0.172575
2539.99,0.178815
2539.991,0.178815
2539.992,0.176475
2539.993,0.16614
2539.994,0.165555
2539.995,0.15327
2539.996,0.13923
2539.997,0.12558
2539.998,0.116415
2539.999,0.093015
2540.0,0.07683
2540.001,0.078975
2540.002,0.09048
2540.003,0.100815
2540.004,0.116415
2540.005,0.14547
2540.006,0.167505
2540.007,0.18525
2540.008,0.172575
2540.009,0.171015
2540.01,0.166335
2540.011,0.15327
2540.012,0.14859
2540.013,0.133575
2540.014,0.122655
2540.015,0.108615
2540.016,0.08326499999999999
2540.017,0.070395
2540.018,0.06942
2540.019,0.078975
2540.02,0.09204
2540.021,0.12558
2540.022,0.143325
2540.023,0.160095
2540.024,0.15795
2540.025,0.163995
2540.026,0.15678
2540.027,0.14508
2540.028,0.138255
2540.029,0.128895
2540.03,0.11037
2540.031,0.110175
2540.032,0.08502
2540.033,0.060254999999999996
2540.034,0.056549999999999996
2540.035,0.0624
2540.036,0.07137
2540.037,0.08696999999999999
2540.038,0.121095
2540.039,0.145275
2540.04,0.14547
2540.041,0.148785
2540.042,0.147615
2540.043,0.13688999999999998
2540.044,0.130455
2540.045,0.122655
2540.046,0.10647
2540.047,0.1014
2540.048,0.08931
2540.049,0.06591
2540.05,0.04797
2540.051,0.046215
2540.052,0.05421
2540.053,0.071175
2540.054,0.09086999999999999
2540.055,0.119535
2540.056,0.13806
2540.057,0.141375
2540.058,0.13923
2540.059,0.14118
2540.06,0.124995
2540.061,0.121095
2540.062,0.10881
2540.063,0.103935
2540.064,0.09048
2540.065,0.08619
2540.066,0.050115
2540.067,0.033735
2540.068,0.04329
2540.069,0.05772
2540.07,0.064545
2540.071,0.09437999999999999
2540.072,0.121095
2540.073,0.133575
2540.074,0.132015
2540.075,0.13377
2540.076,0.1287
2540.077,0.117975
2540.078,0.108615
2540.079,0.1014
2540.08,0.08619
2540.081,0.07585499999999999
2540.082,0.058304999999999996
2540.083,0.039
2540.084,0.03315
2540.085,0.041535
2540.086,0.047775
2540.087,0.06747
2540.088,0.096915
2540.089,0.117975
2540.09,0.12792
2540.091,0.13299
2540.092,0.125775
2540.093,0.12246
2540.094,0.11739
2540.095,0.10803
2540.096,0.093405
2540.097,0.078975
2540.098,0.067665
2540.099,0.05031
2540.1,0.035295
2540.101,0.035295
2540.102,0.045434999999999996
2540.103,0.05772
2540.104,0.078975
2540.105,0.11115
2540.106,0.12831
2540.107,0.14079
2540.108,0.1365
2540.109,0.132015
2540.11,0.12363
2540.111,0.12050999999999999
2540.112,0.10881
2540.113,0.09516
2540.114,0.082095
2540.115,0.074295
2540.116,0.045825
2540.117,0.03393
2540.118,0.03549
2540.119,0.046215
2540.12,0.063765
2540.121,0.096525
2540.122,0.12363
2540.123,0.1326
2540.124,0.14079
2540.125,0.1404
2540.126,0.132015
2540.127,0.1248
2540.128,0.11544
2540.129,0.108225
2540.13,0.09457499999999999
2540.131,0.08814
2540.132,0.066495
2540.133,0.043484999999999996
2540.134,0.03549
2540.135,0.04563
2540.136,0.051675
2540.137,0.069615
2540.138,0.10296
2540.139,0.126555
2540.14,0.13416
2540.141,0.13845
2540.142,0.138255
2540.143,0.13182
2540.144,0.12050999999999999
2540.145,0.11329499999999999
2540.146,0.09867
2540.147,0.091455
2540.148,0.079365
2540.149,0.054015
2540.15,0.037245
2540.151,0.03315
2540.152,0.043095
2540.153,0.05811
2540.154,0.082095
2540.155,0.11037
2540.156,0.135135
2540.157,0.13533
2540.158,0.136695
2540.159,0.13611
2540.16,0.126945
2540.161,0.12070499999999999
2540.162,0.10803
2540.163,0.09048
2540.164,0.08307
2540.165,0.07488
2540.166,0.052065
2540.167,0.03627
2540.168,0.041535
2540.169,0.052065
2540.17,0.06942
2540.171,0.093015
2540.172,0.122655
2540.173,0.135135
2540.174,0.13923
2540.175,0.13767
2540.176,0.1326
2540.177,0.1248
2540.178,0.11271
2540.179,0.10296
2540.18,0.086775
2540.181,0.08307
2540.182,0.060254999999999996
2540.183,0.045434999999999996
2540.184,0.034319999999999996
2540.185,0.04251
2540.186,0.05499
2540.187,0.068055
2540.188,0.10491
2540.189,0.126945
2540.19,0.128895
2540.191,0.13143
2540.192,0.1326
2540.193,0.1287
2540.194,0.115635
2540.195,0.10939499999999999
2540.196,0.091455
2540.197,0.08307
2540.198,0.072735
2540.199,0.05187
2540.2,0.03393
2540.201,0.032955
2540.202,0.04563
2540.203,0.05733
2540.204,0.07878
2540.205,0.108225
2540.206,0.126945
2540.207,0.13299
2540.208,0.13143
2540.209,0.132015
2540.21,0.121095
2540.211,0.115635
2540.212,0.107055
2540.213,0.09457499999999999
2540.214,0.078
2540.215,0.071175
2540.216,0.03939
2540.217,0.029055
2540.218,0.03315
2540.219,0.04485
2540.22,0.06279
2540.221,0.09126
2540.222,0.119535
2540.223,0.12597
2540.224,0.13299
2540.225,0.13143
2540.226,0.11739
2540.227,0.116415
2540.228,0.10374
2540.229,0.09555
2540.23,0.08326499999999999
2540.231,0.070785
2540.232,0.051675
2540.233,0.032175
2540.234,0.025935
2540.235,0.03315
2540.236,0.04563
2540.237,0.060254999999999996
2540.238,0.09243
2540.239,0.12050999999999999
2540.24,0.117585
2540.241,0.122655
2540.242,0.121095
2540.243,0.11622
2540.244,0.11583
2540.245,0.10023
2540.246,0.08619
2540.247,0.081315
2540.248,0.068055
2540.249,0.043484999999999996
2540.25,0.022035
2540.251,0.030225
2540.252,0.034125
2540.253,0.04992
2540.254,0.071565
2540.255,0.10023
2540.256,0.12012
2540.257,0.125775
2540.258,0.121095
2540.259,0.117975
2540.26,0.11699999999999999
2540.261,0.103935
2540.262,0.09243
2540.263,0.073905
2540.264,0.066495
2540.265,0.059085
2540.266,0.0351
2540.267,0.02301
2540.268,0.02691
2540.269,0.04134
2540.27,0.053235
2540.271,0.07566
2540.272,0.106275
2540.273,0.1209
2540.274,0.12831
2540.275,0.12675
2540.276,0.121095
2540.277,0.110175
2540.278,0.10178999999999999
2540.279,0.09126
2540.28,0.079365
2540.281,0.071565
2540.282,0.0507
2540.283,0.032175
2540.284,0.029445
2540.285,0.041925
2540.286,0.050894999999999996
2540.287,0.06825
2540.288,0.108225
2540.289,0.12558
2540.29,0.13299
2540.291,0.13611
2540.292,0.12909
2540.293,0.128115
2540.294,0.116415
2540.295,0.10939499999999999
2540.296,0.09984
2540.297,0.08814
2540.298,0.076635
2540.299,0.05889
2540.3,0.03939
2540.301,0.048165
2540.302,0.05811
2540.303,0.068055
2540.304,0.095355
2540.305,0.122655
2540.306,0.14235
2540.307,0.147615
2540.308,0.14429999999999998
2540.309,0.141375
2540.31,0.141765
2540.311,0.132015
2540.312,0.126555
2540.313,0.107055
2540.314,0.1014
2540.315,0.09048
2540.316,0.06747
2540.317,0.054015
2540.318,0.058304999999999996
2540.319,0.07059
2540.32,0.086385
2540.321,0.114075
2540.322,0.140595
2540.323,0.156
2540.324,0.156195
2540.325,0.14859
2540.326,0.153855
2540.327,0.15229499999999999
2540.328,0.13455
2540.329,0.124995
2540.33,0.116415
2540.331,0.10491
2540.332,0.08619
2540.333,0.06473999999999999
2540.334,0.06473999999999999
2540.335,0.06903
2540.336,0.08307
2540.337,0.09516
2540.338,0.128895
2540.339,0.15678
2540.34,0.15756
2540.341,0.162435
2540.342,0.16224
2540.343,0.157755
2540.344,0.15132
2540.345,0.140595
2540.346,0.13299
2540.347,0.116415
2540.348,0.10198499999999999
2540.349,0.078975
2540.35,0.06747
2540.351,0.066495
2540.352,0.078195
2540.353,0.091455
2540.354,0.109005
2540.355,0.141375
2540.356,0.16419
2540.357,0.16419
2540.358,0.16419
2540.359,0.16848
2540.36,0.15717
2540.361,0.14742
2540.362,0.142545
2540.363,0.12636
2540.364,0.110565
2540.365,0.11037
2540.366,0.08268
2540.367,0.071175
2540.368,0.071175
2540.369,0.091455
2540.37,0.097695
2540.371,0.128895
2540.372,0.15405
2540.373,0.16809
2540.374,0.17355
2540.375,0.16848
2540.376,0.1638
2540.377,0.15795
2540.378,0.153855
2540.379,0.14118
2540.38,0.128895
2540.381,0.11583
2540.382,0.10374
2540.383,0.08151
2540.384,0.070395
2540.385,0.086775
2540.386,0.091455
2540.387,0.11427
2540.388,0.14449499999999998
2540.389,0.1755
2540.39,0.171405
2540.391,0.17823
2540.392,0.17628
2540.393,0.167895
2540.394,0.16224
2540.395,0.158145
2540.396,0.147615
2540.397,0.133575
2540.398,0.12285
2540.399,0.10374
2540.4,0.08619
2540.401,0.08307
2540.402,0.09555
2540.403,0.11290499999999999
2540.404,0.14079
2540.405,0.16575
2540.406,0.183495
2540.407,0.18525
2540.408,0.18798
2540.409,0.18486
2540.41,0.17979
2540.411,0.171015
2540.412,0.163215
2540.413,0.146055
2540.414,0.139035
2540.415,0.126945
2540.416,0.10023
2540.417,0.09009
2540.418,0.09555
2540.419,0.107835
2540.42,0.12070499999999999
2540.421,0.15327
2540.422,0.17823
2540.423,0.185055
2540.424,0.190515
2540.425,0.197535
2540.426,0.18875999999999998
2540.427,0.185055
2540.428,0.17413499999999998
2540.429,0.16263
2540.43,0.156975
2540.431,0.141375
2540.432,0.12675
2540.433,0.10686
2540.434,0.10062
2540.435,0.117585
2540.436,0.122655
2540.437,0.146055
2540.438,0.18291
2540.439,0.20007
2540.44,0.20865
2540.441,0.210015
2540.442,0.20357999999999998
2540.443,0.2067
2540.444,0.191295
2540.445,0.18914999999999998
2540.446,0.173745
2540.447,0.163215
2540.448,0.149565
2540.449,0.129285
2540.45,0.11739
2540.451,0.118365
2540.452,0.12909
2540.453,0.14468999999999999
2540.454,0.16575
2540.455,0.19539
2540.456,0.21411
2540.457,0.21917999999999999
2540.458,0.216255
2540.459,0.217815
2540.46,0.213135
2540.461,0.20377499999999998
2540.462,0.194415
2540.463,0.174915
2540.464,0.166335
2540.465,0.157755
2540.466,0.12947999999999998
2540.467,0.114465
2540.468,0.12675
2540.469,0.13611
2540.47,0.153855
2540.471,0.17979
2540.472,0.20748
2540.473,0.216255
2540.474,0.22542
2540.475,0.220935
2540.476,0.217815
2540.477,0.206115
2540.478,0.197535
2540.479,0.187005
2540.48,0.17862
2540.481,0.166335
2540.482,0.14937
2540.483,0.13182
2540.484,0.121095
2540.485,0.132795
2540.486,0.14449499999999998
2540.487,0.157755
2540.488,0.19539
2540.489,0.220545
2540.49,0.22035
2540.491,0.22639499999999999
2540.492,0.2223
2540.493,0.216645
2540.494,0.207675
2540.495,0.20748
2540.496,0.18798
2540.497,0.178815
2540.498,0.165555
2540.499,0.149955
2540.5,0.126555
2540.501,0.128895
2540.502,0.136695
2540.503,0.148785
2540.504,0.171015
2540.505,0.20007
2540.506,0.216645
2540.507,0.21996
2540.508,0.222495
2540.509,0.217425
2540.51,0.21645
2540.511,0.202215
2540.512,0.19539
2540.513,0.18096
2540.514,0.172575
2540.515,0.158145
2540.516,0.133575
2540.517,0.12421499999999999
2540.518,0.128115
2540.519,0.13494
2540.52,0.14547
2540.521,0.17784
2540.522,0.204555
2540.523,0.213135
2540.524,0.22035
2540.525,0.220935
2540.526,0.21157499999999999
2540.527,0.201435
2540.528,0.192465
2540.529,0.18603
2540.53,0.172575
2540.531,0.16731
2540.532,0.14547
2540.533,0.122655
2540.534,0.114075
2540.535,0.12675
2540.536,0.13494
2540.537,0.147615
2540.538,0.191295
2540.539,0.20787
2540.54,0.2145
2540.541,0.213135
2540.542,0.210015
2540.543,0.201435
2540.544,0.19539
2540.545,0.190515
2540.546,0.17043
2540.547,0.160095
2540.548,0.149175
2540.549,0.1287
2540.55,0.10803
2540.551,0.11544
2540.552,0.1209
2540.553,0.141375
2540.554,0.15795
2540.555,0.18603
2540.556,0.207675
2540.557,0.21411
2540.558,0.219375
2540.559,0.20377499999999998
2540.56,0.200655
2540.561,0.19032
2540.562,0.18603
2540.563,0.167895
2540.564,0.158145
2540.565,0.148785
2540.566,0.12129
2540.567,0.112515
2540.568,0.11544
2540.569,0.121095
2540.57,0.142545
2540.571,0.17355
2540.572,0.19539
2540.573,0.208065
2540.574,0.208455
2540.575,0.213135
2540.576,0.2028
2540.577,0.19675499999999999
2540.578,0.191295
2540.579,0.178815
2540.58,0.160095
2540.581,0.156195
2540.582,0.136695
2540.583,0.116415
2540.584,0.10803
2540.585,0.116415
2540.586,0.128895
2540.587,0.13884
2540.588,0.176475
2540.589,0.20377499999999998
2540.59,0.20787
2540.591,0.208455
2540.592,0.208455
2540.593,0.197535
2540.594,0.1911
2540.595,0.178035
2540.596,0.167505
2540.597,0.15678
2540.598,0.14742
2540.599,0.117975
2540.6,0.103935
2540.601,0.10842
2540.602,0.116415
2540.603,0.133965
2540.604,0.158925
2540.605,0.18603
2540.606,0.20377499999999998
2540.607,0.20475
2540.608,0.20787
2540.609,0.19773
2540.61,0.191295
2540.611,0.178815
2540.612,0.17452499999999999
2540.613,0.15795
2540.614,0.147615
2540.615,0.13494
2540.616,0.110175
2540.617,0.10374
2540.618,0.11329499999999999
2540.619,0.118365
2540.62,0.1404
2540.621,0.16731
2540.622,0.190515
2540.623,0.20377499999999998
2540.624,0.20592
2540.625,0.20377499999999998
2540.626,0.199875
2540.627,0.18895499999999998
2540.628,0.182715
2540.629,0.17413499999999998
2540.63,0.158535
2540.631,0.153855
2540.632,0.13299
2540.633,0.109005
2540.634,0.10958999999999999
2540.635,0.11856
2540.636,0.129285
2540.637,0.147615
2540.638,0.179595
2540.639,0.20124
2540.64,0.20826
2540.641,0.21098999999999998
2540.642,0.2067
2540.643,0.195975
2540.644,0.19032
2540.645,0.18252
2540.646,0.172575
2540.647,0.15873
2540.648,0.14547
2540.649,0.123825
2540.65,0.108615
2540.651,0.114075
2540.652,0.123045
2540.653,0.140595
2540.654,0.167895
2540.655,0.200655
2540.656,0.21411
2540.657,0.21216
2540.658,0.21723
2540.659,0.21118499999999998
2540.66,0.20357999999999998
2540.661,0.193245
2540.662,0.1911
2540.663,0.17823
2540.664,0.16302
2540.665,0.15170999999999998
2540.666,0.126555
2540.667,0.11427
2540.668,0.125775
2540.669,0.13611
2540.67,0.14781
2540.671,0.18096
2540.672,0.21255
2540.673,0.216255
2540.674,0.22542
2540.675,0.22639499999999999
2540.676,0.216255
2540.677,0.207675
2540.678,0.20124
2540.679,0.191295
2540.68,0.176475
2540.681,0.16731
2540.682,0.15132
2540.683,0.12792
2540.684,0.122655
2540.685,0.1287
2540.686,0.145275
2540.687,0.156975
2540.688,0.19812
2540.689,0.22269
2540.69,0.222495
2540.691,0.22035
2540.692,0.21820499999999998
2540.693,0.21801
2540.694,0.20709
2540.695,0.198315
2540.696,0.191295
2540.697,0.178815
2540.698,0.16711499999999999
2540.699,0.145275
2540.7,0.128895
2540.701,0.13611
2540.702,0.142935
2540.703,0.16419
2540.704,0.1872
2540.705,0.21255
2540.706,0.231855
2540.707,0.23283
2540.708,0.235755
2540.709,0.22347
2540.71,0.22113
2540.711,0.216255
2540.712,0.200655
2540.713,0.185055
2540.714,0.181155
2540.715,0.164775
2540.716,0.14157
2540.717,0.14118
2540.718,0.141375
2540.719,0.156975
2540.72,0.16809
2540.721,0.20007
2540.722,0.227955
2540.723,0.234975
2540.724,0.242385
2540.725,0.23380499999999999
2540.726,0.232635
2540.727,0.22561499999999998
2540.728,0.216255
2540.729,0.20007
2540.73,0.193245
2540.731,0.18134999999999998
2540.732,0.160095
2540.733,0.139425
2540.734,0.138255
2540.735,0.147615
2540.736,0.16302
2540.737,0.17862
2540.738,0.215475
2540.739,0.236145
2540.74,0.23868
2540.741,0.23380499999999999
2540.742,0.234975
2540.743,0.231075
2540.744,0.22503
2540.745,0.21255
2540.746,0.201435
2540.747,0.192465
2540.748,0.178815
2540.749,0.15639
2540.75,0.14157
2540.751,0.142155
2540.752,0.148005
2540.753,0.16672499999999998
2540.754,0.19149
2540.755,0.21411
2540.756,0.23283
2540.757,0.23907
2540.758,0.23478
2540.759,0.230295
2540.76,0.219765
2540.761,0.210405
2540.762,0.201435
2540.763,0.18291
2540.764,0.18096
2540.765,0.158145
2540.766,0.135135
2540.767,0.1287
2540.768,0.13611
2540.769,0.149175
2540.77,0.16302
2540.771,0.191295
2540.772,0.216255
2540.773,0.22561499999999998
2540.774,0.220155
2540.775,0.228735
2540.776,0.23283
2540.777,0.21996
2540.778,0.208065
2540.779,0.201435
2540.78,0.191295
2540.781,0.18213
2540.782,0.15795
2540.783,0.140595
2540.784,0.14001
2540.785,0.148785
2540.786,0.158145
2540.787,0.17355
2540.788,0.210015
2540.789,0.23907
2540.79,0.242775
2540.791,0.24531
2540.792,0.24062999999999998
2540.793,0.23341499999999998
2540.794,0.23302499999999998
2540.795,0.217425
2540.796,0.206115
2540.797,0.191295
2540.798,0.18914999999999998
2540.799,0.16302
2540.8,0.146445
2540.801,0.147615
2540.802,0.15795
2540.803,0.17823
2540.804,0.195195
2540.805,0.222885
2540.806,0.24024
2540.807,0.245115
2540.808,0.242775
2540.809,0.2457
2540.81,0.232635
2540.811,0.227955
2540.812,0.21411
2540.813,0.19851
2540.814,0.186225
2540.815,0.17043
2540.816,0.14547
2540.817,0.142545
2540.818,0.149175
2540.819,0.15795
2540.82,0.171015
2540.821,0.19734
2540.822,0.22658999999999999
2540.823,0.239655
2540.824,0.24043499999999998
2540.825,0.238095
2540.826,0.23283
2540.827,0.22776
2540.828,0.220545
2540.829,0.206895
2540.83,0.192075
2540.831,0.186225
2540.832,0.15795
2540.833,0.138255
2540.834,0.133185
2540.835,0.14547
2540.836,0.16029
2540.837,0.17121
2540.838,0.208845
2540.839,0.229515
2540.84,0.24121499999999998
2540.841,0.234975
2540.842,0.234975
2540.843,0.22464
2540.844,0.221715
2540.845,0.207675
2540.846,0.20007
2540.847,0.18934499999999999
2540.848,0.17784
2540.849,0.157755
2540.85,0.14235
2540.851,0.139815
2540.852,0.153855
2540.853,0.160485
2540.854,0.18603
2540.855,0.22035
2540.856,0.23595
2540.857,0.23907
2540.858,0.24062999999999998
2540.859,0.23341499999999998
2540.86,0.22503
2540.861,0.217815
2540.862,0.2067
2540.863,0.197535
2540.864,0.181155
2540.865,0.16614
2540.866,0.147615
2540.867,0.13923
2540.868,0.142545
2540.869,0.160095
2540.87,0.16731
2540.871,0.20475
2540.872,0.22542
2540.873,0.23380499999999999
2540.874,0.238095
2540.875,0.236535
2540.876,0.23283
2540.877,0.220935
2540.878,0.21118499999999998
2540.879,0.20124
2540.88,0.18914999999999998
2540.881,0.178815
2540.882,0.157755
2540.883,0.1404
2540.884,0.140595
2540.885,0.14625
2540.886,0.15327
2540.887,0.16926
2540.888,0.206115
2540.889,0.229125
2540.89,0.2379
2540.891,0.235365
2540.892,0.23360999999999998
2540.893,0.22619999999999998
2540.894,0.213135
2540.895,0.20357999999999998
2540.896,0.191295
2540.897,0.17862
2540.898,0.169455
2540.899,0.14547
2540.9,0.12909
2540.901,0.13299
2540.902,0.13923
2540.903,0.156
2540.904,0.18193499999999999
2540.905,0.20631
2540.906,0.21996
2540.907,0.23127
2540.908,0.23283
2540.909,0.22639499999999999
2540.91,0.20982
2540.911,0.2067
2540.912,0.19227
2540.913,0.178815
2540.914,0.172575
2540.915,0.15170999999999998
2540.916,0.12831
2540.917,0.125775
2540.918,0.128895
2540.919,0.14118
2540.92,0.153855
2540.921,0.18252
2540.922,0.20377499999999998
2540.923,0.22619999999999998
2540.924,0.219375
2540.925,0.220545
2540.926,0.220155
2540.927,0.20377499999999998
2540.928,0.19539
2540.929,0.186615
2540.93,0.178815
2540.931,0.17004
2540.932,0.15132
2540.933,0.132015
2540.934,0.132015
2540.935,0.13611
2540.936,0.14859
2540.937,0.16302
2540.938,0.201435
2540.939,0.22035
2540.94,0.228735
2540.941,0.228735
2540.942,0.22542
2540.943,0.21878999999999998
2540.944,0.21294
2540.945,0.202995
2540.946,0.18525
2540.947,0.17667
2540.948,0.167505
2540.949,0.13923
2540.95,0.121485
2540.951,0.133575
2540.952,0.141375
2540.953,0.15327
2540.954,0.178815
2540.955,0.20748
2540.956,0.220935
2540.957,0.22658999999999999
2540.958,0.22619999999999998
2540.959,0.222495
2540.96,0.208455
2540.961,0.20748
2540.962,0.19851
2540.963,0.18213
2540.964,0.171015
2540.965,0.157755
2540.966,0.13611
2540.967,0.13104
2540.968,0.135135
2540.969,0.143325
2540.97,0.15678
2540.971,0.18895499999999998
2540.972,0.208845
2540.973,0.22035
2540.974,0.226785
2540.975,0.219375
2540.976,0.22035
2540.977,0.2067
2540.978,0.206115
2540.979,0.18875999999999998
2540.98,0.175695
2540.981,0.166335
2540.982,0.14547
2540.983,0.1287
2540.984,0.11934
2540.985,0.1326
2540.986,0.145275
2540.987,0.153855
2540.988,0.190515
2540.989,0.217425
2540.99,0.220545
2540.991,0.220935
2540.992,0.21411
2540.993,0.20865
2540.994,0.200655
2540.995,0.18759
2540.996,0.172575
2540.997,0.16302
2540.998,0.15288
2540.999,0.131235
2541.0,0.11622
2541.001,0.11622
2541.002,0.12831
2541.003,0.141375
2541.004,0.172965
2541.005,0.195195
2541.006,0.20475
2541.007,0.21216
2541.008,0.20787
2541.009,0.20865
2541.01,0.193245
2541.011,0.18759
2541.012,0.182715
2541.013,0.16302
2541.014,0.15639
2541.015,0.136305
2541.016,0.11544
2541.017,0.11388
2541.018,0.11739
2541.019,0.128895
2541.02,0.14118
2541.021,0.1638
2541.022,0.195585
2541.023,0.19968
2541.024,0.206895
2541.025,0.204945
2541.026,0.197925
2541.027,0.18914999999999998
2541.028,0.18193499999999999
2541.029,0.169455
2541.03,0.156975
2541.031,0.148005
2541.032,0.128895
2541.033,0.107835
2541.034,0.10413
2541.035,0.116415
2541.036,0.12792
2541.037,0.139035
2541.038,0.1755
2541.039,0.204555
2541.04,0.20982
2541.041,0.20475
2541.042,0.199095
2541.043,0.19851
2541.044,0.19032
2541.045,0.18134999999999998
2541.046,0.162435
2541.047,0.153855
2541.048,0.145275
2541.049,0.12246
2541.05,0.10413
2541.051,0.11329499999999999
2541.052,0.124995
2541.053,0.13299
2541.054,0.16302
2541.055,0.19188
2541.056,0.20319
2541.057,0.20319
2541.058,0.20357999999999998
2541.059,0.20124
2541.06,0.195195
2541.061,0.17979
2541.062,0.176475
2541.063,0.15950999999999999
2541.064,0.14781
2541.065,0.128895
2541.066,0.11309999999999999
2541.067,0.10198499999999999
2541.068,0.103935
2541.069,0.11388
2541.07,0.132795
2541.071,0.158535
2541.072,0.18369
2541.073,0.190515
2541.074,0.192855
2541.075,0.195975
2541.076,0.18603
2541.077,0.17979
2541.078,0.172575
2541.079,0.158145
2541.08,0.149565
2541.081,0.13806
2541.082,0.12050999999999999
2541.083,0.100815
2541.084,0.09672
2541.085,0.103935
2541.086,0.12070499999999999
2541.087,0.132015
2541.088,0.17043
2541.089,0.18934499999999999
2541.09,0.20592
2541.091,0.19616999999999998
2541.092,0.195975
2541.093,0.191295
2541.094,0.18291
2541.095,0.170625
2541.096,0.15366
2541.097,0.14547
2541.098,0.135135
2541.099,0.11329499999999999
2541.1,0.096135
2541.101,0.10062
2541.102,0.10335
2541.103,0.12050999999999999
2541.104,0.15054
2541.105,0.172965
2541.106,0.195
2541.107,0.19461
2541.108,0.19851
2541.109,0.195975
2541.11,0.185055
2541.111,0.17511
2541.112,0.163995
2541.113,0.148785
2541.114,0.141375
2541.115,0.124995
2541.116,0.096525
2541.117,0.096135
2541.118,0.100815
2541.119,0.117585
2541.12,0.125775
2541.121,0.15795
2541.122,0.183495
2541.123,0.194025
2541.124,0.19539
2541.125,0.19539
2541.126,0.18875999999999998
2541.127,0.17667
2541.128,0.170235
2541.129,0.15795
2541.13,0.147615
2541.131,0.13806
2541.132,0.12558
2541.133,0.10608
2541.134,0.09437999999999999
2541.135,0.1053
2541.136,0.110565
2541.137,0.132015
2541.138,0.163215
2541.139,0.183495
2541.14,0.18914999999999998
2541.141,0.186225
2541.142,0.187005
2541.143,0.18193499999999999
2541.144,0.17043
2541.145,0.153855
2541.146,0.14625
2541.147,0.1287
2541.148,0.127335
2541.149,0.09789
2541.15,0.07917
2541.151,0.089115
2541.152,0.096135
2541.153,0.11427
2541.154,0.140595
2541.155,0.16419
2541.156,0.178815
2541.157,0.18447
2541.158,0.18486
2541.159,0.1755
2541.16,0.16809
2541.161,0.162435
2541.162,0.147615
2541.163,0.13143
2541.164,0.12363
2541.165,0.10608
2541.166,0.085215
2541.167,0.07878
2541.168,0.08716499999999999
2541.169,0.10374
2541.17,0.11388
2541.171,0.142545
2541.172,0.17199
2541.173,0.177255
2541.174,0.179205
2541.175,0.18173999999999998
2541.176,0.17823
2541.177,0.16652999999999998
2541.178,0.158535
2541.179,0.147615
2541.18,0.133185
2541.181,0.117585
2541.182,0.097695
2541.183,0.082875
2541.184,0.07488
2541.185,0.089895
2541.186,0.0975
2541.187,0.11739
2541.188,0.153075
2541.189,0.172575
2541.19,0.18134999999999998
2541.191,0.17901
2541.192,0.173355
2541.193,0.166335
2541.194,0.15795
2541.195,0.14937
2541.196,0.1326
2541.197,0.126555
2541.198,0.11739
2541.199,0.091455
2541.2,0.07839
2541.201,0.07839
2541.202,0.085215
2541.203,0.103935
2541.204,0.131235
2541.205,0.156195
2541.206,0.173355
2541.207,0.172575
2541.208,0.168285
2541.209,0.16263
2541.21,0.153855
2541.211,0.15366
2541.212,0.138255
2541.213,0.127335
2541.214,0.119535
2541.215,0.093015
2541.216,0.07839
2541.217,0.06591
2541.218,0.078975
2541.219,0.085215
2541.22,0.100815
2541.221,0.132795
2541.222,0.15756
2541.223,0.16263
2541.224,0.170625
2541.225,0.165555
2541.226,0.15756
2541.227,0.15483
2541.228,0.14547
2541.229,0.132015
2541.23,0.117195
2541.231,0.10881
2541.232,0.08775
2541.233,0.07059
2541.234,0.07059
2541.235,0.07585499999999999
2541.236,0.085605
2541.237,0.10374
2541.238,0.133185
2541.239,0.158145
2541.24,0.16419
2541.241,0.165555
2541.242,0.16614
2541.243,0.15756
2541.244,0.15132
2541.245,0.141375
2541.246,0.12558
2541.247,0.11232
2541.248,0.10491
2541.249,0.078195
2541.25,0.0624
2541.251,0.063375
2541.252,0.073905
2541.253,0.086775
2541.254,0.12050999999999999
2541.255,0.14508
2541.256,0.156975
2541.257,0.15795
2541.258,0.16302
2541.259,0.158925
2541.26,0.149175
2541.261,0.136305
2541.262,0.12986999999999999
2541.263,0.11739
2541.264,0.11427
2541.265,0.08463
2541.266,0.06552
2541.267,0.062595
2541.268,0.06279
2541.269,0.07254
2541.27,0.089115
2541.271,0.122655
2541.272,0.145665
2541.273,0.146445
2541.274,0.153855
2541.275,0.15483
2541.276,0.146055
2541.277,0.133185
2541.278,0.12831
2541.279,0.11739
2541.28,0.10803
2541.281,0.096135
2541.282,0.07059
2541.283,0.05811
2541.284,0.053235
2541.285,0.06493499999999999
2541.286,0.07878
2541.287,0.095355
2541.288,0.12792
2541.289,0.147615
2541.29,0.15483
2541.291,0.153855
2541.292,0.15327
2541.293,0.14118
2541.294,0.133185
2541.295,0.123435
2541.296,0.110565
2541.297,0.10335
2541.298,0.09457499999999999
2541.299,0.05811
2541.3,0.051675
2541.301,0.05187
2541.302,0.06435
2541.303,0.076635
2541.304,0.095355
2541.305,0.126945
2541.306,0.14118
2541.307,0.145665
2541.308,0.14547
2541.309,0.14118
2541.31,0.12986999999999999
2541.311,0.119535
2541.312,0.114075
2541.313,0.09243
2541.314,0.083655
2541.315,0.06279
2541.316,0.045825
2541.317,0.036465
2541.318,0.047775
2541.319,0.051675
2541.32,0.07137
2541.321,0.10178999999999999
2541.322,0.12947999999999998
2541.323,0.132015
2541.324,0.13806
2541.325,0.135135
2541.326,0.1287
2541.327,0.118755
2541.328,0.10803
2541.329,0.101595
2541.33,0.08307
2541.331,0.072735
2541.332,0.06084
2541.333,0.03315
2541.334,0.03315
2541.335,0.043095
2541.336,0.05187
2541.337,0.0702
2541.338,0.107055
2541.339,0.12070499999999999
2541.34,0.12909
2541.341,0.125775
2541.342,0.12558
2541.343,0.116415
2541.344,0.10686
2541.345,0.0975
2541.346,0.0819
2541.347,0.066495
2541.348,0.06435
2541.349,0.032369999999999996
2541.35,0.015795
2541.351,0.02028
2541.352,0.030225
2541.353,0.043875
2541.354,0.0702
2541.355,0.098865
2541.356,0.11427
2541.357,0.116415
2541.358,0.11680499999999999
2541.359,0.10803
2541.36,0.100815
2541.361,0.091455
2541.362,0.08326499999999999
2541.363,0.06493499999999999
2541.364,0.057135
2541.365,0.038415
2541.366,0.013455
2541.367,0.008385
2541.368,0.016575
2541.369,0.022815
2541.37,0.04134
2541.371,0.074295
2541.372,0.10178999999999999
2541.373,0.10296
2541.374,0.10686
2541.375,0.10803
2541.376,0.09477
2541.377,0.090285
2541.378,0.08151
2541.379,0.07059
2541.38,0.060254999999999996
2541.381,0.04329
2541.382,0.021255
2541.383,0.004095
2541.384,0.00351
2541.385,0.012675
2541.386,0.02886
2541.387,0.04563
2541.388,0.07254
2541.389,0.09555
2541.39,0.10296
2541.391,0.103935
2541.392,0.10062
2541.393,0.084045
2541.394,0.08307
2541.395,0.066495
2541.396,0.062595
2541.397,0.05148
2541.398,0.04251
2541.399,0.010335
2541.4,0.00195
2541.401,0.00624
2541.402,0.014235
2541.403,0.033735
2541.404,0.055575
2541.405,0.08502
2541.406,0.095355
2541.407,0.1014
2541.408,0.10178999999999999
2541.409,0.1014
2541.41,0.09126
2541.411,0.078195
2541.412,0.072735
2541.413,0.0624
2541.414,0.052455
2541.415,0.033735
2541.416,0.01287
2541.417,0.013455
2541.418,0.0156
2541.419,0.02886
2541.42,0.043095
2541.421,0.07585499999999999
2541.422,0.096135
2541.423,0.10198499999999999
2541.424,0.10803
2541.425,0.108615
2541.426,0.101595
2541.427,0.096135
2541.428,0.091455
2541.429,0.07839
2541.43,0.066495
2541.431,0.054599999999999996
2541.432,0.035295
2541.433,0.018135
2541.434,0.01638
2541.435,0.025155
2541.436,0.041729999999999996
2541.437,0.058304999999999996
2541.438,0.091455
2541.439,0.11232
2541.44,0.12285
2541.441,0.12012
2541.442,0.11680499999999999
2541.443,0.111345
2541.444,0.10608
2541.445,0.095355
2541.446,0.08541
2541.447,0.069615
2541.448,0.06435
2541.449,0.041535
2541.45,0.02847
2541.451,0.034125
2541.452,0.041535
2541.453,0.05382
2541.454,0.082095
2541.455,0.110175
2541.456,0.12519
2541.457,0.12519
2541.458,0.13182
2541.459,0.127335
2541.46,0.12558
2541.461,0.10803
2541.462,0.10608
2541.463,0.08326499999999999
2541.464,0.081315
2541.465,0.061425
2541.466,0.035295
2541.467,0.04056
2541.468,0.04992
2541.469,0.054015
2541.47,0.07059
2541.471,0.104325
2541.472,0.12909
2541.473,0.13299
2541.474,0.12909
2541.475,0.13299
2541.476,0.12636
2541.477,0.12031499999999999
2541.478,0.110175
2541.479,0.10023
2541.48,0.089115
2541.481,0.077025
2541.482,0.057135
2541.483,0.03939
2541.484,0.04095
2541.485,0.047775
2541.486,0.06435
2541.487,0.086775
2541.488,0.12031499999999999
2541.489,0.138255
2541.49,0.14781
2541.491,0.143325
2541.492,0.141765
2541.493,0.136695
2541.494,0.128895
2541.495,0.11660999999999999
2541.496,0.101595
2541.497,0.09086999999999999
2541.498,0.09067499999999999
2541.499,0.058304999999999996
2541.5,0.052455
2541.501,0.05343
2541.502,0.06981
2541.503,0.08326499999999999
2541.504,0.10998
2541.505,0.141375
2541.506,0.15288
2541.507,0.153855
2541.508,0.15756
2541.509,0.15170999999999998
2541.51,0.147615
2541.511,0.135525
2541.512,0.128505
2541.513,0.11271
2541.514,0.10803
2541.515,0.08892
2541.516,0.07059
2541.517,0.05811
2541.518,0.06747
2541.519,0.08326499999999999
2541.52,0.09594
2541.521,0.13182
2541.522,0.158535
2541.523,0.15795
2541.524,0.167895
2541.525,0.16731
2541.526,0.156975
2541.527,0.15132
2541.528,0.141765
2541.529,0.13104
2541.53,0.12031499999999999
2541.531,0.11232
2541.532,0.09126
2541.533,0.072735
2541.534,0.073905
2541.535,0.08307
2541.536,0.09516
2541.537,0.12050999999999999
2541.538,0.148005
2541.539,0.17043
2541.54,0.178815
2541.541,0.17355
2541.542,0.17413499999999998
2541.543,0.163995
2541.544,0.158535
2541.545,0.147615
2541.546,0.135135
2541.547,0.128895
2541.548,0.12050999999999999
2541.549,0.089505
2541.55,0.07839
2541.551,0.08326499999999999
2541.552,0.10062
2541.553,0.110565
2541.554,0.14235
2541.555,0.16672499999999998
2541.556,0.182715
2541.557,0.186615
2541.558,0.183495
2541.559,0.185055
2541.56,0.171015
2541.561,0.16419
2541.562,0.160095
2541.563,0.141765
2541.564,0.139035
2541.565,0.11427
2541.566,0.09555
2541.567,0.093015
2541.568,0.0975
2541.569,0.11388
2541.57,0.13299
2541.571,0.16302
2541.572,0.185055
2541.573,0.191295
2541.574,0.19734
2541.575,0.197535
2541.576,0.190515
2541.577,0.182715
2541.578,0.179205
2541.579,0.162435
2541.58,0.153075
2541.581,0.14118
2541.582,0.12129
2541.583,0.10374
2541.584,0.100815
2541.585,0.10998
2541.586,0.12558
2541.587,0.14235
2541.588,0.172575
2541.589,0.20377499999999998
2541.59,0.208455
2541.591,0.20377499999999998
2541.592,0.20748
2541.593,0.193245
2541.594,0.19032
2541.595,0.18096
2541.596,0.166335
2541.597,0.158535
2541.598,0.145275
2541.599,0.12558
2541.6,0.10686
2541.601,0.10803
2541.602,0.119535
2541.603,0.136305
2541.604,0.166335
2541.605,0.19851
2541.606,0.208065
2541.607,0.21216
2541.608,0.21606
2541.609,0.20377499999999998
2541.61,0.20046
2541.611,0.18875999999999998
2541.612,0.17862
2541.613,0.172575
2541.614,0.16652999999999998
2541.615,0.14118
2541.616,0.12031499999999999
2541.617,0.11680499999999999
2541.618,0.132015
2541.619,0.139035
2541.62,0.151515
2541.621,0.18525
2541.622,0.21645
2541.623,0.220545
2541.624,0.222495
2541.625,0.214695
2541.626,0.20943
2541.627,0.206115
2541.628,0.197535
2541.629,0.181155
2541.63,0.17043
2541.631,0.16263
2541.632,0.136695
2541.633,0.12363
2541.634,0.123045
2541.635,0.132795
2541.636,0.141375
2541.637,0.165555
2541.638,0.19773
2541.639,0.21567
2541.64,0.22269
2541.641,0.217815
2541.642,0.216255
2541.643,0.197535
2541.644,0.201435
2541.645,0.191295
2541.646,0.17628
2541.647,0.16731
2541.648,0.15931499999999998
2541.649,0.13182
2541.65,0.116415
2541.651,0.122655
2541.652,0.135135
2541.653,0.15015
2541.654,0.172575
2541.655,0.20435999999999999
2541.656,0.213135
2541.657,0.22035
2541.658,0.224835
2541.659,0.20787
2541.66,0.20592
2541.661,0.199875
2541.662,0.18173999999999998
2541.663,0.169455
2541.664,0.16536
2541.665,0.147615
2541.666,0.12558
2541.667,0.121485
2541.668,0.13143
2541.669,0.141375
2541.67,0.15054
2541.671,0.191295
2541.672,0.217815
2541.673,0.222495
2541.674,0.22619999999999998
2541.675,0.22971
2541.676,0.213915
2541.677,0.206895
2541.678,0.19851
2541.679,0.183495
2541.68,0.16965
2541.681,0.16419
2541.682,0.139425
2541.683,0.126555
2541.684,0.129285
2541.685,0.13923
2541.686,0.151515
2541.687,0.173745
2541.688,0.195975
2541.689,0.220545
2541.69,0.23127
2541.691,0.228735
2541.692,0.222495
2541.693,0.21528
2541.694,0.206115
2541.695,0.19539
2541.696,0.17667
2541.697,0.172575
2541.698,0.16107
2541.699,0.139425
2541.7,0.128895
2541.701,0.12967499999999998
2541.702,0.14547
2541.703,0.16107
2541.704,0.18895499999999998
2541.705,0.213135
2541.706,0.228735
2541.707,0.23166
2541.708,0.231465
2541.709,0.227955
2541.71,0.216645
2541.711,0.20787
2541.712,0.195975
2541.713,0.181155
2541.714,0.17784
2541.715,0.15639
2541.716,0.13923
2541.717,0.133965
2541.718,0.14118
2541.719,0.149565
2541.72,0.16731
2541.721,0.20202
2541.722,0.22464
2541.723,0.235365
2541.724,0.234975
2541.725,0.231855
2541.726,0.220155
2541.727,0.21118499999999998
2541.728,0.208065
2541.729,0.195
2541.73,0.17979
2541.731,0.170625
2541.732,0.145275
2541.733,0.12986999999999999
2541.734,0.13143
2541.735,0.14235
2541.736,0.15678
2541.737,0.18291
2541.738,0.210015
2541.739,0.22464
2541.74,0.23127
2541.741,0.23244
2541.742,0.230295
2541.743,0.22035
2541.744,0.21411
2541.745,0.208455
2541.746,0.1911
2541.747,0.183495
2541.748,0.166335
2541.749,0.14742
2541.75,0.13299
2541.751,0.14235
2541.752,0.15327
2541.753,0.16652999999999998
2541.754,0.19149
2541.755,0.21820499999999998
2541.756,0.23283
2541.757,0.232635
2541.758,0.23868
2541.759,0.23244
2541.76,0.21996
2541.761,0.212355
2541.762,0.198705
2541.763,0.186615
2541.764,0.18096
2541.765,0.160095
2541.766,0.13923
2541.767,0.13182
2541.768,0.14429999999999998
2541.769,0.15054
2541.77,0.166335
2541.771,0.198705
2541.772,0.22503
2541.773,0.22619999999999998
2541.774,0.227175
2541.775,0.22658999999999999
2541.776,0.22035
2541.777,0.21079499999999998
2541.778,0.20377499999999998
2541.779,0.19227
2541.78,0.17823
2541.781,0.16652999999999998
2541.782,0.14781
2541.783,0.13299
2541.784,0.131235
2541.785,0.141375
2541.786,0.156975
2541.787,0.178815
2541.788,0.20475
2541.789,0.22854
2541.79,0.22971
2541.791,0.231855
2541.792,0.22542
2541.793,0.21294
2541.794,0.206115
2541.795,0.20046
2541.796,0.1911
2541.797,0.17823
2541.798,0.17004
2541.799,0.13923
2541.8,0.13299
2541.801,0.128895
2541.802,0.145665
2541.803,0.15795
2541.804,0.19071
2541.805,0.216255
2541.806,0.23283
2541.807,0.23283
2541.808,0.227175
2541.809,0.22542
2541.81,0.216255
2541.811,0.21645
2541.812,0.20377499999999998
2541.813,0.19422
2541.814,0.18875999999999998
2541.815,0.16536
2541.816,0.15132
2541.817,0.141375
2541.818,0.15483
2541.819,0.166335
2541.82,0.18252
2541.821,0.214305
2541.822,0.238095
2541.823,0.24531
2541.824,0.2496
2541.825,0.24492
2541.826,0.232635
2541.827,0.22776
2541.828,0.217425
2541.829,0.207675
2541.83,0.197535
2541.831,0.18173999999999998
2541.832,0.167895
2541.833,0.146055
2541.834,0.146055
2541.835,0.16107
2541.836,0.16575
2541.837,0.192855
2541.838,0.22542
2541.839,0.243165
2541.84,0.245895
2541.841,0.24531
2541.842,0.23907
2541.843,0.234975
2541.844,0.22619999999999998
2541.845,0.221325
2541.846,0.195
2541.847,0.19539
2541.848,0.178815
2541.849,0.153855
2541.85,0.14118
2541.851,0.15229499999999999
2541.852,0.157755
2541.853,0.168285
2541.854,0.20163
2541.855,0.23166
2541.856,0.238875
2541.857,0.23907
2541.858,0.24121499999999998
2541.859,0.236535
2541.86,0.22854
2541.861,0.21801
2541.862,0.20435999999999999
2541.863,0.19422
2541.864,0.185055
2541.865,0.16302
2541.866,0.139425
2541.867,0.132405
2541.868,0.14449499999999998
2541.869,0.15795
2541.87,0.17413499999999998
2541.871,0.206895
2541.872,0.23321999999999998
2541.873,0.23244
2541.874,0.235365
2541.875,0.23088
2541.876,0.22035
2541.877,0.21645
2541.878,0.20826
2541.879,0.20007
2541.88,0.183495
2541.881,0.172575
2541.882,0.154245
2541.883,0.139035
2541.884,0.13923
2541.885,0.147615
2541.886,0.16224
2541.887,0.18291
2541.888,0.21294
2541.889,0.23244
2541.89,0.23283
2541.891,0.23517
2541.892,0.227175
2541.893,0.222495
2541.894,0.216255
2541.895,0.21216
2541.896,0.191295
2541.897,0.18252
2541.898,0.172575
2541.899,0.14547
2541.9,0.136695
2541.901,0.142935
2541.902,0.148005
2541.903,0.16536
2541.904,0.192855
2541.905,0.21820499999999998
2541.906,0.234195
2541.907,0.24121499999999998
2541.908,0.23907
2541.909,0.234975
2541.91,0.22854
2541.911,0.21372
2541.912,0.206115
2541.913,0.19773
2541.914,0.185445
2541.915,0.16419
2541.916,0.142935
2541.917,0.13688999999999998
2541.918,0.14547
2541.919,0.162435
2541.92,0.174915
2541.921,0.21255
2541.922,0.234975
2541.923,0.24101999999999998
2541.924,0.23907
2541.925,0.236535
2541.926,0.228735
2541.927,0.22464
2541.928,0.210015
2541.929,0.20046
2541.93,0.183885
2541.931,0.172965
2541.932,0.15288
2541.933,0.141375
2541.934,0.145275
2541.935,0.149175
2541.936,0.16419
2541.937,0.191295
2541.938,0.212355
2541.939,0.23283
2541.94,0.24062999999999998
2541.941,0.24121499999999998
2541.942,0.23360999999999998
2541.943,0.23088
2541.944,0.220155
2541.945,0.21294
2541.946,0.19539
2541.947,0.186225
2541.948,0.172185
2541.949,0.147615
2541.95,0.133185
2541.951,0.141375
2541.952,0.158535
2541.953,0.171015
2541.954,0.20163
2541.955,0.22658999999999999
2541.956,0.24101999999999998
2541.957,0.23517
2541.958,0.23907
2541.959,0.234975
2541.96,0.22658999999999999
2541.961,0.220155
2541.962,0.2067
2541.963,0.2028
2541.964,0.186615
2541.965,0.16575
2541.966,0.14742
2541.967,0.142935
2541.968,0.15639
2541.969,0.16419
2541.97,0.18291
2541.971,0.217815
2541.972,0.24043499999999998
2541.973,0.244335
2541.974,0.245895
2541.975,0.24531
2541.976,0.236535
2541.977,0.22815
2541.978,0.22503
2541.979,0.21567
2541.98,0.19695
2541.981,0.19149
2541.982,0.16711499999999999
2541.983,0.14859
2541.984,0.154635
2541.985,0.160095
2541.986,0.17862
2541.987,0.20631
2541.988,0.22815
2541.989,0.24375
2541.99,0.247455
2541.991,0.25038
2541.992,0.2496
2541.993,0.23341499999999998
2541.994,0.227175
2541.995,0.21996
2541.996,0.20377499999999998
2541.997,0.192855
2541.998,0.18291
2541.999,0.158925
2542.0,0.14859
2542.001,0.151515
2542.002,0.165555
2542.003,0.179205
2542.004,0.213135
2542.005,0.24062999999999998
2542.006,0.24531
2542.007,0.246285
2542.008,0.246285
2542.009,0.238095
2542.01,0.23244
2542.011,0.2223
2542.012,0.21528
2542.013,0.20163
2542.014,0.18914999999999998
2542.015,0.171405
2542.016,0.148785
2542.017,0.150735
2542.018,0.160095
2542.019,0.166335
2542.02,0.18173999999999998
2542.021,0.222495
2542.022,0.238095
2542.023,0.24784499999999998
2542.024,0.24219
2542.025,0.2496
2542.026,0.238095
2542.027,0.23283
2542.028,0.217815
2542.029,0.20377499999999998
2542.03,0.19539
2542.031,0.18564
2542.032,0.16263
2542.033,0.146055
2542.034,0.147615
2542.035,0.158145
2542.036,0.17452499999999999
2542.037,0.19539
2542.038,0.21957
2542.039,0.241605
2542.04,0.24531
2542.041,0.24414
2542.042,0.24024
2542.043,0.23166
2542.044,0.22503
2542.045,0.216645
2542.046,0.197535
2542.047,0.18895499999999998
2542.048,0.17979
2542.049,0.153855
2542.05,0.142545
2542.051,0.14781
2542.052,0.15756
2542.053,0.17432999999999998
2542.054,0.20319
2542.055,0.228735
2542.056,0.24101999999999998
2542.057,0.24492
2542.058,0.24121499999999998
2542.059,0.234975
2542.06,0.22776
2542.061,0.21645
2542.062,0.204945
2542.063,0.192465
2542.064,0.18603
2542.065,0.16419
2542.066,0.143325
2542.067,0.143325
2542.068,0.14547
2542.069,0.15795
2542.07,0.17199
2542.071,0.20826
2542.072,0.23341499999999998
2542.073,0.24101999999999998
2542.074,0.24121499999999998
2542.075,0.23907
2542.076,0.228735
2542.077,0.22464
2542.078,0.208455
2542.079,0.19539
2542.08,0.18603
2542.081,0.17355
2542.082,0.148785
2542.083,0.133965
2542.084,0.13611
2542.085,0.136305
2542.086,0.151515
2542.087,0.17862
2542.088,0.208455
2542.089,0.22619999999999998
2542.09,0.22854
2542.091,0.22639499999999999
2542.092,0.226785
2542.093,0.209235
2542.094,0.20748
2542.095,0.19305
2542.096,0.178815
2542.097,0.166335
2542.098,0.153855
2542.099,0.13299
2542.1,0.117975
2542.101,0.125775
2542.102,0.136695
2542.103,0.153855
2542.104,0.18252
2542.105,0.204555
2542.106,0.22464
2542.107,0.216645
2542.108,0.22580999999999998
2542.109,0.210015
2542.11,0.20748
2542.111,0.19675499999999999
2542.112,0.18096
2542.113,0.167895
2542.114,0.15795
2542.115,0.136305
2542.116,0.116415
2542.117,0.11329499999999999
2542.118,0.122655
2542.119,0.132015
2542.12,0.14859
2542.121,0.185835
2542.122,0.210015
2542.123,0.21411
2542.124,0.208845
2542.125,0.216255
2542.126,0.20163
2542.127,0.197925
2542.128,0.188175
2542.129,0.17413499999999998
2542.13,0.16731
2542.131,0.15170999999999998
2542.132,0.133965
2542.133,0.114855
2542.134,0.122655
2542.135,0.130065
2542.136,0.14157
2542.137,0.167895
2542.138,0.195975
2542.139,0.213135
2542.14,0.220935
2542.141,0.216255
2542.142,0.21411
2542.143,0.206895
2542.144,0.197925
2542.145,0.191295
2542.146,0.173745
2542.147,0.16419
2542.148,0.15209999999999999
2542.149,0.132795
2542.15,0.12519
2542.151,0.124995
2542.152,0.13884
2542.153,0.15229499999999999
2542.154,0.17628
2542.155,0.2067
2542.156,0.216255
2542.157,0.21859499999999998
2542.158,0.21859499999999998
2542.159,0.213915
2542.16,0.20163
2542.161,0.200655
2542.162,0.18134999999999998
2542.163,0.171015
2542.164,0.16536
2542.165,0.146055
2542.166,0.125775
2542.167,0.117195
2542.168,0.1326
2542.169,0.138255
2542.17,0.15170999999999998
2542.171,0.19305
2542.172,0.21411
2542.173,0.216255
2542.174,0.21723
2542.175,0.220155
2542.176,0.210015
2542.177,0.199875
2542.178,0.195975
2542.179,0.17823
2542.18,0.168285
2542.181,0.164775
2542.182,0.136695
2542.183,0.122655
2542.184,0.125775
2542.185,0.13182
2542.186,0.142545
2542.187,0.176475
2542.188,0.202215
2542.189,0.21723
2542.19,0.220935
2542.191,0.21762
2542.192,0.22035
2542.193,0.211965
2542.194,0.20592
2542.195,0.192855
2542.196,0.180375
2542.197,0.171015
2542.198,0.15170999999999998
2542.199,0.13455
2542.2,0.12831
2542.201,0.132015
2542.202,0.143325
2542.203,0.160095
2542.204,0.185835
2542.205,0.210405
2542.206,0.22347
2542.207,0.22191
2542.208,0.22639499999999999
2542.209,0.21567
2542.21,0.213915
2542.211,0.20163
2542.212,0.187785
2542.213,0.17628
2542.214,0.17199
2542.215,0.149175
2542.216,0.128895
2542.217,0.12636
2542.218,0.136695
2542.219,0.14547
2542.22,0.162435
2542.221,0.197535
2542.222,0.22347
2542.223,0.22619999999999998
2542.224,0.227565
2542.225,0.22619999999999998
2542.226,0.216255
2542.227,0.210015
2542.228,0.20163
2542.229,0.185445
2542.23,0.17667
2542.231,0.163995
2542.232,0.13884
2542.233,0.12050999999999999
2542.234,0.12831
2542.235,0.136695
2542.236,0.15795
2542.237,0.17628
2542.238,0.212355
2542.239,0.220935
2542.24,0.22893
2542.241,0.22658999999999999
2542.242,0.22619999999999998
2542.243,0.210405
2542.244,0.20826
2542.245,0.191295
2542.246,0.1794
2542.247,0.16672499999999998
2542.248,0.15190499999999998
2542.249,0.126555
2542.25,0.12012
2542.251,0.12675
2542.252,0.14118
2542.253,0.15405
2542.254,0.183495
2542.255,0.205335
2542.256,0.22035
2542.257,0.215475
2542.258,0.21216
2542.259,0.21411
2542.26,0.20124
2542.261,0.191295
2542.262,0.17628
2542.263,0.163995
2542.264,0.15229499999999999
2542.265,0.132795
2542.266,0.11427
2542.267,0.10803
2542.268,0.11680499999999999
2542.269,0.13299
2542.27,0.147615
2542.271,0.183105
2542.272,0.207675
2542.273,0.21528
2542.274,0.21098999999999998
2542.275,0.2067
2542.276,0.200655
2542.277,0.195195
2542.278,0.18173999999999998
2542.279,0.166335
2542.28,0.163215
2542.281,0.14898
2542.282,0.125775
2542.283,0.11309999999999999
2542.284,0.11329499999999999
2542.285,0.116415
2542.286,0.135135
2542.287,0.16302
2542.288,0.186615
2542.289,0.200655
2542.29,0.21021
2542.291,0.210015
2542.292,0.207675
2542.293,0.195
2542.294,0.19149
2542.295,0.18603
2542.296,0.16575
2542.297,0.16419
2542.298,0.14157
2542.299,0.126555
2542.3,0.117585
2542.301,0.122655
2542.302,0.14079
2542.303,0.156
2542.304,0.1833
2542.305,0.21021
2542.306,0.21606
2542.307,0.22561499999999998
2542.308,0.22561499999999998
2542.309,0.22639499999999999
2542.31,0.21528
2542.311,0.202995
2542.312,0.191295
2542.313,0.18173999999999998
2542.314,0.17823
2542.315,0.153855
2542.316,0.13572
2542.317,0.12675
2542.318,0.13611
2542.319,0.150735
2542.32,0.17043
2542.321,0.207675
2542.322,0.22815
2542.323,0.23439
2542.324,0.23127
2542.325,0.22815
2542.326,0.222495
2542.327,0.21723
2542.328,0.20943
2542.329,0.195
2542.33,0.18525
2542.331,0.178815
2542.332,0.14859
2542.333,0.14079
2542.334,0.141375
2542.335,0.156975
2542.336,0.160485
2542.337,0.19227
2542.338,0.216255
2542.339,0.232635
2542.34,0.236535
2542.341,0.236535
2542.342,0.23244
2542.343,0.22854
2542.344,0.21645
2542.345,0.206895
2542.346,0.1911
2542.347,0.184275
2542.348,0.16107
2542.349,0.13611
2542.35,0.128115
2542.351,0.14547
2542.352,0.153855
2542.353,0.16458
2542.354,0.197535
2542.355,0.21917999999999999
2542.356,0.22619999999999998
2542.357,0.222495
2542.358,0.228735
2542.359,0.220935
2542.36,0.210015
2542.361,0.20377499999999998
2542.362,0.186615
2542.363,0.171015
2542.364,0.166335
2542.365,0.146445
2542.366,0.1248
2542.367,0.12031499999999999
2542.368,0.12831
2542.369,0.14625
2542.37,0.156975
2542.371,0.191295
2542.372,0.210015
2542.373,0.220935
2542.374,0.21878999999999998
2542.375,0.217815
2542.376,0.207675
2542.377,0.197535
2542.378,0.191295
2542.379,0.176085
2542.38,0.16419
2542.381,0.158145
2542.382,0.13455
2542.383,0.118365
2542.384,0.122655
2542.385,0.133185
2542.386,0.14508
2542.387,0.173745
2542.388,0.20435999999999999
2542.389,0.215475
2542.39,0.220155
2542.391,0.21917999999999999
2542.392,0.21411
2542.393,0.20592
2542.394,0.19539
2542.395,0.191295
2542.396,0.176475
2542.397,0.167895
2542.398,0.14742
2542.399,0.126555
2542.4,0.12519
2542.401,0.12986999999999999
2542.402,0.140595
2542.403,0.15834
2542.404,0.192465
2542.405,0.21859499999999998
2542.406,0.22347
2542.407,0.22815
2542.408,0.22776
2542.409,0.221325
2542.41,0.217815
2542.411,0.210015
2542.412,0.20007
2542.413,0.185445
2542.414,0.178815
2542.415,0.152685
2542.416,0.135135
2542.417,0.135915
2542.418,0.142935
2542.419,0.156
2542.42,0.17082
2542.421,0.201825
2542.422,0.232635
2542.423,0.234975
2542.424,0.231855
2542.425,0.23283
2542.426,0.22561499999999998
2542.427,0.21839999999999998
2542.428,0.21216
2542.429,0.19734
2542.43,0.18603
2542.431,0.178035
2542.432,0.14781
2542.433,0.13299
2542.434,0.13299
2542.435,0.146055
2542.436,0.15483
2542.437,0.186615
2542.438,0.21723
2542.439,0.22971
2542.44,0.24219
2542.441,0.23595
2542.442,0.231075
2542.443,0.22464
2542.444,0.213135
2542.445,0.20631
2542.446,0.182715
2542.447,0.17667
2542.448,0.15366
2542.449,0.14196
2542.45,0.131235
2542.451,0.141375
2542.452,0.14547
2542.453,0.160485
2542.454,0.19734
2542.455,0.217815
2542.456,0.231855
2542.457,0.227955
2542.458,0.228735
2542.459,0.22035
2542.46,0.210015
2542.461,0.20377499999999998
2542.462,0.189735
2542.463,0.18134999999999998
2542.464,0.166335
2542.465,0.150735
2542.466,0.133575
2542.467,0.12636
2542.468,0.136695
2542.469,0.15132
2542.47,0.16711499999999999
2542.471,0.202995
2542.472,0.222495
2542.473,0.228735
2542.474,0.22639499999999999
2542.475,0.22464
2542.476,0.21411
2542.477,0.206895
2542.478,0.19539
2542.479,0.179595
2542.48,0.16731
2542.481,0.161265
2542.482,0.133965
2542.483,0.12050999999999999
2542.484,0.12792
2542.485,0.133965
2542.486,0.145275
2542.487,0.176475
2542.488,0.20007
2542.489,0.21372
2542.49,0.22035
2542.491,0.220545
2542.492,0.216255
2542.493,0.20787
2542.494,0.193245
2542.495,0.191295
2542.496,0.171015
2542.497,0.16263
2542.498,0.14235
2542.499,0.12636
2542.5,0.116415
2542.501,0.128115
2542.502,0.13377
2542.503,0.15288
2542.504,0.185055
2542.505,0.210015
2542.506,0.216255
2542.507,0.21820499999999998
2542.508,0.21645
2542.509,0.2067
2542.51,0.197535
2542.511,0.19227
2542.512,0.182715
2542.513,0.171405
2542.514,0.16029
2542.515,0.142935
2542.516,0.12558
2542.517,0.11622
2542.518,0.12909
2542.519,0.14547
2542.52,0.162435
2542.521,0.195975
2542.522,0.216255
2542.523,0.22639499999999999
2542.524,0.22035
2542.525,0.21372
2542.526,0.20787
2542.527,0.195975
2542.528,0.186615
2542.529,0.170235
2542.53,0.16224
2542.531,0.15170999999999998
2542.532,0.122655
2542.533,0.11271
2542.534,0.12012
2542.535,0.125775
2542.536,0.14079
2542.537,0.17199
2542.538,0.195975
2542.539,0.206115
2542.54,0.20787
2542.541,0.206895
2542.542,0.20377499999999998
2542.543,0.197535
2542.544,0.191295
2542.545,0.185445
2542.546,0.165945
2542.547,0.14859
2542.548,0.139035
2542.549,0.11622
2542.55,0.10198499999999999
2542.551,0.11329499999999999
2542.552,0.12519
2542.553,0.13299
2542.554,0.166335
2542.555,0.19383
2542.556,0.197535
2542.557,0.20046
2542.558,0.20357999999999998
2542.559,0.19539
2542.56,0.185055
2542.561,0.179595
2542.562,0.16263
2542.563,0.147615
2542.564,0.135525
2542.565,0.11739
2542.566,0.10062
2542.567,0.097695
2542.568,0.10608
2542.569,0.122655
2542.57,0.135915
2542.571,0.171015
2542.572,0.192465
2542.573,0.195195
2542.574,0.19851
2542.575,0.201045
2542.576,0.18525
2542.577,0.179205
2542.578,0.16672499999999998
2542.579,0.15170999999999998
2542.58,0.14391
2542.581,0.133575
2542.582,0.107055
2542.583,0.097695
2542.584,0.10178999999999999
2542.585,0.11271
2542.586,0.12636
2542.587,0.15170999999999998
2542.588,0.18603
2542.589,0.197535
2542.59,0.20124
2542.591,0.200655
2542.592,0.195195
2542.593,0.18875999999999998
2542.594,0.18914999999999998
2542.595,0.17628
2542.596,0.158145
2542.597,0.15639
2542.598,0.13182
2542.599,0.11427
2542.6,0.10491
2542.601,0.114075
2542.602,0.12558
2542.603,0.13299
2542.604,0.17043
2542.605,0.200655
2542.606,0.201435
2542.607,0.20826
2542.608,0.21294
2542.609,0.197535
2542.61,0.197535
2542.611,0.18895499999999998
2542.612,0.171015
2542.613,0.158145
2542.614,0.15795
2542.615,0.13884
2542.616,0.11583
2542.617,0.11309999999999999
2542.618,0.116415
2542.619,0.135915
2542.62,0.15756
2542.621,0.183495
2542.622,0.20748
2542.623,0.216255
2542.624,0.216255
2542.625,0.21098999999999998
2542.626,0.206895
2542.627,0.195975
2542.628,0.18798
2542.629,0.17355
2542.63,0.16107
2542.631,0.156
2542.632,0.125775
2542.633,0.11427
2542.634,0.114855
2542.635,0.12831
2542.636,0.14118
2542.637,0.16419
2542.638,0.19539
2542.639,0.20396999999999998
2542.64,0.206895
2542.641,0.20787
2542.642,0.20007
2542.643,0.19383
2542.644,0.185055
2542.645,0.17862
2542.646,0.158535
2542.647,0.15170999999999998
2542.648,0.132015
2542.649,0.111735
2542.65,0.101595
2542.651,0.10998
2542.652,0.121095
2542.653,0.136695
2542.654,0.170235
2542.655,0.20007
2542.656,0.19578
2542.657,0.195975
2542.658,0.20124
2542.659,0.19149
2542.66,0.18525
2542.661,0.1755
2542.662,0.163215
2542.663,0.15366
2542.664,0.14547
2542.665,0.12050999999999999
2542.666,0.10686
2542.667,0.1014
2542.668,0.110175
2542.669,0.12558
2542.67,0.142545
2542.671,0.168285
2542.672,0.200655
2542.673,0.20163
2542.674,0.200655
2542.675,0.194415
2542.676,0.18875999999999998
2542.677,0.18252
2542.678,0.175695
2542.679,0.16575
2542.68,0.153855
2542.681,0.148395
2542.682,0.11427
2542.683,0.103935
2542.684,0.108225
2542.685,0.11739
2542.686,0.13182
2542.687,0.163995
2542.688,0.19227
2542.689,0.20163
2542.69,0.20592
2542.691,0.20631
2542.692,0.20163
2542.693,0.20007
2542.694,0.192855
2542.695,0.17784
2542.696,0.16575
2542.697,0.15678
2542.698,0.13923
2542.699,0.12012
2542.7,0.10998
2542.701,0.117975
2542.702,0.12792
2542.703,0.14937
2542.704,0.17901
2542.705,0.207675
2542.706,0.210015
2542.707,0.21216
2542.708,0.21606
2542.709,0.20631
2542.71,0.19851
2542.711,0.191685
2542.712,0.17628
2542.713,0.16458
2542.714,0.15366
2542.715,0.133185
2542.716,0.12246
2542.717,0.117975
2542.718,0.12421499999999999
2542.719,0.14079
2542.72,0.158145
2542.721,0.192855
2542.722,0.20396999999999998
2542.723,0.216255
2542.724,0.21411
2542.725,0.20377499999999998
2542.726,0.20592
2542.727,0.18525
2542.728,0.182715
2542.729,0.166335
2542.73,0.158535
2542.731,0.141375
2542.732,0.11680499999999999
2542.733,0.103935
2542.734,0.10803
2542.735,0.117975
2542.736,0.13182
2542.737,0.153855
2542.738,0.182715
2542.739,0.1911
2542.74,0.197535
2542.741,0.20046
2542.742,0.1911
2542.743,0.18173999999999998
2542.744,0.17355
2542.745,0.16302
2542.746,0.14547
2542.747,0.13923
2542.748,0.112515
2542.749,0.09555
2542.75,0.086385
2542.751,0.100815
2542.752,0.10881
2542.753,0.12129
2542.754,0.15639
2542.755,0.18096
2542.756,0.178035
2542.757,0.183495
2542.758,0.18291
2542.759,0.17238
2542.76,0.15950999999999999
2542.761,0.15678
2542.762,0.145275
2542.763,0.12519
2542.764,0.11427
2542.765,0.097695
2542.766,0.078
2542.767,0.078975
2542.768,0.08931
2542.769,0.103935
2542.77,0.11739
2542.771,0.15288
2542.772,0.175695
2542.773,0.17784
2542.774,0.17413499999999998
2542.775,0.172575
2542.776,0.15950999999999999
2542.777,0.15795
2542.778,0.14547
2542.779,0.132015
2542.78,0.12207
2542.781,0.108225
2542.782,0.08268
2542.783,0.06825
2542.784,0.078
2542.785,0.08892
2542.786,0.100815
2542.787,0.122655
2542.788,0.153855
2542.789,0.168675
2542.79,0.172575
2542.791,0.17238
2542.792,0.167505
2542.793,0.158145
2542.794,0.148785
2542.795,0.136695
2542.796,0.12636
2542.797,0.11739
2542.798,0.100815
2542.799,0.078975
2542.8,0.073905
2542.801,0.084045
2542.802,0.093015
2542.803,0.10803
2542.804,0.141375
2542.805,0.163215
2542.806,0.17355
2542.807,0.172575
2542.808,0.171015
2542.809,0.16419
2542.81,0.16029
2542.811,0.14781
2542.812,0.14118
2542.813,0.125775
2542.814,0.116415
2542.815,0.10062
2542.816,0.07878
2542.817,0.08268
2542.818,0.096135
2542.819,0.104715
2542.82,0.124995
2542.821,0.158535
2542.822,0.17043
2542.823,0.17901
2542.824,0.18096
2542.825,0.17413499999999998
2542.826,0.172575
2542.827,0.16029
2542.828,0.15366
2542.829,0.13182
2542.83,0.1209
2542.831,0.119535
2542.832,0.09165
2542.833,0.078975
2542.834,0.08307
2542.835,0.095355
2542.836,0.10608
2542.837,0.13923
2542.838,0.15639
2542.839,0.173745
2542.84,0.1755
2542.841,0.17979
2542.842,0.166335
2542.843,0.16029
2542.844,0.15015
2542.845,0.135525
2542.846,0.12831
2542.847,0.119535
2542.848,0.095745
2542.849,0.078975
2542.85,0.0702
2542.851,0.078975
2542.852,0.091455
2542.853,0.10452
2542.854,0.13416
2542.855,0.16809
2542.856,0.17043
2542.857,0.171015
2542.858,0.170625
2542.859,0.16419
2542.86,0.15795
2542.861,0.14586
2542.862,0.128895
2542.863,0.12050999999999999
2542.864,0.103935
2542.865,0.086775
2542.866,0.068055
2542.867,0.0702
2542.868,0.08112
2542.869,0.091455
2542.87,0.115635
2542.871,0.141375
2542.872,0.16711499999999999
2542.873,0.166335
2542.874,0.16614
2542.875,0.158925
2542.876,0.156195
2542.877,0.15132
2542.878,0.133575
2542.879,0.11973
2542.88,0.10764
2542.881,0.103155
2542.882,0.07683
2542.883,0.06435
2542.884,0.06318
2542.885,0.068055
2542.886,0.08619
2542.887,0.117585
2542.888,0.142545
2542.889,0.15795
2542.89,0.16575
2542.891,0.15678
2542.892,0.154635
2542.893,0.142155
2542.894,0.132795
2542.895,0.119925
2542.896,0.111345
2542.897,0.101595
2542.898,0.091455
2542.899,0.064155
2542.9,0.059865
2542.901,0.06747
2542.902,0.08151
2542.903,0.09516
2542.904,0.13299
2542.905,0.15756
2542.906,0.160095
2542.907,0.16029
2542.908,0.160095
2542.909,0.155415
2542.91,0.15054
2542.911,0.142935
2542.912,0.13143
2542.913,0.117975
2542.914,0.11271
2542.915,0.09086999999999999
2542.916,0.07059
2542.917,0.06844499999999999
2542.918,0.078
2542.919,0.09399
2542.92,0.121095
2542.921,0.14079
2542.922,0.15795
2542.923,0.16497
2542.924,0.166335
2542.925,0.16263
2542.926,0.15444
2542.927,0.14547
2542.928,0.13611
2542.929,0.121095
2542.93,0.108615
2542.931,0.100035
2542.932,0.078
2542.933,0.064545
2542.934,0.066885
2542.935,0.083655
2542.936,0.0975
2542.937,0.12050999999999999
2542.938,0.15366
2542.939,0.1638
2542.94,0.170235
2542.941,0.171015
2542.942,0.16711499999999999
2542.943,0.1599
2542.944,0.14625
2542.945,0.135525
2542.946,0.1326
2542.947,0.12050999999999999
2542.948,0.09867
2542.949,0.083655
2542.95,0.078975
2542.951,0.089115
2542.952,0.09457499999999999
2542.953,0.11544
2542.954,0.145665
2542.955,0.17043
2542.956,0.18252
2542.957,0.17979
2542.958,0.18154499999999998
2542.959,0.17667
2542.96,0.17043
2542.961,0.154245
2542.962,0.14352
2542.963,0.136695
2542.964,0.12792
2542.965,0.103155
2542.966,0.08541
2542.967,0.085215
2542.968,0.09867
2542.969,0.11427
2542.97,0.135525
2542.971,0.163995
2542.972,0.18252
2542.973,0.19071
2542.974,0.185055
2542.975,0.18525
2542.976,0.17901
2542.977,0.171015
2542.978,0.16146
2542.979,0.145665
2542.98,0.135135
2542.981,0.12675
2542.982,0.09555
2542.983,0.091455
2542.984,0.092625
2542.985,0.10549499999999999
2542.986,0.117975
2542.987,0.14547
2542.988,0.17355
2542.989,0.18759
2542.99,0.186225
2542.991,0.18603
2542.992,0.178035
2542.993,0.17043
2542.994,0.17043
2542.995,0.154245
2542.996,0.141375
2542.997,0.13182
2542.998,0.114465
2542.999,0.09555
2543.0,0.088335
2543.001,0.09867
2543.002,0.10374
2543.003,0.12050999999999999
2543.004,0.157755
2543.005,0.183105
2543.006,0.191295
2543.007,0.191295
2543.008,0.19071
2543.009,0.18291
2543.01,0.172575
2543.011,0.16614
2543.012,0.15015
2543.013,0.141375
2543.014,0.131235
2543.015,0.11115
2543.016,0.08716499999999999
2543.017,0.08892
2543.018,0.09516
2543.019,0.118755
2543.02,0.13923
2543.021,0.166335
2543.022,0.18291
2543.023,0.18914999999999998
2543.024,0.19539
2543.025,0.185055
2543.026,0.18252
2543.027,0.17413499999999998
2543.028,0.16652999999999998
2543.029,0.15170999999999998
2543.03,0.14235
2543.031,0.127335
2543.032,0.10296
2543.033,0.093015
2543.034,0.10178999999999999
2543.035,0.108615
2543.036,0.12070499999999999
2543.037,0.15229499999999999
2543.038,0.17862
2543.039,0.19539
2543.04,0.19539
2543.041,0.192465
2543.042,0.18291
2543.043,0.1755
2543.044,0.170625
2543.045,0.157755
2543.046,0.147615
2543.047,0.136695
2543.048,0.11583
2543.049,0.10178999999999999
2543.05,0.09555
2543.051,0.10803
2543.052,0.10881
2543.053,0.1287
2543.054,0.16536
2543.055,0.18954
2543.056,0.19539
2543.057,0.195975
2543.058,0.19539
2543.059,0.19071
2543.06,0.182715
2543.061,0.167505
2543.062,0.16341
2543.063,0.153855
2543.064,0.133185
2543.065,0.11544
2543.066,0.09555
2543.067,0.103155
2543.068,0.11544
2543.069,0.12909
2543.07,0.14508
2543.071,0.17784
2543.072,0.198315
2543.073,0.201825
2543.074,0.20046
2543.075,0.193245
2543.076,0.190515
2543.077,0.18134999999999998
2543.078,0.172575
2543.079,0.15170999999999998
2543.08,0.142545
2543.081,0.135135
2543.082,0.11115
2543.083,0.096525
2543.084,0.10647
2543.085,0.10998
2543.086,0.1326
2543.087,0.153855
2543.088,0.18252
2543.089,0.19422
2543.09,0.19636499999999998
2543.091,0.195195
2543.092,0.188175
2543.093,0.18173999999999998
2543.094,0.17277
2543.095,0.163995
2543.096,0.15170999999999998
2543.097,0.132795
2543.098,0.1248
2543.099,0.093015
2543.1,0.095745
2543.101,0.10296
2543.102,0.10881
2543.103,0.122655
2543.104,0.166335
2543.105,0.182715
2543.106,0.19032
2543.107,0.191295
2543.108,0.20163
2543.109,0.183105
2543.11,0.17862
2543.111,0.17043
2543.112,0.15834
2543.113,0.14508
2543.114,0.131625
2543.115,0.11232
2543.116,0.1014
2543.117,0.097695
2543.118,0.11115
2543.119,0.119535
2543.12,0.15327
2543.121,0.17667
2543.122,0.191295
2543.123,0.200655
2543.124,0.197535
2543.125,0.192465
2543.126,0.18447
2543.127,0.179205
2543.128,0.17004
2543.129,0.153855
2543.13,0.14508
2543.131,0.128115
2543.132,0.10608
2543.133,0.091455
2543.134,0.095355
2543.135,0.10803
2543.136,0.121875
2543.137,0.15366
2543.138,0.178035
2543.139,0.192855
2543.14,0.195
2543.141,0.191295
2543.142,0.18134999999999998
2543.143,0.17667
2543.144,0.166335
2543.145,0.15756
2543.146,0.143325
2543.147,0.142935
2543.148,0.116415
2543.149,0.098865
2543.15,0.091455
2543.151,0.10178999999999999
2543.152,0.11329499999999999
2543.153,0.12558
2543.154,0.157755
2543.155,0.18759
2543.156,0.192855
2543.157,0.1911
2543.158,0.191295
2543.159,0.186615
2543.16,0.171015
2543.161,0.170235
2543.162,0.15639
2543.163,0.146055
2543.164,0.12986999999999999
2543.165,0.107835
2543.166,0.096135
2543.167,0.09711
2543.168,0.108225
2543.169,0.11622
2543.17,0.146055
2543.171,0.168285
2543.172,0.183495
2543.173,0.19149
2543.174,0.19149
2543.175,0.18252
2543.176,0.175695
2543.177,0.16224
2543.178,0.160095
2543.179,0.14429999999999998
2543.18,0.13533
2543.181,0.12246
2543.182,0.09555
2543.183,0.085605
2543.184,0.095355
2543.185,0.108615
2543.186,0.118365
2543.187,0.14547
2543.188,0.178815
2543.189,0.186615
2543.19,0.18642
2543.191,0.18914999999999998
2543.192,0.18173999999999998
2543.193,0.17199
2543.194,0.17238
2543.195,0.142545
2543.196,0.13611
2543.197,0.13182
2543.198,0.11329499999999999
2543.199,0.09243
2543.2,0.08931
2543.201,0.09808499999999999
2543.202,0.106275
2543.203,0.1248
2543.204,0.15639
2543.205,0.178815
2543.206,0.185055
2543.207,0.183495
2543.208,0.185055
2543.209,0.17667
2543.21,0.17043
2543.211,0.157755
2543.212,0.15795
2543.213,0.139035
2543.214,0.12636
2543.215,0.10413
2543.216,0.09067499999999999
2543.217,0.09437999999999999
2543.218,0.10647
2543.219,0.122655
2543.22,0.142935
2543.221,0.17043
2543.222,0.195195
2543.223,0.19968
2543.224,0.19539
2543.225,0.192855
2543.226,0.18369
2543.227,0.170235
2543.228,0.16614
2543.229,0.149175
2543.23,0.139035
2543.231,0.1248
2543.232,0.103935
2543.233,0.09399
2543.234,0.09827999999999999
2543.235,0.108225
2543.236,0.12246
2543.237,0.15366
2543.238,0.18525
2543.239,0.19539
2543.24,0.192465
2543.241,0.195585
2543.242,0.18759
2543.243,0.18134999999999998
2543.244,0.172575
2543.245,0.15795
2543.246,0.15327
2543.247,0.142545
2543.248,0.11739
2543.249,0.10374
2543.25,0.10178999999999999
2543.251,0.114465
2543.252,0.116415
2543.253,0.13708499999999998
2543.254,0.17413499999999998
2543.255,0.2028
2543.256,0.20787
2543.257,0.20319
2543.258,0.201435
2543.259,0.20007
2543.26,0.191685
2543.261,0.175695
2543.262,0.166335
2543.263,0.15678
2543.264,0.147615
2543.265,0.121095
2543.266,0.10608
2543.267,0.10686
2543.268,0.121095
2543.269,0.133575
2543.27,0.153855
2543.271,0.18096
2543.272,0.20377499999999998
2543.273,0.20357999999999998
2543.274,0.20377499999999998
2543.275,0.201435
2543.276,0.19461
2543.277,0.186615
2543.278,0.18096
2543.279,0.1638
2543.28,0.156
2543.281,0.136305
2543.282,0.11934
2543.283,0.104715
2543.284,0.11037
2543.285,0.12031499999999999
2543.286,0.135525
2543.287,0.1638
2543.288,0.1911
2543.289,0.19539
2543.29,0.20377499999999998
2543.291,0.206895
2543.292,0.198315
2543.293,0.192855
2543.294,0.179205
2543.295,0.16536
2543.296,0.157755
2543.297,0.142545
2543.298,0.126555
2543.299,0.109005
2543.3,0.09867
2543.301,0.11309999999999999
2543.302,0.12246
2543.303,0.13884
2543.304,0.17628
2543.305,0.19636499999999998
2543.306,0.20357999999999998
2543.307,0.206895
2543.308,0.199875
2543.309,0.19305
2543.31,0.183105
2543.311,0.172575
2543.312,0.16263
2543.313,0.147615
2543.314,0.13923
2543.315,0.11544
2543.316,0.100035
2543.317,0.10374
2543.318,0.110175
2543.319,0.12363
2543.32,0.14742
2543.321,0.178815
2543.322,0.197535
2543.323,0.19636499999999998
2543.324,0.202995
2543.325,0.19968
2543.326,0.18875999999999998
2543.327,0.18369
2543.328,0.17862
2543.329,0.15795
2543.33,0.153855
2543.331,0.13455
2543.332,0.115635
2543.333,0.107835
2543.334,0.114855
2543.335,0.126945
2543.336,0.140595
2543.337,0.17238
2543.338,0.18934499999999999
2543.339,0.208065
2543.34,0.210015
2543.341,0.208455
2543.342,0.20163
2543.343,0.191295
2543.344,0.183495
2543.345,0.17277
2543.346,0.16614
2543.347,0.153075
2543.348,0.133185
2543.349,0.11583
2543.35,0.10803
2543.351,0.11622
2543.352,0.1326
2543.353,0.145665
2543.354,0.18096
2543.355,0.197535
2543.356,0.21294
2543.357,0.20748
2543.358,0.206895
2543.359,0.19851
2543.36,0.18954
2543.361,0.178035
2543.362,0.170625
2543.363,0.15366
2543.364,0.141375
2543.365,0.11427
2543.366,0.103935
2543.367,0.10647
2543.368,0.11739
2543.369,0.13104
2543.37,0.15834
2543.371,0.18291
2543.372,0.20046
2543.373,0.20787
2543.374,0.20826
2543.375,0.20319
2543.376,0.192855
2543.377,0.18291
2543.378,0.178815
2543.379,0.163995
2543.38,0.14742
2543.381,0.132015
2543.382,0.110175
2543.383,0.103155
2543.384,0.10803
2543.385,0.12050999999999999
2543.386,0.13182
2543.387,0.162435
2543.388,0.191295
2543.389,0.197535
2543.39,0.20163
2543.391,0.20416499999999999
2543.392,0.1989
2543.393,0.187005
2543.394,0.177255
2543.395,0.16419
2543.396,0.15756
2543.397,0.15366
2543.398,0.1287
2543.399,0.10803
2543.4,0.10374
2543.401,0.11309999999999999
2543.402,0.12285
2543.403,0.133185
2543.404,0.172575
2543.405,0.197535
2543.406,0.202995
2543.407,0.206895
2543.408,0.200655
2543.409,0.18934499999999999
2543.41,0.186225
2543.411,0.17355
2543.412,0.160095
2543.413,0.15132
2543.414,0.136305
2543.415,0.11309999999999999
2543.416,0.097695
2543.417,0.0975
2543.418,0.11427
2543.419,0.1248
2543.42,0.15229499999999999
2543.421,0.1755
2543.422,0.19383
2543.423,0.197535
2543.424,0.19539
2543.425,0.19539
2543.426,0.18173999999999998
2543.427,0.17628
2543.428,0.171015
2543.429,0.153855
2543.43,0.14235
2543.431,0.127335
2543.432,0.10803
2543.433,0.09399
2543.434,0.100815
2543.435,0.11232
2543.436,0.12675
2543.437,0.1638
2543.438,0.185055
2543.439,0.195585
2543.44,0.198705
2543.441,0.194415
2543.442,0.1911
2543.443,0.185055
2543.444,0.17413499999999998
2543.445,0.156195
2543.446,0.149175
2543.447,0.136305
2543.448,0.123045
2543.449,0.09633
2543.45,0.1014
2543.451,0.108615
2543.452,0.123045
2543.453,0.14079
2543.454,0.17043
2543.455,0.19227
2543.456,0.20357999999999998
2543.457,0.20007
2543.458,0.191295
2543.459,0.19539
2543.46,0.18291
2543.461,0.170625
2543.462,0.156
2543.463,0.14449499999999998
2543.464,0.133575
2543.465,0.112515
2543.466,0.09243
2543.467,0.09827999999999999
2543.468,0.10335
2543.469,0.12246
2543.47,0.148395
2543.471,0.18252
2543.472,0.192075
2543.473,0.195
2543.474,0.19227
2543.475,0.192075
2543.476,0.177255
2543.477,0.173355
2543.478,0.16731
2543.479,0.150735
2543.48,0.136305
2543.481,0.122655
2543.482,0.095355
2543.483,0.08814
2543.484,0.096525
2543.485,0.10803
2543.486,0.1248
2543.487,0.14976
2543.488,0.172575
2543.489,0.18914999999999998
2543.49,0.18914999999999998
2543.491,0.18895499999999998
2543.492,0.182715
2543.493,0.17413499999999998
2543.494,0.166335
2543.495,0.147615
2543.496,0.142545
2543.497,0.132015
2543.498,0.11583
2543.499,0.09126
2543.5,0.09086999999999999
2543.501,0.0975
2543.502,0.10764
2543.503,0.11680499999999999
2543.504,0.157755
2543.505,0.18173999999999998
2543.506,0.18914999999999998
2543.507,0.18291
2543.508,0.18096
2543.509,0.17667
2543.51,0.168285
2543.511,0.160095
2543.512,0.141765
2543.513,0.132015
2543.514,0.12363
2543.515,0.095745
2543.516,0.082095
2543.517,0.08892
2543.518,0.10296
2543.519,0.11309999999999999
2543.52,0.145665
2543.521,0.16926
2543.522,0.180375
2543.523,0.188175
2543.524,0.19227
2543.525,0.18193499999999999
2543.526,0.1755
2543.527,0.17043
2543.528,0.153855
2543.529,0.14391
2543.53,0.13299
2543.531,0.117585
2543.532,0.09165
2543.533,0.08385
2543.534,0.089895
2543.535,0.10608
2543.536,0.118755
2543.537,0.147615
2543.538,0.18252
2543.539,0.1833
2543.54,0.18408
2543.541,0.18369
2543.542,0.18193499999999999
2543.543,0.170625
2543.544,0.158925
2543.545,0.147615
2543.546,0.135135
2543.547,0.128895
2543.548,0.10958999999999999
2543.549,0.08931
2543.55,0.091455
2543.551,0.10062
2543.552,0.110175
2543.553,0.11778
2543.554,0.160095
2543.555,0.18096
2543.556,0.19149
2543.557,0.188175
2543.558,0.18193499999999999
2543.559,0.17238
2543.56,0.16614
2543.561,0.160485
2543.562,0.146445
2543.563,0.13182
2543.564,0.1326
2543.565,0.100815
2543.566,0.085215
2543.567,0.09067499999999999
2543.568,0.10062
2543.569,0.11427
2543.57,0.140595
2543.571,0.16614
2543.572,0.182715
2543.573,0.187005
2543.574,0.18895499999999998
2543.575,0.18193499999999999
2543.576,0.17238
2543.577,0.166335
2543.578,0.15911999999999998
2543.579,0.142155
2543.58,0.135135
2543.581,0.117195
2543.582,0.097695
2543.583,0.086775
2543.584,0.09126
2543.585,0.100815
2543.586,0.118365
2543.587,0.15288
2543.588,0.17355
2543.589,0.18134999999999998
2543.59,0.185055
2543.591,0.18291
2543.592,0.17901
2543.593,0.1638
2543.594,0.15795
2543.595,0.142545
2543.596,0.131235
2543.597,0.121095
2543.598,0.10198499999999999
2543.599,0.08385
2543.6,0.078975
2543.601,0.09555
2543.602,0.10296
2543.603,0.119535
2543.604,0.148785
2543.605,0.17862
2543.606,0.180375
2543.607,0.18154499999999998
2543.608,0.170625
2543.609,0.16672499999999998
2543.61,0.15795
2543.611,0.146055
2543.612,0.139425
2543.613,0.124995
2543.614,0.116415
2543.615,0.09243
2543.616,0.0702
2543.617,0.078975
2543.618,0.093015
2543.619,0.109005
2543.62,0.131235
2543.621,0.16224
2543.622,0.17413499999999998
2543.623,0.175695
2543.624,0.172965
2543.625,0.16536
2543.626,0.162435
2543.627,0.153855
2543.628,0.146445
2543.629,0.132795
2543.63,0.12070499999999999
2543.631,0.10296
2543.632,0.085215
2543.633,0.073905
2543.634,0.08345999999999999
2543.635,0.088335
2543.636,0.107835
2543.637,0.13884
2543.638,0.16302
2543.639,0.178815
2543.64,0.178815
2543.641,0.172575
2543.642,0.165555
2543.643,0.16614
2543.644,0.145275
2543.645,0.133185
2543.646,0.12831
2543.647,0.11388
2543.648,0.092625
2543.649,0.078195
2543.65,0.068055
2543.651,0.078975
2543.652,0.09457499999999999
2543.653,0.11271
2543.654,0.148395
2543.655,0.170235
2543.656,0.172575
2543.657,0.176475
2543.658,0.17413499999999998
2543.659,0.163995
2543.66,0.156975
2543.661,0.14488499999999999
2543.662,0.132795
2543.663,0.11622
2543.664,0.11427
2543.665,0.089115
2543.666,0.07254
2543.667,0.076635
2543.668,0.08931
2543.669,0.1014
2543.67,0.12986999999999999
2543.671,0.15795
2543.672,0.167895
2543.673,0.172575
2543.674,0.17043
2543.675,0.16926
2543.676,0.162045
2543.677,0.15132
2543.678,0.141375
2543.679,0.12831
2543.68,0.117585
2543.681,0.103935
2543.682,0.085215
2543.683,0.068055
2543.684,0.082095
2543.685,0.09126
2543.686,0.103935
2543.687,0.135135
2543.688,0.16224
2543.689,0.166335
2543.69,0.17004
2543.691,0.169455
2543.692,0.166335
2543.693,0.153855
2543.694,0.138255
2543.695,0.1326
2543.696,0.118365
2543.697,0.10998
2543.698,0.08307
2543.699,0.068055
2543.7,0.063375
2543.701,0.077025
2543.702,0.08931
2543.703,0.10608
2543.704,0.136695
2543.705,0.158145
2543.706,0.16575
2543.707,0.16224
2543.708,0.160875
2543.709,0.153855
2543.71,0.15190499999999998
2543.711,0.13923
2543.712,0.12050999999999999
2543.713,0.11329499999999999
2543.714,0.10374
2543.715,0.07975499999999999
2543.716,0.06318
2543.717,0.06844499999999999
2543.718,0.085215
2543.719,0.093015
2543.72,0.121485
2543.721,0.146055
2543.722,0.163215
2543.723,0.16029
2543.724,0.167505
2543.725,0.160095
2543.726,0.147615
2543.727,0.142545
2543.728,0.128895
2543.729,0.12050999999999999
2543.73,0.11271
2543.731,0.09321
2543.732,0.072735
2543.733,0.0663
2543.734,0.071175
2543.735,0.08229
2543.736,0.09516
2543.737,0.12519
2543.738,0.16302
2543.739,0.15795
2543.74,0.166335
2543.741,0.165555
2543.742,0.158535
2543.743,0.153855
2543.744,0.136695
2543.745,0.12986999999999999
2543.746,0.12050999999999999
2543.747,0.108615
2543.748,0.095355
2543.749,0.07566
2543.75,0.067275
2543.751,0.0819
2543.752,0.09243
2543.753,0.10998
2543.754,0.14742
2543.755,0.16652999999999998
2543.756,0.178815
2543.757,0.167895
2543.758,0.169455
2543.759,0.16263
2543.76,0.151515
2543.761,0.14449499999999998
2543.762,0.1287
2543.763,0.12050999999999999
2543.764,0.11329499999999999
2543.765,0.0819
2543.766,0.071175
2543.767,0.07644
2543.768,0.082095
2543.769,0.10178999999999999
2543.77,0.12831
2543.771,0.15170999999999998
2543.772,0.16691999999999999
2543.773,0.16711499999999999
2543.774,0.17043
2543.775,0.158145
2543.776,0.153855
2543.777,0.146055
2543.778,0.135135
2543.779,0.122655
2543.78,0.103935
2543.781,0.091455
2543.782,0.069615
2543.783,0.058695
2543.784,0.072735
2543.785,0.0819
2543.786,0.096135
2543.787,0.125775
2543.788,0.14742
2543.789,0.151515
2543.79,0.154245
2543.791,0.153855
2543.792,0.149565
2543.793,0.145275
2543.794,0.13708499999999998
2543.795,0.122655
2543.796,0.10803
2543.797,0.10178999999999999
2543.798,0.082095
2543.799,0.061035
2543.8,0.057915
2543.801,0.07059
2543.802,0.08619
2543.803,0.10413
2543.804,0.13455
2543.805,0.15639
2543.806,0.163215
2543.807,0.16107
2543.808,0.15444
2543.809,0.14547
2543.81,0.141375
2543.811,0.13377
2543.812,0.11622
2543.813,0.10764
2543.814,0.100035
2543.815,0.07059
2543.816,0.05694
2543.817,0.0624
2543.818,0.07371
2543.819,0.085215
2543.82,0.108225
2543.821,0.135915
2543.822,0.15366
2543.823,0.153855
2543.824,0.153855
2543.825,0.14547
2543.826,0.14449499999999998
2543.827,0.13299
2543.828,0.12012
2543.829,0.11037
2543.83,0.09711
2543.831,0.078975
2543.832,0.060254999999999996
2543.833,0.047189999999999996
2543.834,0.05889
2543.835,0.06591
2543.836,0.08775
2543.837,0.11739
2543.838,0.146055
2543.839,0.148785
2543.84,0.15366
2543.841,0.15170999999999998
2543.842,0.141375
2543.843,0.140595
2543.844,0.13104
2543.845,0.11427
2543.846,0.100815
2543.847,0.091845
2543.848,0.066105
2543.849,0.05187
2543.85,0.0507
2543.851,0.05811
2543.852,0.070395
2543.853,0.089895
2543.854,0.12636
2543.855,0.142935
2543.856,0.147615
2543.857,0.15229499999999999
2543.858,0.141375
2543.859,0.13611
2543.86,0.127335
2543.861,0.11622
2543.862,0.10647
2543.863,0.091455
2543.864,0.08307
2543.865,0.056549999999999996
2543.866,0.041535
2543.867,0.0507
2543.868,0.068055
2543.869,0.07059
2543.87,0.10178999999999999
2543.871,0.128895
2543.872,0.141375
2543.873,0.14235
2543.874,0.146835
2543.875,0.13767
2543.876,0.128895
2543.877,0.118365
2543.878,0.10939499999999999
2543.879,0.095355
2543.88,0.08619
2543.881,0.06825
2543.882,0.043095
2543.883,0.041535
2543.884,0.05187
2543.885,0.054015
2543.886,0.072735
2543.887,0.103935
2543.888,0.13299
2543.889,0.132795
2543.89,0.139035
2543.891,0.132405
2543.892,0.13143
2543.893,0.12070499999999999
2543.894,0.11115
2543.895,0.095745
2543.896,0.08326499999999999
2543.897,0.07293
2543.898,0.047189999999999996
2543.899,0.039195
2543.9,0.032955
2543.901,0.04992
2543.902,0.056355
2543.903,0.078195
2543.904,0.10998
2543.905,0.13299
2543.906,0.135525
2543.907,0.128895
2543.908,0.13143
2543.909,0.12285
2543.91,0.11583
2543.911,0.103935
2543.912,0.09086999999999999
2543.913,0.0819
2543.914,0.071175
2543.915,0.04329
2543.916,0.03198
2543.917,0.04056
2543.918,0.045434999999999996
2543.919,0.06396
2543.92,0.088335
2543.921,0.11739
2543.922,0.127335
2543.923,0.135135
2543.924,0.13923
2543.925,0.13182
2543.926,0.119535
2543.927,0.108615
2543.928,0.099255
2543.929,0.09048
2543.93,0.07371
2543.931,0.05694
2543.932,0.03627
2543.933,0.029249999999999998
2543.934,0.03471
2543.935,0.050894999999999996
2543.936,0.06045
2543.937,0.09555
2543.938,0.117975
2543.939,0.12986999999999999
2543.94,0.135135
2543.941,0.12519
2543.942,0.12070499999999999
2543.943,0.121875
2543.944,0.103935
2543.945,0.09086999999999999
2543.946,0.078975
2543.947,0.07585499999999999
2543.948,0.046605
2543.949,0.03198
2543.95,0.035295
2543.951,0.04563
2543.952,0.06045
2543.953,0.078975
2543.954,0.111735
2543.955,0.13143
2543.956,0.13884
2543.957,0.135525
2543.958,0.132015
2543.959,0.121095
2543.96,0.116415
2543.961,0.110175
2543.962,0.092625
2543.963,0.082095
2543.964,0.08112
2543.965,0.04758
2543.966,0.039585
2543.967,0.043095
2543.968,0.054015
2543.969,0.073905
2543.97,0.096135
2543.971,0.125775
2543.972,0.13611
2543.973,0.13299
2543.974,0.135915
2543.975,0.135135
2543.976,0.12129
2543.977,0.12031499999999999
2543.978,0.110175
2543.979,0.09555
2543.98,0.085215
2543.981,0.072735
2543.982,0.050894999999999996
2543.983,0.036855
2543.984,0.05148
2543.985,0.05499
2543.986,0.078195
2543.987,0.10958999999999999
2543.988,0.1287
2543.989,0.13708499999999998
2543.99,0.138255
2543.991,0.14079
2543.992,0.132795
2543.993,0.124995
2543.994,0.114465
2543.995,0.100035
2543.996,0.091455
2543.997,0.08326499999999999
2543.998,0.05694
2543.999,0.038415
2544.0,0.040755
2544.001,0.04758
2544.002,0.062595
2544.003,0.082875
2544.004,0.11622
2544.005,0.13299
2544.006,0.13884
2544.007,0.14118
2544.008,0.133575
2544.009,0.11680499999999999
2544.01,0.11329499999999999
2544.011,0.10568999999999999
2544.012,0.09165
2544.013,0.078975
2544.014,0.069615
2544.015,0.03939
2544.016,0.03003
2544.017,0.03627
2544.018,0.042315
2544.019,0.054015
2544.02,0.085605
2544.021,0.11232
2544.022,0.12050999999999999
2544.023,0.118365
2544.024,0.121485
2544.025,0.114855
2544.026,0.10803
2544.027,0.09516
2544.028,0.09126
2544.029,0.07585499999999999
2544.03,0.0663
2544.031,0.04524
2544.032,0.02262
2544.033,0.020475
2544.034,0.03354
2544.035,0.04095
2544.036,0.05967
2544.037,0.091455
2544.038,0.11622
2544.039,0.116415
2544.04,0.116415
2544.041,0.12129
2544.042,0.123045
2544.043,0.10803
2544.044,0.103155
2544.045,0.091455
2544.046,0.0819
2544.047,0.077415
2544.048,0.056355
2544.049,0.03471
2544.05,0.03198
2544.051,0.04095
2544.052,0.055575
2544.053,0.078
2544.054,0.107835
2544.055,0.126555
2544.056,0.13494
2544.057,0.130065
2544.058,0.1287
2544.059,0.11817
2544.06,0.11232
2544.061,0.106275
2544.062,0.09067499999999999
2544.063,0.078975
2544.064,0.073905
2544.065,0.045434999999999996
2544.066,0.02886
2544.067,0.04056
2544.068,0.047775
2544.069,0.061815
2544.07,0.089115
2544.071,0.12246
2544.072,0.13143
2544.073,0.135135
2544.074,0.13884
2544.075,0.12558
2544.076,0.11660999999999999
2544.077,0.106275
2544.078,0.10178999999999999
2544.079,0.085215
2544.08,0.07683
2544.081,0.05889
2544.082,0.038415
2544.083,0.033735
2544.084,0.041535
2544.085,0.046605
2544.086,0.0663
2544.087,0.1014
2544.088,0.122655
2544.089,0.128895
2544.09,0.13611
2544.091,0.13182
2544.092,0.125775
2544.093,0.118365
2544.094,0.10686
2544.095,0.097695
2544.096,0.08892
2544.097,0.07878
2544.098,0.057135
2544.099,0.041535
2544.1,0.038415
2544.101,0.048945
2544.102,0.06318
2544.103,0.083655
2544.104,0.115635
2544.105,0.135135
2544.106,0.139035
2544.107,0.136695
2544.108,0.13708499999999998
2544.109,0.130065
2544.11,0.119535
2544.111,0.11660999999999999
2544.112,0.097695
2544.113,0.086385
2544.114,0.08326499999999999
2544.115,0.05577
2544.116,0.042705
2544.117,0.047775
2544.118,0.059085
2544.119,0.07254
2544.12,0.108225
2544.121,0.128895
2544.122,0.147615
2544.123,0.141375
2544.124,0.145275
2544.125,0.138255
2544.126,0.12986999999999999
2544.127,0.1248
2544.128,0.11388
2544.129,0.09984
2544.13,0.089115
2544.131,0.07234499999999999
2544.132,0.05421
2544.133,0.04329
2544.134,0.054015
2544.135,0.060254999999999996
2544.136,0.07839
2544.137,0.110565
2544.138,0.135135
2544.139,0.146055
2544.14,0.15170999999999998
2544.141,0.147615
2544.142,0.14235
2544.143,0.1326
2544.144,0.12636
2544.145,0.10764
2544.146,0.092625
2544.147,0.086775
2544.148,0.065715
2544.149,0.058695
2544.15,0.06591
2544.151,0.066495
2544.152,0.07878
2544.153,0.097695
2544.154,0.1326
2544.155,0.149175
2544.156,0.156975
2544.157,0.15834
2544.158,0.15170999999999998
2544.159,0.146055
2544.16,0.136695
2544.161,0.12986999999999999
2544.162,0.11388
2544.163,0.10217999999999999
2544.164,0.093015
2544.165,0.070785
2544.166,0.05616
2544.167,0.066495
2544.168,0.078975
2544.169,0.089115
2544.17,0.12070499999999999
2544.171,0.14547
2544.172,0.15678
2544.173,0.160095
2544.174,0.166335
2544.175,0.158535
2544.176,0.153075
2544.177,0.14235
2544.178,0.132795
2544.179,0.12050999999999999
2544.18,0.114075
2544.181,0.09126
2544.182,0.071565
2544.183,0.0663
2544.184,0.078195
2544.185,0.085215
2544.186,0.107835
2544.187,0.13533
2544.188,0.16575
2544.189,0.168675
2544.19,0.175695
2544.191,0.16536
2544.192,0.16419
2544.193,0.147615
2544.194,0.14742
2544.195,0.128895
2544.196,0.116415
2544.197,0.10764
2544.198,0.08541
2544.199,0.068055
2544.2,0.068055
2544.201,0.082875
2544.202,0.092625
2544.203,0.11544
2544.204,0.13923
2544.205,0.15795
2544.206,0.17082
2544.207,0.17043
2544.208,0.1638
2544.209,0.158535
2544.21,0.151515
2544.211,0.14235
2544.212,0.1248
2544.213,0.11622
2544.214,0.10725
2544.215,0.0819
2544.216,0.06981
2544.217,0.07371
2544.218,0.083655
2544.219,0.095355
2544.22,0.12519
2544.221,0.153855
2544.222,0.160095
2544.223,0.167895
2544.224,0.166335
2544.225,0.16263
2544.226,0.15132
2544.227,0.13533
2544.228,0.128895
2544.229,0.116415
2544.23,0.10803
2544.231,0.09437999999999999
2544.232,0.08073
2544.233,0.06844499999999999
2544.234,0.08112
2544.235,0.08619
2544.236,0.10178999999999999
2544.237,0.139035
2544.238,0.158145
2544.239,0.16731
2544.24,0.170625
2544.241,0.16614
2544.242,0.16263
2544.243,0.156975
2544.244,0.141375
2544.245,0.133965
2544.246,0.122655
2544.247,0.110175
2544.248,0.08931
2544.249,0.078975
2544.25,0.07293
2544.251,0.085215
2544.252,0.101595
2544.253,0.1287
2544.254,0.157755
2544.255,0.170625
2544.256,0.17706
2544.257,0.17667
2544.258,0.172965
2544.259,0.170235
2544.26,0.16614
2544.261,0.15950999999999999
2544.262,0.13494
2544.263,0.12792
2544.264,0.11388
2544.265,0.086385
2544.266,0.08326499999999999
2544.267,0.08658
2544.268,0.101595
2544.269,0.110175
2544.27,0.141375
2544.271,0.166335
2544.272,0.178815
2544.273,0.182715
2544.274,0.18369
2544.275,0.17667
2544.276,0.172575
2544.277,0.160095
2544.278,0.14859
2544.279,0.138255
2544.28,0.128115
2544.281,0.11660999999999999
2544.282,0.091455
2544.283,0.08307
2544.284,0.093405
2544.285,0.104325
2544.286,0.121095
2544.287,0.157755
2544.288,0.17862
2544.289,0.18798
2544.29,0.18642
2544.291,0.18525
2544.292,0.18291
2544.293,0.172575
2544.294,0.16536
2544.295,0.15132
2544.296,0.135525
2544.297,0.12831
2544.298,0.10413
2544.299,0.098865
2544.3,0.09243
2544.301,0.10374
2544.302,0.12246
2544.303,0.147615
2544.304,0.169455
2544.305,0.18369
2544.306,0.191295
2544.307,0.190515
2544.308,0.18525
2544.309,0.18895499999999998
2544.31,0.17901
2544.311,0.17199
2544.312,0.148005
2544.313,0.141375
2544.314,0.12792
2544.315,0.10374
2544.316,0.091845
2544.317,0.09789
2544.318,0.11037
2544.319,0.128895
2544.32,0.147615
2544.321,0.183495
2544.322,0.2028
2544.323,0.197535
2544.324,0.198705
2544.325,0.191295
2544.326,0.18525
2544.327,0.17784
2544.328,0.163215
2544.329,0.15170999999999998
2544.33,0.147615
2544.331,0.12636
2544.332,0.106275
2544.333,0.10178999999999999
2544.334,0.11232
2544.335,0.12050999999999999
2544.336,0.13806
2544.337,0.171015
2544.338,0.20124
2544.339,0.20592
2544.34,0.20592
2544.341,0.20416499999999999
2544.342,0.19539
2544.343,0.188175
2544.344,0.18173999999999998
2544.345,0.163995
2544.346,0.158535
2544.347,0.143325
2544.348,0.122655
2544.349,0.10939499999999999
2544.35,0.10764
2544.351,0.117975
2544.352,0.130455
2544.353,0.16263
2544.354,0.190515
2544.355,0.210015
2544.356,0.21294
2544.357,0.208455
2544.358,0.206115
2544.359,0.19968
2544.36,0.190515
2544.361,0.17862
2544.362,0.166335
2544.363,0.14703
2544.364,0.136695
2544.365,0.116415
2544.366,0.10491
2544.367,0.110175
2544.368,0.121095
2544.369,0.1404
2544.37,0.16614
2544.371,0.192855
2544.372,0.20163
2544.373,0.21216
2544.374,0.210015
2544.375,0.197145
2544.376,0.19539
2544.377,0.18291
2544.378,0.17043
2544.379,0.15795
2544.38,0.146055
2544.381,0.1326
2544.382,0.11232
2544.383,0.103935
2544.384,0.11427
2544.385,0.126555
2544.386,0.135525
2544.387,0.177255
2544.388,0.2028
2544.389,0.210015
2544.39,0.208455
2544.391,0.20377499999999998
2544.392,0.192465
2544.393,0.18875999999999998
2544.394,0.18564
2544.395,0.16419
2544.396,0.15950999999999999
2544.397,0.146445
2544.398,0.122655
2544.399,0.108615
2544.4,0.10764
2544.401,0.117975
2544.402,0.13299
2544.403,0.15405
2544.404,0.181155
2544.405,0.195975
2544.406,0.20163
2544.407,0.20319
2544.408,0.19636499999999998
2544.409,0.18914999999999998
2544.41,0.18173999999999998
2544.411,0.17413499999999998
2544.412,0.163995
2544.413,0.15190499999999998
2544.414,0.132015
2544.415,0.10647
2544.416,0.097695
2544.417,0.103155
2544.418,0.114075
2544.419,0.1326
2544.42,0.1638
2544.421,0.19032
2544.422,0.19616999999999998
2544.423,0.195585
2544.424,0.197535
2544.425,0.19539
2544.426,0.18525
2544.427,0.172575
2544.428,0.15717
2544.429,0.154245
2544.43,0.14313
2544.431,0.116415
2544.432,0.09984
2544.433,0.096135
2544.434,0.10296
2544.435,0.11329499999999999
2544.436,0.12986999999999999
2544.437,0.16614
2544.438,0.18914999999999998
2544.439,0.198705
2544.44,0.199875
2544.441,0.197535
2544.442,0.19032
2544.443,0.18173999999999998
2544.444,0.17355
2544.445,0.15795
2544.446,0.142935
2544.447,0.13708499999999998
2544.448,0.114465
2544.449,0.107835
2544.45,0.10647
2544.451,0.114075
2544.452,0.12675
2544.453,0.151515
2544.454,0.18291
2544.455,0.195975
2544.456,0.19968
2544.457,0.19968
2544.458,0.197535
2544.459,0.19032
2544.46,0.18369
2544.461,0.171015
2544.462,0.15327
2544.463,0.143325
2544.464,0.128895
2544.465,0.10374
2544.466,0.09555
2544.467,0.105105
2544.468,0.116415
2544.469,0.13143
2544.47,0.160095
2544.471,0.185835
2544.472,0.194415
2544.473,0.197535
2544.474,0.195975
2544.475,0.187005
2544.476,0.17667
2544.477,0.17628
2544.478,0.15639
2544.479,0.14781
2544.48,0.13611
2544.481,0.12031499999999999
2544.482,0.101595
2544.483,0.091455
2544.484,0.110175
2544.485,0.116415
2544.486,0.128895
2544.487,0.160485
2544.488,0.191685
2544.489,0.195585
2544.49,0.19616999999999998
2544.491,0.18914999999999998
2544.492,0.18525
2544.493,0.17628
2544.494,0.16652999999999998
2544.495,0.14937
2544.496,0.141765
2544.497,0.133185
2544.498,0.10803
2544.499,0.09984
2544.5,0.093015
2544.501,0.108615
2544.502,0.114075
2544.503,0.14742
2544.504,0.17862
2544.505,0.185445
2544.506,0.191685
2544.507,0.19032
2544.508,0.182715
2544.509,0.176475
2544.51,0.17043
2544.511,0.160095
2544.512,0.14508
2544.513,0.13299
2544.514,0.119535
2544.515,0.099255
2544.516,0.086775
2544.517,0.095745
2544.518,0.108225
2544.519,0.12675
2544.52,0.156195
2544.521,0.183495
2544.522,0.19071
2544.523,0.193245
2544.524,0.19227
2544.525,0.187005
2544.526,0.178815
2544.527,0.170625
2544.528,0.15366
2544.529,0.143325
2544.53,0.13299
2544.531,0.118365
2544.532,0.096135
2544.533,0.089115
2544.534,0.101595
2544.535,0.117195
2544.536,0.123825
2544.537,0.16107
2544.538,0.18486
2544.539,0.19344
2544.54,0.192855
2544.541,0.185055
2544.542,0.18252
2544.543,0.17355
2544.544,0.16614
2544.545,0.15366
2544.546,0.14157
2544.547,0.131235
2544.548,0.108225
2544.549,0.097695
2544.55,0.093015
2544.551,0.10803
2544.552,0.119535
2544.553,0.146835
2544.554,0.178815
2544.555,0.18875999999999998
2544.556,0.197535
2544.557,0.194415
2544.558,0.19071
2544.559,0.18193499999999999
2544.56,0.170235
2544.561,0.1638
2544.562,0.15170999999999998
2544.563,0.138255
2544.564,0.13299
2544.565,0.107835
2544.566,0.10023
2544.567,0.101595
2544.568,0.11427
2544.569,0.127335
2544.57,0.16146
2544.571,0.18603
2544.572,0.19539
2544.573,0.191295
2544.574,0.19539
2544.575,0.1911
2544.576,0.18291
2544.577,0.17199
2544.578,0.16107
2544.579,0.15366
2544.58,0.14079
2544.581,0.116415
2544.582,0.09789
2544.583,0.092625
2544.584,0.103935
2544.585,0.11739
2544.586,0.128895
2544.587,0.16614
2544.588,0.18525
2544.589,0.195585
2544.59,0.191295
2544.591,0.18914999999999998
2544.592,0.18369
2544.593,0.179985
2544.594,0.167895
2544.595,0.156975
2544.596,0.13923
2544.597,0.12675
2544.598,0.10686
2544.599,0.09555
2544.6,0.091455
2544.601,0.10764
2544.602,0.126555
2544.603,0.14547
2544.604,0.17823
2544.605,0.191295
2544.606,0.20046
2544.607,0.19539
2544.608,0.193245
2544.609,0.18291
2544.61,0.178815
2544.611,0.17043
2544.612,0.15288
2544.613,0.14547
2544.614,0.123045
2544.615,0.10335
2544.616,0.097695
2544.617,0.103935
2544.618,0.117585
2544.619,0.13377
2544.62,0.16419
2544.621,0.19071
2544.622,0.195
2544.623,0.20046
2544.624,0.206115
2544.625,0.192855
2544.626,0.186225
2544.627,0.17667
2544.628,0.16652999999999998
2544.629,0.15366
2544.63,0.14547
2544.631,0.13104
2544.632,0.10374
2544.633,0.10335
2544.634,0.117585
2544.635,0.12986999999999999
2544.636,0.14449499999999998
2544.637,0.18193499999999999
2544.638,0.20319
2544.639,0.20787
2544.64,0.212355
2544.641,0.20748
2544.642,0.19968
2544.643,0.191295
2544.644,0.185055
2544.645,0.175695
2544.646,0.1638
2544.647,0.156
2544.648,0.128505
2544.649,0.108615
2544.65,0.11329499999999999
2544.651,0.1248
2544.652,0.139035
2544.653,0.16848
2544.654,0.195195
2544.655,0.2067
2544.656,0.21567
2544.657,0.217425
2544.658,0.20475
2544.659,0.206895
2544.66,0.197535
2544.661,0.185445
2544.662,0.17043
2544.663,0.16575
2544.664,0.14157
2544.665,0.117975
2544.666,0.116415
2544.667,0.12050999999999999
2544.668,0.12792
2544.669,0.141375
2544.67,0.17238
2544.671,0.19851
2544.672,0.2028
2544.673,0.20377499999999998
2544.674,0.19851
2544.675,0.20007
2544.676,0.19539
2544.677,0.18252
2544.678,0.16691999999999999
2544.679,0.153855
2544.68,0.145275
2544.681,0.12519
2544.682,0.10686
2544.683,0.10374
2544.684,0.10881
2544.685,0.12050999999999999
2544.686,0.135525
2544.687,0.170625
2544.688,0.20046
2544.689,0.20124
2544.69,0.20124
2544.691,0.197535
2544.692,0.192465
2544.693,0.18525
2544.694,0.173745
2544.695,0.156975
2544.696,0.147615
2544.697,0.141375
2544.698,0.11271
2544.699,0.100035
2544.7,0.10023
2544.701,0.114465
2544.702,0.12675
2544.703,0.15366
2544.704,0.182715
2544.705,0.197535
2544.706,0.197535
2544.707,0.19968
2544.708,0.194415
2544.709,0.18895499999999998
2544.71,0.18173999999999998
2544.711,0.17393999999999998
2544.712,0.154245
2544.713,0.145275
2544.714,0.12831
2544.715,0.10647
2544.716,0.0975
2544.717,0.10413
2544.718,0.110565
2544.719,0.126945
2544.72,0.16302
2544.721,0.186225
2544.722,0.19149
2544.723,0.192075
2544.724,0.19227
2544.725,0.190515
2544.726,0.183495
2544.727,0.172965
2544.728,0.160095
2544.729,0.15170999999999998
2544.73,0.135525
2544.731,0.118755
2544.732,0.100815
2544.733,0.096915
2544.734,0.10413
2544.735,0.12012
2544.736,0.135135
2544.737,0.171015
2544.738,0.195
2544.739,0.20357999999999998
2544.74,0.20319
2544.741,0.197535
2544.742,0.191295
2544.743,0.18193499999999999
2544.744,0.17043
2544.745,0.153855
2544.746,0.150735
2544.747,0.143325
2544.748,0.116415
2544.749,0.10374
2544.75,0.103935
2544.751,0.11329499999999999
2544.752,0.132015
2544.753,0.156975
2544.754,0.185055
2544.755,0.197535
2544.756,0.206115
2544.757,0.19636499999999998
2544.758,0.195195
2544.759,0.18798
2544.76,0.177255
2544.761,0.167895
2544.762,0.153855
2544.763,0.140595
2544.764,0.116415
2544.765,0.103935
2544.766,0.09165
2544.767,0.09867
2544.768,0.10998
2544.769,0.13026
2544.77,0.15444
2544.771,0.17784
2544.772,0.18895499999999998
2544.773,0.191295
2544.774,0.195
2544.775,0.18291
2544.776,0.17413499999999998
2544.777,0.16652999999999998
2544.778,0.15132
2544.779,0.141375
2544.78,0.133575
2544.781,0.10881
2544.782,0.088335
2544.783,0.085215
2544.784,0.10023
2544.785,0.10958999999999999
2544.786,0.122655
2544.787,0.16419
2544.788,0.183495
2544.789,0.19539
2544.79,0.18895499999999998
2544.791,0.186225
2544.792,0.18134999999999998
2544.793,0.167895
2544.794,0.161655
2544.795,0.14625
2544.796,0.13708499999999998
2544.797,0.1326
2544.798,0.10374
2544.799,0.08931
2544.8,0.09165
2544.801,0.10296
2544.802,0.117975
2544.803,0.14313
2544.804,0.176475
2544.805,0.19071
2544.806,0.189735
2544.807,0.188175
2544.808,0.18291
2544.809,0.176085
2544.81,0.17238
2544.811,0.156195
2544.812,0.14313
2544.813,0.13299
2544.814,0.116415
2544.815,0.09457499999999999
2544.816,0.08619
2544.817,0.09984
2544.818,0.10178999999999999
2544.819,0.122655
2544.82,0.151515
2544.821,0.17706
2544.822,0.18291
2544.823,0.183495
2544.824,0.18875999999999998
2544.825,0.18193499999999999
2544.826,0.16887
2544.827,0.166335
2544.828,0.15170999999999998
2544.829,0.139815
2544.83,0.133575
2544.831,0.110175
2544.832,0.09457499999999999
2544.833,0.08931
2544.834,0.10335
2544.835,0.114075
2544.836,0.133185
2544.837,0.16614
2544.838,0.186225
2544.839,0.192465
2544.84,0.19773
2544.841,0.192855
2544.842,0.187005
2544.843,0.178815
2544.844,0.166335
2544.845,0.156
2544.846,0.14235
2544.847,0.13299
2544.848,0.11388
2544.849,0.10178999999999999
2544.85,0.10335
2544.851,0.112515
2544.852,0.12519
2544.853,0.15795
2544.854,0.18252
2544.855,0.197925
2544.856,0.20124
2544.857,0.20046
2544.858,0.19383
2544.859,0.188175
2544.86,0.178815
2544.861,0.17004
2544.862,0.153855
2544.863,0.14118
2544.864,0.121095
2544.865,0.098865
2544.866,0.09321
2544.867,0.10998
2544.868,0.11544
2544.869,0.132795
2544.87,0.16575
2544.871,0.192465
2544.872,0.191685
2544.873,0.20163
2544.874,0.20163
2544.875,0.191685
2544.876,0.186615
2544.877,0.17823
2544.878,0.167505
2544.879,0.153855
2544.88,0.148005
2544.881,0.12070499999999999
2544.882,0.10764
2544.883,0.104325
2544.884,0.11427
2544.885,0.12675
2544.886,0.13923
2544.887,0.17784
2544.888,0.197535
2544.889,0.210015
2544.89,0.199095
2544.891,0.2028
2544.892,0.19149
2544.893,0.18291
2544.894,0.172575
2544.895,0.160095
2544.896,0.149955
2544.897,0.14547
2544.898,0.116415
2544.899,0.099255
2544.9,0.109005
2544.901,0.11309999999999999
2544.902,0.13182
2544.903,0.15229499999999999
2544.904,0.183495
2544.905,0.19539
2544.906,0.20163
2544.907,0.19539
2544.908,0.19266
2544.909,0.18603
2544.91,0.17784
2544.911,0.17043
2544.912,0.15170999999999998
2544.913,0.141375
2544.914,0.11739
2544.915,0.10178999999999999
2544.916,0.09457499999999999
2544.917,0.10062
2544.918,0.11329499999999999
2544.919,0.128115
2544.92,0.158145
2544.921,0.188175
2544.922,0.19734
2544.923,0.19773
2544.924,0.19616999999999998
2544.925,0.19032
2544.926,0.18096
2544.927,0.17043
2544.928,0.156195
2544.929,0.14235
2544.93,0.13962
2544.931,0.11466
2544.932,0.091455
2544.933,0.09048
2544.934,0.103935
2544.935,0.114075
2544.936,0.13104
2544.937,0.16536
2544.938,0.188175
2544.939,0.197535
2544.94,0.19305
2544.941,0.187395
2544.942,0.17979
2544.943,0.169455
2544.944,0.166335
2544.945,0.141375
2544.946,0.132015
2544.947,0.128115
2544.948,0.096525
2544.949,0.08463
2544.95,0.085215
2544.951,0.095745
2544.952,0.109005
2544.953,0.13962
2544.954,0.16536
2544.955,0.18603
2544.956,0.183105
2544.957,0.183105
2544.958,0.172965
2544.959,0.16575
2544.96,0.158925
2544.961,0.15405
2544.962,0.133185
2544.963,0.12129
2544.964,0.103935
2544.965,0.08424
2544.966,0.07585499999999999
2544.967,0.085605
2544.968,0.09555
2544.969,0.11232
2544.97,0.146055
2544.971,0.166335
2544.972,0.17238
2544.973,0.176475
2544.974,0.171015
2544.975,0.16419
2544.976,0.160095
2544.977,0.153855
2544.978,0.133185
2544.979,0.12675
2544.98,0.11271
2544.981,0.093405
2544.982,0.07293
2544.983,0.07683
2544.984,0.081315
2544.985,0.097695
2544.986,0.110175
2544.987,0.146055
2544.988,0.16731
2544.989,0.17043
2544.99,0.172965
2544.991,0.16419
2544.992,0.15639
2544.993,0.158535
2544.994,0.147615
2544.995,0.1287
2544.996,0.116415
2544.997,0.108615
2544.998,0.091845
2544.999,0.07839
2545.0,0.078
2545.001,0.091065
2545.002,0.10374
2545.003,0.13299
2545.004,0.15795
2545.005,0.170625
2545.006,0.18252
2545.007,0.172575
2545.008,0.172575
2545.009,0.16575
2545.01,0.156
2545.011,0.148005
2545.012,0.135525
2545.013,0.1248
2545.014,0.11037
2545.015,0.088335
2545.016,0.07878
2545.017,0.08541
2545.018,0.10062
2545.019,0.112515
2545.02,0.142545
2545.021,0.173745
2545.022,0.17199
2545.023,0.18134999999999998
2545.024,0.18213
2545.025,0.167895
2545.026,0.160095
2545.027,0.156195
2545.028,0.138255
2545.029,0.128115
2545.03,0.12050999999999999
2545.031,0.100815
2545.032,0.07839
2545.033,0.078
2545.034,0.090285
2545.035,0.10296
2545.036,0.12070499999999999
2545.037,0.15639
2545.038,0.176475
2545.039,0.19032
2545.04,0.185055
2545.041,0.18291
2545.042,0.173745
2545.043,0.163215
2545.044,0.153855
2545.045,0.141375
2545.046,0.1287
2545.047,0.12207
2545.048,0.1014
2545.049,0.089505
2545.05,0.089115
2545.051,0.10374
2545.052,0.11583
2545.053,0.14449499999999998
2545.054,0.175695
2545.055,0.179985
2545.056,0.186225
2545.057,0.18525
2545.058,0.178815
2545.059,0.178035
2545.06,0.163995
2545.061,0.15405
2545.062,0.142935
2545.063,0.132795
2545.064,0.108225
2545.065,0.09437999999999999
2545.066,0.08307
2545.067,0.09555
2545.068,0.10374
2545.069,0.122655
2545.07,0.14859
2545.071,0.176475
2545.072,0.185055
2545.073,0.18603
2545.074,0.192855
2545.075,0.18447
2545.076,0.17043
2545.077,0.16809
2545.078,0.153855
2545.079,0.14235
2545.08,0.13299
2545.081,0.11115
2545.082,0.100035
2545.083,0.093405
2545.084,0.1014
2545.085,0.117975
2545.086,0.13299
2545.087,0.167895
2545.088,0.182715
2545.089,0.19636499999999998
2545.09,0.192465
2545.091,0.182715
2545.092,0.18193499999999999
2545.093,0.170625
2545.094,0.16302
2545.095,0.15366
2545.096,0.131235
2545.097,0.12967499999999998
2545.098,0.09984
2545.099,0.08931
2545.1,0.09243
2545.101,0.101595
2545.102,0.11427
2545.103,0.14547
2545.104,0.172575
2545.105,0.191295
2545.106,0.19227
2545.107,0.193245
2545.108,0.18291
2545.109,0.175695
2545.11,0.163215
2545.111,0.163215
2545.112,0.14547
2545.113,0.13611
2545.114,0.117585
2545.115,0.097695
2545.116,0.09243
2545.117,0.10198499999999999
2545.118,0.11388
2545.119,0.135525
2545.12,0.163215
2545.121,0.193635
2545.122,0.19149
2545.123,0.20319
2545.124,0.192465
2545.125,0.18914999999999998
2545.126,0.185055
2545.127,0.17667
2545.128,0.160095
2545.129,0.15366
2545.13,0.136305
2545.131,0.117975
2545.132,0.097695
2545.133,0.09984
2545.134,0.11271
2545.135,0.12675
2545.136,0.147615
2545.137,0.173745
2545.138,0.19773
2545.139,0.20007
2545.14,0.19851
2545.141,0.19344
2545.142,0.186615
2545.143,0.18193499999999999
2545.144,0.17004
2545.145,0.15756
2545.146,0.15132
2545.147,0.14547
2545.148,0.115635
2545.149,0.100815
2545.15,0.10491
2545.151,0.11583
2545.152,0.127335
2545.153,0.15639
2545.154,0.18369
2545.155,0.194415
2545.156,0.20046
2545.157,0.20377499999999998
2545.158,0.19675499999999999
2545.159,0.19149
2545.16,0.181155
2545.161,0.170625
2545.162,0.153855
2545.163,0.149565
2545.164,0.125775
2545.165,0.107835
2545.166,0.101595
2545.167,0.107835
2545.168,0.12012
2545.169,0.140595
2545.17,0.16614
2545.171,0.19578
2545.172,0.195585
2545.173,0.20787
2545.174,0.20124
2545.175,0.19616999999999998
2545.176,0.18642
2545.177,0.176475
2545.178,0.16419
2545.179,0.15405
2545.18,0.14449499999999998
2545.181,0.117585
2545.182,0.09633
2545.183,0.097695
2545.184,0.103935
2545.185,0.121875
2545.186,0.13923
2545.187,0.17082
2545.188,0.192855
2545.189,0.19539
2545.19,0.195195
2545.191,0.185055
2545.192,0.178815
2545.193,0.172965
2545.194,0.16341
2545.195,0.14547
2545.196,0.136695
2545.197,0.130065
2545.198,0.097695
2545.199,0.09243
2545.2,0.091455
2545.201,0.10764
2545.202,0.12129
2545.203,0.14547
2545.204,0.178815
2545.205,0.185055
2545.206,0.19539
2545.207,0.1911
2545.208,0.18486
2545.209,0.17862
2545.21,0.16731
2545.211,0.157755
2545.212,0.14235
2545.213,0.133575
2545.214,0.12050999999999999
2545.215,0.093405
2545.216,0.08931
2545.217,0.09594
2545.218,0.115635
2545.219,0.12050999999999999
2545.22,0.156975
2545.221,0.17628
2545.222,0.185055
2545.223,0.1911
2545.224,0.179985
2545.225,0.178815
2545.226,0.166335
2545.227,0.15678
2545.228,0.148785
2545.229,0.136695
2545.23,0.12675
2545.231,0.11232
2545.232,0.08268
2545.233,0.09086999999999999
2545.234,0.09457499999999999
2545.235,0.11115
2545.236,0.13143
2545.237,0.160485
2545.238,0.18173999999999998
2545.239,0.183105
2545.24,0.18252
2545.241,0.18096
2545.242,0.17277
2545.243,0.163215
2545.244,0.15756
2545.245,0.146055
2545.246,0.12909
2545.247,0.12050999999999999
2545.248,0.097695
2545.249,0.09126
2545.25,0.091845
2545.251,0.095745
2545.252,0.11349
2545.253,0.13884
2545.254,0.16575
2545.255,0.185445
2545.256,0.185055
2545.257,0.178815
2545.258,0.17452499999999999
2545.259,0.173745
2545.26,0.16536
2545.261,0.153855
2545.262,0.1404
2545.263,0.132015
2545.264,0.111735
2545.265,0.091455
2545.266,0.08463
2545.267,0.091455
2545.268,0.10764
2545.269,0.12070499999999999
2545.27,0.155025
2545.271,0.181155
2545.272,0.18603
2545.273,0.185835
2545.274,0.185055
2545.275,0.182715
2545.276,0.17667
2545.277,0.17043
2545.278,0.149175
2545.279,0.135135
2545.28,0.12558
2545.281,0.108615
2545.282,0.09516
2545.283,0.09516
2545.284,0.108615
2545.285,0.12207
2545.286,0.142545
2545.287,0.166335
2545.288,0.18914999999999998
2545.289,0.195585
2545.29,0.19578
2545.291,0.185445
2545.292,0.183105
2545.293,0.172575
2545.294,0.166335
2545.295,0.15132
2545.296,0.13923
2545.297,0.13143
2545.298,0.10686
2545.299,0.09321
2545.3,0.095355
2545.301,0.108615
2545.302,0.117585
2545.303,0.14547
2545.304,0.1755
2545.305,0.186615
2545.306,0.183885
2545.307,0.18603
2545.308,0.185055
2545.309,0.178425
2545.31,0.163995
2545.311,0.15190499999999998
2545.312,0.143325
2545.313,0.14079
2545.314,0.117975
2545.315,0.095745
2545.316,0.091455
2545.317,0.10178999999999999
2545.318,0.11427
2545.319,0.12558
2545.32,0.161655
2545.321,0.182715
2545.322,0.185835
2545.323,0.19655999999999998
2545.324,0.19227
2545.325,0.185445
2545.326,0.170625
2545.327,0.16848
2545.328,0.15639
2545.329,0.144105
2545.33,0.134355
2545.331,0.111735
2545.332,0.09633
2545.333,0.095745
2545.334,0.108615
2545.335,0.11680499999999999
2545.336,0.141375
2545.337,0.167895
2545.338,0.191295
2545.339,0.195
2545.34,0.19539
2545.341,0.191295
2545.342,0.18173999999999998
2545.343,0.17472
2545.344,0.16809
2545.345,0.15170999999999998
2545.346,0.14118
2545.347,0.12285
2545.348,0.10647
2545.349,0.091455
2545.35,0.101595
2545.351,0.11309999999999999
2545.352,0.1209
2545.353,0.14859
2545.354,0.178815
2545.355,0.189735
2545.356,0.195585
2545.357,0.191295
2545.358,0.186615
2545.359,0.17823
2545.36,0.170625
2545.361,0.15795
2545.362,0.14235
2545.363,0.13494
2545.364,0.11544
2545.365,0.096135
2545.366,0.09165
2545.367,0.096135
2545.368,0.110175
2545.369,0.12050999999999999
2545.37,0.156
2545.371,0.183105
2545.372,0.19071
2545.373,0.186615
2545.374,0.178815
2545.375,0.183105
2545.376,0.17043
2545.377,0.163215
2545.378,0.148005
2545.379,0.13688999999999998
2545.38,0.129285
2545.381,0.10647
2545.382,0.08326499999999999
2545.383,0.086775
2545.384,0.09437999999999999
2545.385,0.10764
2545.386,0.136305
2545.387,0.15639
2545.388,0.177255
2545.389,0.180375
2545.39,0.183105
2545.391,0.18134999999999998
2545.392,0.16926
2545.393,0.16536
2545.394,0.15054
2545.395,0.135135
2545.396,0.125775
2545.397,0.11583
2545.398,0.085605
2545.399,0.07683
2545.4,0.07995
2545.401,0.09048
2545.402,0.108225
2545.403,0.13299
2545.404,0.163215
2545.405,0.175695
2545.406,0.176475
2545.407,0.17862
2545.408,0.17043
2545.409,0.166335
2545.41,0.153855
2545.411,0.139035
2545.412,0.128895
2545.413,0.12050999999999999
2545.414,0.103935
2545.415,0.08658
2545.416,0.07839
2545.417,0.0819
2545.418,0.093405
2545.419,0.11232
2545.42,0.146445
2545.421,0.167895
2545.422,0.172575
2545.423,0.17043
2545.424,0.178815
2545.425,0.16672499999999998
2545.426,0.15795
2545.427,0.148785
2545.428,0.14235
2545.429,0.12792
2545.43,0.12050999999999999
2545.431,0.09204
2545.432,0.07644
2545.433,0.080145
2545.434,0.09086999999999999
2545.435,0.100035
2545.436,0.124995
2545.437,0.149175
2545.438,0.170625
2545.439,0.17628
2545.44,0.172575
2545.441,0.16536
2545.442,0.158145
2545.443,0.156195
2545.444,0.14859
2545.445,0.132795
2545.446,0.121095
2545.447,0.10803
2545.448,0.08619
2545.449,0.07566
2545.45,0.07878
2545.451,0.093015
2545.452,0.11232
2545.453,0.13494
2545.454,0.1638
2545.455,0.166335
2545.456,0.172575
2545.457,0.167505
2545.458,0.166335
2545.459,0.16029
2545.46,0.14547
2545.461,0.14313
2545.462,0.12967499999999998
2545.463,0.116415
2545.464,0.097695
2545.465,0.08385
2545.466,0.07254
2545.467,0.083655
2545.468,0.093015
2545.469,0.107055
2545.47,0.141375
2545.471,0.16731
2545.472,0.171405
2545.473,0.17355
2545.474,0.17413499999999998
2545.475,0.165555
2545.476,0.1599
2545.477,0.145665
2545.478,0.13747499999999999
2545.479,0.11388
2545.48,0.10764
2545.481,0.09126
2545.482,0.0702
2545.483,0.071175
2545.484,0.08326499999999999
2545.485,0.09126
2545.486,0.11583
2545.487,0.148005
2545.488,0.166335
2545.489,0.172575
2545.49,0.17043
2545.491,0.166335
2545.492,0.153855
2545.493,0.150735
2545.494,0.142935
2545.495,0.12675
2545.496,0.117585
2545.497,0.103935
2545.498,0.081315
2545.499,0.07683
2545.5,0.073125
2545.501,0.08268
2545.502,0.10491
2545.503,0.12986999999999999
2545.504,0.156975
2545.505,0.167895
2545.506,0.17004
2545.507,0.172575
2545.508,0.161655
2545.509,0.15756
2545.51,0.146835
2545.511,0.129285
2545.512,0.125775
2545.513,0.11271
2545.514,0.09067499999999999
2545.515,0.076635
2545.516,0.069615
2545.517,0.078975
2545.518,0.085215
2545.519,0.103935
2545.52,0.13767
2545.521,0.155415
2545.522,0.169455
2545.523,0.172575
2545.524,0.162435
2545.525,0.163995
2545.526,0.15483
2545.527,0.141765
2545.528,0.127335
2545.529,0.117585
2545.53,0.10374
2545.531,0.078975
2545.532,0.066885
2545.533,0.066495
2545.534,0.078975
2545.535,0.091455
2545.536,0.116415
2545.537,0.141375
2545.538,0.16107
2545.539,0.16419
2545.54,0.160095
2545.541,0.15795
2545.542,0.147615
2545.543,0.145275
2545.544,0.133185
2545.545,0.116415
2545.546,0.111735
2545.547,0.098475
2545.548,0.071565
2545.549,0.06747
2545.55,0.07214999999999999
2545.551,0.082095
2545.552,0.093015
2545.553,0.11934
2545.554,0.146055
2545.555,0.160095
2545.556,0.16302
2545.557,0.166335
2545.558,0.15795
2545.559,0.14859
2545.56,0.139035
2545.561,0.12675
2545.562,0.116025
2545.563,0.108615
2545.564,0.09086999999999999
2545.565,0.067665
2545.566,0.0663
2545.567,0.072735
2545.568,0.08326499999999999
2545.569,0.09984
2545.57,0.136305
2545.571,0.157755
2545.572,0.168285
2545.573,0.16107
2545.574,0.15756
2545.575,0.153855
2545.576,0.141375
2545.577,0.141375
2545.578,0.128895
2545.579,0.11583
2545.58,0.10296
2545.581,0.0819
2545.582,0.0663
2545.583,0.068055
2545.584,0.074295
2545.585,0.09243
2545.586,0.11622
2545.587,0.14547
2545.588,0.158535
2545.589,0.16614
2545.59,0.16731
2545.591,0.160485
2545.592,0.156
2545.593,0.15327
2545.594,0.138645
2545.595,0.126555
2545.596,0.11583
2545.597,0.10178999999999999
2545.598,0.07371
2545.599,0.06669
2545.6,0.07371
2545.601,0.08307
2545.602,0.100815
2545.603,0.128895
2545.604,0.157755
2545.605,0.166335
2545.606,0.171405
2545.607,0.167895
2545.608,0.15795
2545.609,0.153855
2545.61,0.141375
2545.611,0.141375
2545.612,0.11778
2545.613,0.11232
2545.614,0.09555
2545.615,0.070785
2545.616,0.071955
2545.617,0.078
2545.618,0.088335
2545.619,0.10178999999999999
2545.62,0.135525
2545.621,0.15639
2545.622,0.1638
2545.623,0.166335
2545.624,0.165555
2545.625,0.15639
2545.626,0.14079
2545.627,0.13299
2545.628,0.11934
2545.629,0.110565
2545.63,0.10062
2545.631,0.078975
2545.632,0.05811
2545.633,0.06318
2545.634,0.07683
2545.635,0.086385
2545.636,0.111735
2545.637,0.142935
2545.638,0.1599
2545.639,0.1638
2545.64,0.163995
2545.641,0.15405
2545.642,0.14547
2545.643,0.14235
2545.644,0.13104
2545.645,0.11427
2545.646,0.108225
2545.647,0.089895
2545.648,0.060254999999999996
2545.649,0.05811
2545.65,0.05811
2545.651,0.06825
2545.652,0.08268
2545.653,0.116415
2545.654,0.146055
2545.655,0.15288
2545.656,0.156195
2545.657,0.15093
2545.658,0.14547
2545.659,0.14118
2545.66,0.126555
2545.661,0.11388
2545.662,0.10608
2545.663,0.09048
2545.664,0.06844499999999999
2545.665,0.0507
2545.666,0.043095
2545.667,0.05421
2545.668,0.06435
2545.669,0.080145
2545.67,0.11427
2545.671,0.134745
2545.672,0.14586
2545.673,0.141375
2545.674,0.13884
2545.675,0.12909
2545.676,0.12070499999999999
2545.677,0.110565
2545.678,0.100815
2545.679,0.082095
2545.68,0.07878
2545.681,0.054599999999999996
2545.682,0.033345
2545.683,0.0351
2545.684,0.04563
2545.685,0.06318
2545.686,0.09048
2545.687,0.10413
2545.688,0.12558
2545.689,0.1287
2545.69,0.12519
2545.691,0.12012
2545.692,0.11329499999999999
2545.693,0.10374
2545.694,0.092625
2545.695,0.078195
2545.696,0.06825
2545.697,0.0507
2545.698,0.031395
2545.699,0.016575
2545.7,0.022815
2545.701,0.032955
2545.702,0.05226
2545.703,0.08151
2545.704,0.103935
2545.705,0.11232
2545.706,0.116415
2545.707,0.110175
2545.708,0.103935
2545.709,0.10296
2545.71,0.08814
2545.711,0.07683
2545.712,0.05889
2545.713,0.047775
2545.714,0.03003
2545.715,0.010335
2545.716,0.005265
2545.717,0.01755
2545.718,0.02652
2545.719,0.04095
2545.72,0.07878
2545.721,0.097305
2545.722,0.10491
2545.723,0.10764
2545.724,0.10023
2545.725,0.09126
2545.726,0.086775
2545.727,0.07604999999999999
2545.728,0.0624
2545.729,0.050115
2545.73,0.03939
2545.731,0.01014
2545.732,0.003315
2545.733,0.004485
2545.734,0.0156
2545.735,0.02574
2545.736,0.05187
2545.737,0.08307
2545.738,0.09457499999999999
2545.739,0.10023
2545.74,0.10178999999999999
2545.741,0.09555
2545.742,0.08931
2545.743,0.078975
2545.744,0.070785
2545.745,0.057915
2545.746,0.04563
2545.747,0.029055
2545.748,0.004095
2545.749,0.00078
2545.75,0.00585
2545.751,0.016575
2545.752,0.033345
2545.753,0.06591
2545.754,0.086775
2545.755,0.09594
2545.756,0.10062
2545.757,0.09555
2545.758,0.09086999999999999
2545.759,0.08696999999999999
2545.76,0.07839
2545.761,0.071565
2545.762,0.05382
2545.763,0.041925
2545.764,0.026715
2545.765,0.0039
2545.766,-0.01053
2545.767,0.009555
2545.768,0.018135
2545.769,0.034125
2545.77,0.073515
2545.771,0.097695
2545.772,0.104325
2545.773,0.10374
2545.774,0.101595
2545.775,0.09633
2545.776,0.08931
2545.777,0.078975
2545.778,0.06552
2545.779,0.054599999999999996
2545.78,0.047775
2545.781,0.02028
2545.782,0.00819
2545.783,0.008385
2545.784,0.020864999999999998
2545.785,0.03939
2545.786,0.066495
2545.787,0.09067499999999999
2545.788,0.104715
2545.789,0.108225
2545.79,0.110175
2545.791,0.108615
2545.792,0.09516
2545.793,0.08814
2545.794,0.08307
2545.795,0.066885
2545.796,0.05967
2545.797,0.041925
2545.798,0.025935
2545.799,0.01287
2545.8,0.02067
2545.801,0.029249999999999998
2545.802,0.046215
2545.803,0.078
2545.804,0.103935
2545.805,0.110175
2545.806,0.112515
2545.807,0.11680499999999999
2545.808,0.10803
2545.809,0.10413
2545.81,0.091455
2545.811,0.082875
2545.812,0.07098
2545.813,0.06435
2545.814,0.04134
2545.815,0.016575
2545.816,0.019695
2545.817,0.02691
2545.818,0.047775
2545.819,0.06045
2545.82,0.09808499999999999
2545.821,0.12246
2545.822,0.126945
2545.823,0.12909
2545.824,0.117975
2545.825,0.11232
2545.826,0.103935
2545.827,0.096135
2545.828,0.082875
2545.829,0.072735
2545.83,0.06591
2545.831,0.041535
2545.832,0.030225
2545.833,0.035295
2545.834,0.043095
2545.835,0.055185
2545.836,0.082095
2545.837,0.11427
2545.838,0.1248
2545.839,0.132015
2545.84,0.1287
2545.841,0.12675
2545.842,0.12246
2545.843,0.11329499999999999
2545.844,0.108615
2545.845,0.08619
2545.846,0.07878
2545.847,0.060254999999999996
2545.848,0.044655
2545.849,0.03315
2545.85,0.03549
2545.851,0.05772
2545.852,0.066885
2545.853,0.100425
2545.854,0.128895
2545.855,0.135135
2545.856,0.147615
2545.857,0.139425
2545.858,0.13806
2545.859,0.13299
2545.86,0.125775
2545.861,0.10803
2545.862,0.096135
2545.863,0.09086999999999999
2545.864,0.071175
2545.865,0.05148
2545.866,0.05187
2545.867,0.06045
2545.868,0.076635
2545.869,0.08385
2545.87,0.12324
2545.871,0.146445
2545.872,0.15756
2545.873,0.153855
2545.874,0.15288
2545.875,0.14235
2545.876,0.13611
2545.877,0.12675
2545.878,0.11427
2545.879,0.103935
2545.88,0.096525
2545.881,0.07059
2545.882,0.058695
2545.883,0.067665
2545.884,0.07644
2545.885,0.085215
2545.886,0.116415
2545.887,0.14547
2545.888,0.153855
2545.889,0.162435
2545.89,0.167505
2545.891,0.15795
2545.892,0.149175
2545.893,0.14391
2545.894,0.14235
2545.895,0.116415
2545.896,0.110175
2545.897,0.092625
2545.898,0.07683
2545.899,0.06552
2545.9,0.07839
2545.901,0.08619
2545.902,0.102375
2545.903,0.131235
2545.904,0.158535
2545.905,0.16887
2545.906,0.17043
2545.907,0.17511
2545.908,0.16575
2545.909,0.160095
2545.91,0.153855
2545.911,0.14235
2545.912,0.132795
2545.913,0.116415
2545.914,0.10647
2545.915,0.08307
2545.916,0.078975
2545.917,0.08892
2545.918,0.0975
2545.919,0.11271
2545.92,0.15678
2545.921,0.1755
2545.922,0.183495
2545.923,0.18134999999999998
2545.924,0.178815
2545.925,0.17277
2545.926,0.16419
2545.927,0.156975
2545.928,0.14547
2545.929,0.1326
2545.93,0.125775
2545.931,0.10335
2545.932,0.09048
2545.933,0.093015
2545.934,0.10686
2545.935,0.1209
2545.936,0.146055
2545.937,0.175695
2545.938,0.19032
2545.939,0.20046
2545.94,0.19305
2545.941,0.1911
2545.942,0.182715
2545.943,0.179595
2545.944,0.170625
2545.945,0.154245
2545.946,0.141375
2545.947,0.125775
2545.948,0.108615
2545.949,0.10764
2545.95,0.11329499999999999
2545.951,0.116415
2545.952,0.133965
2545.953,0.16652999999999998
2545.954,0.199095
2545.955,0.19539
2545.956,0.201435
2545.957,0.20124
2545.958,0.194415
2545.959,0.19071
2545.96,0.182715
2545.961,0.167895
2545.962,0.1599
2545.963,0.148005
2545.964,0.13143
2545.965,0.114075
2545.966,0.11583
2545.967,0.12031499999999999
2545.968,0.135915
2545.969,0.148785
2545.97,0.18914999999999998
2545.971,0.20435999999999999
2545.972,0.213135
2545.973,0.21411
2545.974,0.208455
2545.975,0.202995
2545.976,0.197535
2545.977,0.185835
2545.978,0.16497
2545.979,0.160095
2545.98,0.153855
2545.981,0.124995
2545.982,0.11388
2545.983,0.12050999999999999
2545.984,0.12675
2545.985,0.145275
2545.986,0.171405
2545.987,0.19773
2545.988,0.216255
2545.989,0.21567
2545.99,0.21645
2545.991,0.214305
2545.992,0.207675
2545.993,0.19675499999999999
2545.994,0.18914999999999998
2545.995,0.166335
2545.996,0.167895
2545.997,0.143325
2545.998,0.125775
2545.999,0.11427
2546.0,0.126555
2546.001,0.141765
2546.002,0.154245
2546.003,0.183495
2546.004,0.20748
2546.005,0.21528
2546.006,0.216255
2546.007,0.21645
2546.008,0.21372
2546.009,0.20865
2546.01,0.20377499999999998
2546.011,0.18895499999999998
2546.012,0.17667
2546.013,0.16731
2546.014,0.146445
2546.015,0.13104
2546.016,0.12675
2546.017,0.135525
2546.018,0.146055
2546.019,0.163215
2546.02,0.20124
2546.021,0.221325
2546.022,0.22854
2546.023,0.22035
2546.024,0.227175
2546.025,0.21606
2546.026,0.208845
2546.027,0.20377499999999998
2546.028,0.18681
2546.029,0.179205
2546.03,0.16575
2546.031,0.14157
2546.032,0.128895
2546.033,0.132795
2546.034,0.147615
2546.035,0.153855
2546.036,0.185055
2546.037,0.20787
2546.038,0.231075
2546.039,0.234975
2546.04,0.23166
2546.041,0.22658999999999999
2546.042,0.224835
2546.043,0.210015
2546.044,0.20007
2546.045,0.185055
2546.046,0.178035
2546.047,0.158535
2546.048,0.14079
2546.049,0.135135
2546.05,0.141375
2546.051,0.156975
2546.052,0.16711499999999999
2546.053,0.20163
2546.054,0.228735
2546.055,0.230295
2546.056,0.234195
2546.057,0.23302499999999998
2546.058,0.22971
2546.059,0.22658999999999999
2546.06,0.21606
2546.061,0.202995
2546.062,0.192855
2546.063,0.18291
2546.064,0.158535
2546.065,0.136695
2546.066,0.14235
2546.067,0.153855
2546.068,0.166335
2546.069,0.18193499999999999
2546.07,0.21372
2546.071,0.23341499999999998
2546.072,0.24121499999999998
2546.073,0.24062999999999998
2546.074,0.231855
2546.075,0.22308
2546.076,0.21567
2546.077,0.213915
2546.078,0.200655
2546.079,0.18934499999999999
2546.08,0.18291
2546.081,0.146055
2546.082,0.138255
2546.083,0.14079
2546.084,0.151515
2546.085,0.16575
2546.086,0.191295
2546.087,0.222495
2546.088,0.23244
2546.089,0.23283
2546.09,0.235365
2546.091,0.22971
2546.092,0.224835
2546.093,0.21079499999999998
2546.094,0.20592
2546.095,0.18875999999999998
2546.096,0.183495
2546.097,0.165555
2546.098,0.142935
2546.099,0.1287
2546.1,0.141375
2546.101,0.153855
2546.102,0.163215
2546.103,0.191295
2546.104,0.216255
2546.105,0.22113
2546.106,0.22854
2546.107,0.22035
2546.108,0.21820499999999998
2546.109,0.21567
2546.11,0.197535
2546.111,0.191295
2546.112,0.17862
2546.113,0.171015
2546.114,0.149565
2546.115,0.12909
2546.116,0.12792
2546.117,0.13533
2546.118,0.146445
2546.119,0.162435
2546.12,0.199875
2546.121,0.216255
2546.122,0.22561499999999998
2546.123,0.22347
2546.124,0.21957
2546.125,0.210015
2546.126,0.20357999999999998
2546.127,0.18895499999999998
2546.128,0.177255
2546.129,0.163995
2546.13,0.15795
2546.131,0.13182
2546.132,0.108615
2546.133,0.11739
2546.134,0.13182
2546.135,0.14547
2546.136,0.17413499999999998
2546.137,0.20357999999999998
2546.138,0.217815
2546.139,0.220935
2546.14,0.22269
2546.141,0.22269
2546.142,0.21294
2546.143,0.212355
2546.144,0.195
2546.145,0.187005
2546.146,0.170235
2546.147,0.156975
2546.148,0.13708499999999998
2546.149,0.12967499999999998
2546.15,0.139035
2546.151,0.15288
2546.152,0.15873
2546.153,0.20124
2546.154,0.22639499999999999
2546.155,0.228735
2546.156,0.24024
2546.157,0.234975
2546.158,0.22815
2546.159,0.22035
2546.16,0.20865
2546.161,0.197925
2546.162,0.18486
2546.163,0.178815
2546.164,0.15795
2546.165,0.139035
2546.166,0.132795
2546.167,0.142935
2546.168,0.153855
2546.169,0.167895
2546.17,0.20377499999999998
2546.171,0.22464
2546.172,0.23341499999999998
2546.173,0.23399999999999999
2546.174,0.220155
2546.175,0.22035
2546.176,0.20787
2546.177,0.199875
2546.178,0.18173999999999998
2546.179,0.174915
2546.18,0.16536
2546.181,0.14118
2546.182,0.1248
2546.183,0.128895
2546.184,0.141375
2546.185,0.15366
2546.186,0.181155
2546.187,0.20787
2546.188,0.219375
2546.189,0.226785
2546.19,0.22639499999999999
2546.191,0.216255
2546.192,0.21820499999999998
2546.193,0.20709
2546.194,0.197535
2546.195,0.176475
2546.196,0.17238
2546.197,0.148785
2546.198,0.1287
2546.199,0.117585
2546.2,0.132015
2546.201,0.14449499999999998
2546.202,0.157755
2546.203,0.18875999999999998
2546.204,0.220935
2546.205,0.22035
2546.206,0.226785
2546.207,0.228735
2546.208,0.22619999999999998
2546.209,0.216255
2546.21,0.20396999999999998
2546.211,0.190515
2546.212,0.178815
2546.213,0.172575
2546.214,0.15327
2546.215,0.13299
2546.216,0.13182
2546.217,0.146445
2546.218,0.15366
2546.219,0.1755
2546.22,0.21372
2546.221,0.23127
2546.222,0.236925
2546.223,0.24101999999999998
2546.224,0.23302499999999998
2546.225,0.22561499999999998
2546.226,0.224835
2546.227,0.21411
2546.228,0.191295
2546.229,0.18291
2546.23,0.183495
2546.231,0.15170999999999998
2546.232,0.135135
2546.233,0.141375
2546.234,0.146055
2546.235,0.16419
2546.236,0.186225
2546.237,0.220155
2546.238,0.23244
2546.239,0.23283
2546.24,0.236535
2546.241,0.222495
2546.242,0.220935
2546.243,0.21528
2546.244,0.207675
2546.245,0.185055
2546.246,0.17901
2546.247,0.158535
2546.248,0.14118
2546.249,0.131235
2546.25,0.13708499999999998
2546.251,0.146055
2546.252,0.16614
2546.253,0.19851
2546.254,0.22035
2546.255,0.224835
2546.256,0.23634
2546.257,0.234975
2546.258,0.22776
2546.259,0.22035
2546.26,0.20787
2546.261,0.20124
2546.262,0.19539
2546.263,0.17823
2546.264,0.15366
2546.265,0.142545
2546.266,0.138255
2546.267,0.14742
2546.268,0.163215
2546.269,0.182715
2546.27,0.21684
2546.271,0.228735
2546.272,0.24140999999999999
2546.273,0.2379
2546.274,0.23283
2546.275,0.231075
2546.276,0.22658999999999999
2546.277,0.210015
2546.278,0.197535
2546.279,0.19032
2546.28,0.18291
2546.281,0.156975
2546.282,0.14547
2546.283,0.14429999999999998
2546.284,0.15561
2546.285,0.17043
2546.286,0.19968
2546.287,0.22815
2546.288,0.24101999999999998
2546.289,0.245115
2546.29,0.247455
2546.291,0.23439
2546.292,0.23595
2546.293,0.21917999999999999
2546.294,0.21255
2546.295,0.200655
2546.296,0.18914999999999998
2546.297,0.170235
2546.298,0.15327
2546.299,0.13923
2546.3,0.15639
2546.301,0.16302
2546.302,0.18193499999999999
2546.303,0.21294
2546.304,0.23907
2546.305,0.24121499999999998
2546.306,0.244335
2546.307,0.24492
2546.308,0.23907
2546.309,0.22854
2546.31,0.217425
2546.311,0.20357999999999998
2546.312,0.195195
2546.313,0.185055
2546.314,0.162435
2546.315,0.142935
2546.316,0.141375
2546.317,0.15170999999999998
2546.318,0.1638
2546.319,0.185835
2546.32,0.21645
2546.321,0.23088
2546.322,0.23907
2546.323,0.24062999999999998
2546.324,0.24043499999999998
2546.325,0.22619999999999998
2546.326,0.22035
2546.327,0.20943
2546.328,0.19071
2546.329,0.18193499999999999
2546.33,0.17121
2546.331,0.147615
2546.332,0.12675
2546.333,0.13299
2546.334,0.146055
2546.335,0.163995
2546.336,0.183105
2546.337,0.21528
2546.338,0.22347
2546.339,0.22815
2546.34,0.22464
2546.341,0.217815
2546.342,0.212355
2546.343,0.2067
2546.344,0.192855
2546.345,0.18173999999999998
2546.346,0.16419
2546.347,0.15366
2546.348,0.13182
2546.349,0.125775
2546.35,0.1287
2546.351,0.142935
2546.352,0.15795
2546.353,0.1911
2546.354,0.214695
2546.355,0.22035
2546.356,0.22035
2546.357,0.220545
2546.358,0.216255
2546.359,0.20319
2546.36,0.20163
2546.361,0.18291
2546.362,0.17355
2546.363,0.160095
2546.364,0.14079
2546.365,0.1209
2546.366,0.12519
2546.367,0.13299
2546.368,0.141375
2546.369,0.165555
2546.37,0.200655
2546.371,0.21528
2546.372,0.224835
2546.373,0.224835
2546.374,0.21723
2546.375,0.20787
2546.376,0.19773
2546.377,0.19071
2546.378,0.18096
2546.379,0.17043
2546.38,0.16107
2546.381,0.1287
2546.382,0.116415
2546.383,0.128895
2546.384,0.132795
2546.385,0.148395
2546.386,0.178815
2546.387,0.20592
2546.388,0.219375
2546.389,0.220545
2546.39,0.216255
2546.391,0.21567
2546.392,0.20787
2546.393,0.197535
2546.394,0.18603
2546.395,0.178815
2546.396,0.16419
2546.397,0.14703
2546.398,0.12031499999999999
2546.399,0.122655
2546.4,0.13747499999999999
2546.401,0.14079
2546.402,0.153855
2546.403,0.19149
2546.404,0.216645
2546.405,0.22542
2546.406,0.22464
2546.407,0.2223
2546.408,0.21606
2546.409,0.20377499999999998
2546.41,0.20377499999999998
2546.411,0.18603
2546.412,0.179595
2546.413,0.164775
2546.414,0.141375
2546.415,0.12363
2546.416,0.12401999999999999
2546.417,0.131235
2546.418,0.150735
2546.419,0.17238
2546.42,0.201435
2546.421,0.220545
2546.422,0.23244
2546.423,0.22464
2546.424,0.219375
2546.425,0.21098999999999998
2546.426,0.20163
2546.427,0.19344
2546.428,0.18193499999999999
2546.429,0.169455
2546.43,0.16263
2546.431,0.136305
2546.432,0.121095
2546.433,0.12675
2546.434,0.135525
2546.435,0.147615
2546.436,0.17413499999999998
2546.437,0.210015
2546.438,0.21723
2546.439,0.217815
2546.44,0.2223
2546.441,0.21216
2546.442,0.2067
2546.443,0.19636499999999998
2546.444,0.188175
2546.445,0.17121
2546.446,0.16224
2546.447,0.14079
2546.448,0.122655
2546.449,0.117975
2546.45,0.12792
2546.451,0.136695
2546.452,0.15170999999999998
2546.453,0.18291
2546.454,0.208845
2546.455,0.21411
2546.456,0.21723
2546.457,0.21411
2546.458,0.20631
2546.459,0.20163
2546.46,0.195975
2546.461,0.17823
2546.462,0.16887
2546.463,0.15911999999999998
2546.464,0.135135
2546.465,0.12129
2546.466,0.119535
2546.467,0.12675
2546.468,0.145275
2546.469,0.16302
2546.47,0.1911
2546.471,0.214695
2546.472,0.214305
2546.473,0.217425
2546.474,0.21021
2546.475,0.20592
2546.476,0.198315
2546.477,0.186615
2546.478,0.17355
2546.479,0.16536
2546.48,0.153855
2546.481,0.12636
2546.482,0.11544
2546.483,0.12050999999999999
2546.484,0.130065
2546.485,0.142935
2546.486,0.172575
2546.487,0.20377499999999998
2546.488,0.21216
2546.489,0.21996
2546.49,0.21528
2546.491,0.210015
2546.492,0.207675
2546.493,0.19227
2546.494,0.185055
2546.495,0.17238
2546.496,0.15756
2546.497,0.145275
2546.498,0.12070499999999999
2546.499,0.11427
2546.5,0.126555
2546.501,0.13494
2546.502,0.15170999999999998
2546.503,0.17979
2546.504,0.206895
2546.505,0.212355
2546.506,0.212355
2546.507,0.21098999999999998
2546.508,0.20787
2546.509,0.19539
2546.51,0.183495
2546.511,0.17043
2546.512,0.163215
2546.513,0.15132
2546.514,0.13299
2546.515,0.114855
2546.516,0.11583
2546.517,0.11739
2546.518,0.14157
2546.519,0.158535
2546.52,0.19227
2546.521,0.207675
2546.522,0.21411
2546.523,0.21372
2546.524,0.208455
2546.525,0.200655
2546.526,0.199095
2546.527,0.18914999999999998
2546.528,0.167505
2546.529,0.160095
2546.53,0.14859
2546.531,0.13104
2546.532,0.110175
2546.533,0.11660999999999999
2546.534,0.12831
2546.535,0.14449499999999998
2546.536,0.16711499999999999
2546.537,0.200655
2546.538,0.213135
2546.539,0.215475
2546.54,0.21996
2546.541,0.209235
2546.542,0.20124
2546.543,0.19539
2546.544,0.17901
2546.545,0.164775
2546.546,0.158145
2546.547,0.135135
2546.548,0.12050999999999999
2546.549,0.12129
2546.55,0.12675
2546.551,0.141375
2546.552,0.15405
2546.553,0.18603
2546.554,0.21216
2546.555,0.222495
2546.556,0.220935
2546.557,0.21820499999999998
2546.558,0.20787
2546.559,0.20163
2546.56,0.18914999999999998
2546.561,0.17667
2546.562,0.163995
2546.563,0.157755
2546.564,0.13299
2546.565,0.116415
2546.566,0.123435
2546.567,0.13688999999999998
2546.568,0.145275
2546.569,0.172185
2546.57,0.195195
2546.571,0.21372
2546.572,0.216645
2546.573,0.21645
2546.574,0.21216
2546.575,0.20787
2546.576,0.20124
2546.577,0.191295
2546.578,0.17413499999999998
2546.579,0.164775
2546.58,0.153855
2546.581,0.131235
2546.582,0.11544
2546.583,0.122655
2546.584,0.135135
2546.585,0.148005
2546.586,0.17784
2546.587,0.198315
2546.588,0.216255
2546.589,0.21996
2546.59,0.22035
2546.591,0.214305
2546.592,0.2067
2546.593,0.192855
2546.594,0.18525
2546.595,0.17238
2546.596,0.164385
2546.597,0.13923
2546.598,0.122655
2546.599,0.116415
2546.6,0.1287
2546.601,0.141375
2546.602,0.156
2546.603,0.189735
2546.604,0.216645
2546.605,0.2223
2546.606,0.22464
2546.607,0.22269
2546.608,0.216255
2546.609,0.20787
2546.61,0.197925
2546.611,0.18369
2546.612,0.17667
2546.613,0.16536
2546.614,0.14547
2546.615,0.12947999999999998
2546.616,0.12636
2546.617,0.133575
2546.618,0.14703
2546.619,0.171015
2546.62,0.197535
2546.621,0.222495
2546.622,0.222495
2546.623,0.22035
2546.624,0.216645
2546.625,0.21372
2546.626,0.20377499999999998
2546.627,0.19616999999999998
2546.628,0.183495
2546.629,0.172575
2546.63,0.15170999999999998
2546.631,0.129285
2546.632,0.12070499999999999
2546.633,0.1287
2546.634,0.132015
2546.635,0.15190499999999998
2546.636,0.176865
2546.637,0.20377499999999998
2546.638,0.21723
2546.639,0.220545
2546.64,0.221715
2546.641,0.208845
2546.642,0.20787
2546.643,0.197925
2546.644,0.18603
2546.645,0.17413499999999998
2546.646,0.160095
2546.647,0.141375
2546.648,0.119535
2546.649,0.115635
2546.65,0.128895
2546.651,0.1326
2546.652,0.153855
2546.653,0.18603
2546.654,0.208455
2546.655,0.214305
2546.656,0.210015
2546.657,0.210015
2546.658,0.20124
2546.659,0.19149
2546.66,0.18291
2546.661,0.17043
2546.662,0.160095
2546.663,0.14781
2546.664,0.12031499999999999
2546.665,0.10296
2546.666,0.10198499999999999
2546.667,0.11193
2546.668,0.1287
2546.669,0.15327
2546.67,0.176475
2546.671,0.195585
2546.672,0.19539
2546.673,0.19968
2546.674,0.191295
2546.675,0.178815
2546.676,0.172575
2546.677,0.16711499999999999
2546.678,0.145665
2546.679,0.13923
2546.68,0.125775
2546.681,0.099255
2546.682,0.093015
2546.683,0.092625
2546.684,0.10374
2546.685,0.116415
2546.686,0.14859
2546.687,0.176865
2546.688,0.19071
2546.689,0.188175
2546.69,0.18914999999999998
2546.691,0.18252
2546.692,0.178815
2546.693,0.163215
2546.694,0.156
2546.695,0.141375
2546.696,0.13299
2546.697,0.11622
2546.698,0.0975
2546.699,0.088335
2546.7,0.095355
2546.701,0.107055
2546.702,0.12636
2546.703,0.15678
2546.704,0.185055
2546.705,0.18914999999999998
2546.706,0.18564
2546.707,0.185055
2546.708,0.17413499999999998
2546.709,0.17238
2546.71,0.160485
2546.711,0.141375
2546.712,0.13533
2546.713,0.12792
2546.714,0.10178999999999999
2546.715,0.086775
2546.716,0.08931
2546.717,0.100815
2546.718,0.115635
2546.719,0.142935
2546.72,0.16575
2546.721,0.18291
2546.722,0.185055
2546.723,0.18603
2546.724,0.178815
2546.725,0.1755
2546.726,0.166335
2546.727,0.163995
2546.728,0.13923
2546.729,0.135135
2546.73,0.116415
2546.731,0.091455
2546.732,0.085605
2546.733,0.093015
2546.734,0.100035
2546.735,0.116415
2546.736,0.14118
2546.737,0.16575
2546.738,0.178815
2546.739,0.18603
2546.74,0.18096
2546.741,0.176475
2546.742,0.166335
2546.743,0.153855
2546.744,0.14391
2546.745,0.132015
2546.746,0.12246
2546.747,0.1014
2546.748,0.085215
2546.749,0.07995
2546.75,0.08931
2546.751,0.10335
2546.752,0.11583
2546.753,0.15366
2546.754,0.172575
2546.755,0.17452499999999999
2546.756,0.17667
2546.757,0.173745
2546.758,0.16731
2546.759,0.16614
2546.76,0.151515
2546.761,0.132015
2546.762,0.1248
2546.763,0.114465
2546.764,0.08619
2546.765,0.07293
2546.766,0.07527
2546.767,0.085215
2546.768,0.097695
2546.769,0.122655
2546.77,0.14898
2546.771,0.17004
2546.772,0.174915
2546.773,0.178815
2546.774,0.17043
2546.775,0.16302
2546.776,0.1482
2546.777,0.14449499999999998
2546.778,0.12129
2546.779,0.110175
2546.78,0.10178999999999999
2546.781,0.078195
2546.782,0.06435
2546.783,0.072735
2546.784,0.08307
2546.785,0.097695
2546.786,0.130065
2546.787,0.16029
2546.788,0.16419
2546.789,0.17043
2546.79,0.166335
2546.791,0.156975
2546.792,0.15132
2546.793,0.14547
2546.794,0.13143
2546.795,0.12050999999999999
2546.796,0.108615
2546.797,0.09126
2546.798,0.068055
2546.799,0.066495
2546.8,0.07995
2546.801,0.092625
2546.802,0.10608
2546.803,0.14235
2546.804,0.16302
2546.805,0.176475
2546.806,0.17667
2546.807,0.169455
2546.808,0.163215
2546.809,0.154245
2546.81,0.14859
2546.811,0.13533
2546.812,0.122655
2546.813,0.11329499999999999
2546.814,0.089895
2546.815,0.07371
2546.816,0.073905
2546.817,0.08931
2546.818,0.100815
2546.819,0.122655
2546.82,0.154635
2546.821,0.171015
2546.822,0.17472
2546.823,0.17355
2546.824,0.166335
2546.825,0.160485
2546.826,0.15483
2546.827,0.14547
2546.828,0.128895
2546.829,0.12031499999999999
2546.83,0.103935
2546.831,0.085605
2546.832,0.067665
2546.833,0.08112
2546.834,0.085605
2546.835,0.10178999999999999
2546.836,0.133185
2546.837,0.162435
2546.838,0.17043
2546.839,0.17667
2546.84,0.17413499999999998
2546.841,0.167895
2546.842,0.16302
2546.843,0.151515
2546.844,0.13494
2546.845,0.126555
2546.846,0.12246
2546.847,0.09808499999999999
2546.848,0.07878
2546.849,0.077025
2546.85,0.08307
2546.851,0.09243
2546.852,0.114075
2546.853,0.147615
2546.854,0.16614
2546.855,0.17784
2546.856,0.178815
2546.857,0.17784
2546.858,0.170235
2546.859,0.16652999999999998
2546.86,0.153855
2546.861,0.141375
2546.862,0.128895
2546.863,0.124995
2546.864,0.095745
2546.865,0.082875
2546.866,0.08307
2546.867,0.09555
2546.868,0.104325
2546.869,0.132795
2546.87,0.163995
2546.871,0.18291
2546.872,0.183495
2546.873,0.190515
2546.874,0.1833
2546.875,0.17043
2546.876,0.16672499999999998
2546.877,0.15795
2546.878,0.142155
2546.879,0.13611
2546.88,0.12012
2546.881,0.097695
2546.882,0.09126
2546.883,0.091455
2546.884,0.10958999999999999
2546.885,0.12050999999999999
2546.886,0.15170999999999998
2546.887,0.178815
2546.888,0.18291
2546.889,0.191295
2546.89,0.183105
2546.891,0.18291
2546.892,0.167505
2546.893,0.16302
2546.894,0.149175
2546.895,0.13923
2546.896,0.13299
2546.897,0.11309999999999999
2546.898,0.093015
2546.899,0.09126
2546.9,0.0975
2546.901,0.110175
2546.902,0.12831
2546.903,0.158145
2546.904,0.183495
2546.905,0.197535
2546.906,0.18603
2546.907,0.18914999999999998
2546.908,0.17979
2546.909,0.17667
2546.91,0.16731
2546.911,0.14859
2546.912,0.14118
2546.913,0.128895
2546.914,0.10686
2546.915,0.08931
2546.916,0.091455
2546.917,0.10023
2546.918,0.12031499999999999
2546.919,0.14859
2546.92,0.17043
2546.921,0.19071
2546.922,0.1911
2546.923,0.195975
2546.924,0.18369
2546.925,0.178815
2546.926,0.17277
2546.927,0.16029
2546.928,0.14547
2546.929,0.142545
2546.93,0.121485
2546.931,0.10608
2546.932,0.09555
2546.933,0.100035
2546.934,0.11271
2546.935,0.124995
2546.936,0.15366
2546.937,0.18096
2546.938,0.191295
2546.939,0.19149
2546.94,0.191295
2546.941,0.17862
2546.942,0.18914999999999998
2546.943,0.17238
2546.944,0.162435
2546.945,0.153855
2546.946,0.13923
2546.947,0.121485
2546.948,0.10178999999999999
2546.949,0.09906
2546.95,0.107055
2546.951,0.116415
2546.952,0.135135
2546.953,0.16672499999999998
2546.954,0.19344
2546.955,0.19773
2546.956,0.195975
2546.957,0.19968
2546.958,0.191295
2546.959,0.18291
2546.96,0.172965
2546.961,0.1638
2546.962,0.153855
2546.963,0.140205
2546.964,0.11622
2546.965,0.09984
2546.966,0.099255
2546.967,0.11037
2546.968,0.13299
2546.969,0.16029
2546.97,0.18252
2546.971,0.197925
2546.972,0.20046
2546.973,0.19636499999999998
2546.974,0.19968
2546.975,0.190515
2546.976,0.184275
2546.977,0.175695
2546.978,0.15209999999999999
2546.979,0.148395
2546.98,0.133575
2546.981,0.11329499999999999
2546.982,0.098865
2546.983,0.103935
2546.984,0.116415
2546.985,0.135135
2546.986,0.166335
2546.987,0.191295
2546.988,0.19851
2546.989,0.20631
2546.99,0.2067
2546.991,0.191295
2546.992,0.19032
2546.993,0.18486
2546.994,0.16302
2546.995,0.15366
2546.996,0.142935
2546.997,0.12129
2546.998,0.10958999999999999
2546.999,0.09984
2547.0,0.110175
2547.001,0.12012
2547.002,0.13182
2547.003,0.172575
2547.004,0.19305
2547.005,0.206895
2547.006,0.202215
2547.007,0.20377499999999998
2547.008,0.190515
2547.009,0.185055
2547.01,0.178815
2547.011,0.163215
2547.012,0.149175
2547.013,0.13923
2547.014,0.11309999999999999
2547.015,0.100035
2547.016,0.10491
2547.017,0.11037
2547.018,0.133185
2547.019,0.15327
2547.02,0.183105
2547.021,0.19968
2547.022,0.198705
2547.023,0.20046
2547.024,0.20377499999999998
2547.025,0.193635
2547.026,0.183495
2547.027,0.16731
2547.028,0.15639
2547.029,0.149955
2547.03,0.1326
2547.031,0.10764
2547.032,0.10491
2547.033,0.110175
2547.034,0.122655
2547.035,0.141375
2547.036,0.169455
2547.037,0.19734
2547.038,0.202995
2547.039,0.20377499999999998
2547.04,0.20319
2547.041,0.20357999999999998
2547.042,0.19539
2547.043,0.18291
2547.044,0.16672499999999998
2547.045,0.15911999999999998
2547.046,0.151515
2547.047,0.1287
2547.048,0.103935
2547.049,0.106665
2547.05,0.109005
2547.051,0.12519
2547.052,0.14079
2547.053,0.178815
2547.054,0.19773
2547.055,0.208065
2547.056,0.208455
2547.057,0.20377499999999998
2547.058,0.19968
2547.059,0.19032
2547.06,0.18173999999999998
2547.061,0.166335
2547.062,0.15366
2547.063,0.151515
2547.064,0.12129
2547.065,0.108225
2547.066,0.110175
2547.067,0.12050999999999999
2547.068,0.128895
2547.069,0.16614
2547.07,0.19539
2547.071,0.20319
2547.072,0.21216
2547.073,0.213135
2547.074,0.202995
2547.075,0.19539
2547.076,0.18895499999999998
2547.077,0.18213
2547.078,0.160485
2547.079,0.156975
2547.08,0.13299
2547.081,0.110175
2547.082,0.103935
2547.083,0.11739
2547.084,0.122655
2547.085,0.142545
2547.086,0.172575
2547.087,0.197535
2547.088,0.20163
2547.089,0.208065
2547.09,0.20475
2547.091,0.19695
2547.092,0.197925
2547.093,0.183495
2547.094,0.17199
2547.095,0.160485
2547.096,0.147615
2547.097,0.13494
2547.098,0.10958999999999999
2547.099,0.10686
2547.1,0.11660999999999999
2547.101,0.123045
2547.102,0.14079
2547.103,0.17979
2547.104,0.20377499999999998
2547.105,0.21216
2547.106,0.20748
2547.107,0.207675
2547.108,0.20007
2547.109,0.191295
2547.11,0.18291
2547.111,0.169455
2547.112,0.158145
2547.113,0.15093
2547.114,0.1248
2547.115,0.110175
2547.116,0.116415
2547.117,0.1287
2547.118,0.13845
2547.119,0.166335
2547.12,0.19305
2547.121,0.20787
2547.122,0.21606
2547.123,0.21372
2547.124,0.21118499999999998
2547.125,0.19695
2547.126,0.19227
2547.127,0.185055
2547.128,0.172965
2547.129,0.163995
2547.13,0.139425
2547.131,0.12558
2547.132,0.11388
2547.133,0.12050999999999999
2547.134,0.13377
2547.135,0.14703
2547.136,0.18291
2547.137,0.21411
2547.138,0.216255
2547.139,0.22561499999999998
2547.14,0.217815
2547.141,0.21411
2547.142,0.21333
2547.143,0.20163
2547.144,0.182715
2547.145,0.171405
2547.146,0.16672499999999998
2547.147,0.142545
2547.148,0.122655
2547.149,0.130455
2547.15,0.13884
2547.151,0.153855
2547.152,0.16614
2547.153,0.195195
2547.154,0.221325
2547.155,0.22639499999999999
2547.156,0.228735
2547.157,0.22464
2547.158,0.215475
2547.159,0.20377499999999998
2547.16,0.19851
2547.161,0.18525
2547.162,0.176475
2547.163,0.160095
2547.164,0.13533
2547.165,0.12792
2547.166,0.12792
2547.167,0.13494
2547.168,0.160095
2547.169,0.181155
2547.17,0.20475
2547.171,0.220935
2547.172,0.22776
2547.173,0.22893
2547.174,0.22191
2547.175,0.210405
2547.176,0.20163
2547.177,0.20124
2547.178,0.17862
2547.179,0.17238
2547.18,0.153855
2547.181,0.12675
2547.182,0.1248
2547.183,0.13104
2547.184,0.1404
2547.185,0.153855
2547.186,0.188175
2547.187,0.21294
2547.188,0.219375
2547.189,0.222495
2547.19,0.22464
2547.191,0.21606
2547.192,0.21411
2547.193,0.204555
2547.194,0.185445
2547.195,0.17862
2547.196,0.166335
2547.197,0.14235
2547.198,0.128895
2547.199,0.128505
2547.2,0.142155
2547.201,0.148005
2547.202,0.16107
2547.203,0.199095
2547.204,0.216645
2547.205,0.229515
2547.206,0.22503
2547.207,0.22542
2547.208,0.21801
2547.209,0.204555
2547.21,0.195
2547.211,0.18096
2547.212,0.17043
2547.213,0.16672499999999998
2547.214,0.14079
2547.215,0.12558
2547.216,0.12675
2547.217,0.135135
2547.218,0.15366
2547.219,0.179595
2547.22,0.205335
2547.221,0.220155
2547.222,0.22542
2547.223,0.23127
2547.224,0.22561499999999998
2547.225,0.213135
2547.226,0.20357999999999998
2547.227,0.201435
2547.228,0.18173999999999998
2547.229,0.17043
2547.23,0.15132
2547.231,0.13299
2547.232,0.12558
2547.233,0.13104
2547.234,0.142935
2547.235,0.156195
2547.236,0.186615
2547.237,0.210015
2547.238,0.219375
2547.239,0.22619999999999998
2547.24,0.21917999999999999
2547.241,0.213915
2547.242,0.208845
2547.243,0.195585
2547.244,0.183495
2547.245,0.170625
2547.246,0.16419
2547.247,0.1404
2547.248,0.12050999999999999
2547.249,0.12070499999999999
2547.25,0.128895
2547.251,0.14449499999999998
2547.252,0.158535
2547.253,0.197535
2547.254,0.21606
2547.255,0.22464
2547.256,0.217815
2547.257,0.21411
2547.258,0.20631
2547.259,0.200655
2547.26,0.195
2547.261,0.18096
2547.262,0.17277
2547.263,0.17043
2547.264,0.141375
2547.265,0.12792
2547.266,0.135915
2547.267,0.146055
2547.268,0.1599
2547.269,0.18875999999999998
2547.27,0.216255
2547.271,0.231855
2547.272,0.235755
2547.273,0.2379
2547.274,0.238875
2547.275,0.22776
2547.276,0.21723
2547.277,0.210015
2547.278,0.197535
2547.279,0.190515
2547.28,0.167895
2547.281,0.151515
2547.282,0.135525
2547.283,0.153075
2547.284,0.162435
2547.285,0.172575
2547.286,0.20396999999999998
2547.287,0.231855
2547.288,0.242385
2547.289,0.24121499999999998
2547.29,0.239655
2547.291,0.23595
2547.292,0.22815
2547.293,0.216255
2547.294,0.20377499999999998
2547.295,0.192855
2547.296,0.182715
2547.297,0.1638
2547.298,0.141375
2547.299,0.142935
2547.3,0.148785
2547.301,0.158535
2547.302,0.178035
2547.303,0.21157499999999999
2547.304,0.23478
2547.305,0.241605
2547.306,0.24101999999999998
2547.307,0.22971
2547.308,0.227175
2547.309,0.22035
2547.31,0.213135
2547.311,0.20046
2547.312,0.18895499999999998
2547.313,0.178815
2547.314,0.149175
2547.315,0.13143
2547.316,0.142545
2547.317,0.153855
2547.318,0.166335
2547.319,0.195195
2547.32,0.22191
2547.321,0.234975
2547.322,0.23907
2547.323,0.23673
2547.324,0.23302499999999998
2547.325,0.222495
2547.326,0.216255
2547.327,0.206115
2547.328,0.195585
2547.329,0.18603
2547.33,0.16731
2547.331,0.146835
2547.332,0.136305
2547.333,0.148785
2547.334,0.153855
2547.335,0.174915
2547.336,0.20357999999999998
2547.337,0.227175
2547.338,0.235365
2547.339,0.236925
2547.34,0.24024
2547.341,0.23244
2547.342,0.219375
2547.343,0.21762
2547.344,0.195975
2547.345,0.19032
2547.346,0.183105
2547.347,0.16575
2547.348,0.14118
2547.349,0.135135
2547.35,0.148785
2547.351,0.163995
2547.352,0.178815
2547.353,0.21528
2547.354,0.23907
2547.355,0.24414
2547.356,0.24062999999999998
2547.357,0.23360999999999998
2547.358,0.22542
2547.359,0.21723
2547.36,0.21079499999999998
2547.361,0.20046
2547.362,0.185055
2547.363,0.17355
2547.364,0.146055
2547.365,0.135135
2547.366,0.13923
2547.367,0.15170999999999998
2547.368,0.160095
2547.369,0.18914999999999998
2547.37,0.217815
2547.371,0.22854
2547.372,0.23868
2547.373,0.228735
2547.374,0.22542
2547.375,0.22035
2547.376,0.20787
2547.377,0.19616999999999998
2547.378,0.18291
2547.379,0.17901
2547.38,0.156975
2547.381,0.1326
2547.382,0.122655
2547.383,0.1287
2547.384,0.14157
2547.385,0.16536
2547.386,0.192855
2547.387,0.216255
2547.388,0.217815
2547.389,0.22464
2547.39,0.22639499999999999
2547.391,0.212355
2547.392,0.21294
2547.393,0.19636499999999998
2547.394,0.18369
2547.395,0.17043
2547.396,0.16575
2547.397,0.142935
2547.398,0.12246
2547.399,0.1248
2547.4,0.128895
2547.401,0.14547
2547.402,0.16107
2547.403,0.195585
2547.404,0.216255
2547.405,0.22113
2547.406,0.220545
2547.407,0.213915
2547.408,0.207675
2547.409,0.19851
2547.41,0.19071
2547.411,0.17667
2547.412,0.16302
2547.413,0.156195
2547.414,0.126555
2547.415,0.11329499999999999
2547.416,0.11660999999999999
2547.417,0.13494
2547.418,0.14859
2547.419,0.17238
2547.42,0.197535
2547.421,0.20787
2547.422,0.213915
2547.423,0.222495
2547.424,0.21098999999999998
2547.425,0.208845
2547.426,0.197535
2547.427,0.188175
2547.428,0.17667
2547.429,0.17199
2547.43,0.147615
2547.431,0.121485
2547.432,0.121095
2547.433,0.12519
2547.434,0.139035
2547.435,0.156195
2547.436,0.18875999999999998
2547.437,0.210405
2547.438,0.208845
2547.439,0.22035
2547.44,0.21723
2547.441,0.21372
2547.442,0.20357999999999998
2547.443,0.195
2547.444,0.182715
2547.445,0.178035
2547.446,0.160095
2547.447,0.136695
2547.448,0.124995
2547.449,0.13143
2547.45,0.132795
2547.451,0.13923
2547.452,0.16224
2547.453,0.195
2547.454,0.21645
2547.455,0.232635
2547.456,0.22619999999999998
2547.457,0.222495
2547.458,0.215475
2547.459,0.206115
2547.46,0.201435
2547.461,0.186225
2547.462,0.17082
2547.463,0.163215
2547.464,0.14079
2547.465,0.122655
2547.466,0.128895
2547.467,0.136695
2547.468,0.156195
2547.469,0.183105
2547.47,0.20475
2547.471,0.216255
2547.472,0.22639499999999999
2547.473,0.22561499999999998
2547.474,0.21723
2547.475,0.21216
2547.476,0.20163
2547.477,0.192855
2547.478,0.18018
2547.479,0.168285
2547.48,0.148005
2547.481,0.130065
2547.482,0.122655
2547.483,0.13104
2547.484,0.14625
2547.485,0.153855
2547.486,0.191295
2547.487,0.21294
2547.488,0.217815
2547.489,0.22815
2547.49,0.21820499999999998
2547.491,0.213135
2547.492,0.20377499999999998
2547.493,0.19539
2547.494,0.18096
2547.495,0.17121
2547.496,0.16263
2547.497,0.14313
2547.498,0.122265
2547.499,0.116415
2547.5,0.1326
2547.501,0.145275
2547.502,0.16302
2547.503,0.192855
2547.504,0.21216
2547.505,0.22035
2547.506,0.216255
2547.507,0.20787
2547.508,0.2028
2547.509,0.19305
2547.51,0.18291
2547.511,0.171015
2547.512,0.15795
2547.513,0.14859
2547.514,0.12050999999999999
2547.515,0.10998
2547.516,0.11739
2547.517,0.13104
2547.518,0.141375
2547.519,0.17511
2547.52,0.20124
2547.521,0.21098999999999998
2547.522,0.213915
2547.523,0.21723
2547.524,0.213915
2547.525,0.195585
2547.526,0.19071
2547.527,0.18447
2547.528,0.166335
2547.529,0.15483
2547.53,0.142545
2547.531,0.12031499999999999
2547.532,0.114855
2547.533,0.119535
2547.534,0.130065
2547.535,0.14429999999999998
2547.536,0.18193499999999999
2547.537,0.20475
2547.538,0.206895
2547.539,0.21372
2547.54,0.21528
2547.541,0.2067
2547.542,0.20124
2547.543,0.18914999999999998
2547.544,0.17432999999999998
2547.545,0.163215
2547.546,0.153855
2547.547,0.132795
2547.548,0.121095
2547.549,0.116415
2547.55,0.128895
2547.551,0.14429999999999998
2547.552,0.15795
2547.553,0.192855
2547.554,0.209235
2547.555,0.217815
2547.556,0.216255
2547.557,0.21567
2547.558,0.20377499999999998
2547.559,0.192855
2547.56,0.18291
2547.561,0.1638
2547.562,0.15795
2547.563,0.156195
2547.564,0.126945
2547.565,0.110175
2547.566,0.117975
2547.567,0.119535
2547.568,0.135135
2547.569,0.16029
2547.57,0.195975
2547.571,0.20377499999999998
2547.572,0.210015
2547.573,0.21294
2547.574,0.201045
2547.575,0.192855
2547.576,0.185055
2547.577,0.170625
2547.578,0.16029
2547.579,0.1599
2547.58,0.1326
2547.581,0.11271
2547.582,0.10647
2547.583,0.11680499999999999
2547.584,0.12675
2547.585,0.141375
2547.586,0.17706
2547.587,0.2028
2547.588,0.2028
2547.589,0.21294
2547.59,0.20357999999999998
2547.591,0.20377499999999998
2547.592,0.192855
2547.593,0.18895499999999998
2547.594,0.171405
2547.595,0.160485
2547.596,0.15756
2547.597,0.13299
2547.598,0.11329499999999999
2547.599,0.111345
2547.6,0.122655
2547.601,0.136695
2547.602,0.16107
2547.603,0.19149
2547.604,0.208455
2547.605,0.215475
2547.606,0.21567
2547.607,0.20787
2547.608,0.200655
2547.609,0.199095
2547.61,0.18525
2547.611,0.170625
2547.612,0.15795
2547.613,0.154635
2547.614,0.12519
2547.615,0.11622
2547.616,0.12050999999999999
2547.617,0.126555
2547.618,0.13923
2547.619,0.170235
2547.62,0.19851
2547.621,0.213135
2547.622,0.216645
2547.623,0.21567
2547.624,0.21294
2547.625,0.2028
2547.626,0.19734
2547.627,0.18134999999999998
2547.628,0.17043
2547.629,0.158535
2547.63,0.14079
2547.631,0.117975
2547.632,0.110175
2547.633,0.126555
2547.634,0.132795
2547.635,0.148785
2547.636,0.18291
2547.637,0.21216
2547.638,0.213135
2547.639,0.21762
2547.64,0.216255
2547.641,0.21216
2547.642,0.201825
2547.643,0.192855
2547.644,0.176475
2547.645,0.166335
2547.646,0.160095
2547.647,0.13708499999999998
2547.648,0.121095
2547.649,0.121095
2547.65,0.126555
2547.651,0.14547
2547.652,0.163995
2547.653,0.191295
2547.654,0.21723
2547.655,0.216255
2547.656,0.216255
2547.657,0.21372
2547.658,0.20377499999999998
2547.659,0.19851
2547.66,0.188175
2547.661,0.17238
2547.662,0.157755
2547.663,0.156975
2547.664,0.12831
2547.665,0.110175
2547.666,0.116415
2547.667,0.12909
2547.668,0.14157
2547.669,0.166335
2547.67,0.20046
2547.671,0.206895
2547.672,0.21372
2547.673,0.21255
2547.674,0.206115
2547.675,0.200655
2547.676,0.19227
2547.677,0.17979
2547.678,0.16029
2547.679,0.156195
2547.68,0.13299
2547.681,0.108615
2547.682,0.103935
2547.683,0.110175
2547.684,0.125775
2547.685,0.139035
2547.686,0.167505
2547.687,0.191295
2547.688,0.20163
2547.689,0.202995
2547.69,0.201825
2547.691,0.195975
2547.692,0.18954
2547.693,0.181155
2547.694,0.166335
2547.695,0.15288
2547.696,0.136695
2547.697,0.11817
2547.698,0.10178999999999999
2547.699,0.10178999999999999
2547.7,0.107055
2547.701,0.122655
2547.702,0.142935
2547.703,0.17121
2547.704,0.19616999999999998
2547.705,0.202215
2547.706,0.201435
2547.707,0.19695
2547.708,0.191295
2547.709,0.182325
2547.71,0.173745
2547.711,0.158145
2547.712,0.142545
2547.713,0.13884
2547.714,0.103935
2547.715,0.10062
2547.716,0.100035
2547.717,0.114075
2547.718,0.1326
2547.719,0.156
2547.72,0.185055
2547.721,0.191295
2547.722,0.19929
2547.723,0.197535
2547.724,0.19227
2547.725,0.186615
2547.726,0.17862
2547.727,0.166335
2547.728,0.15229499999999999
2547.729,0.14625
2547.73,0.12558
2547.731,0.110175
2547.732,0.0975
2547.733,0.108225
2547.734,0.115635
2547.735,0.1326
2547.736,0.17043
2547.737,0.18914999999999998
2547.738,0.19636499999999998
2547.739,0.20007
2547.74,0.192855
2547.741,0.191295
2547.742,0.181155
2547.743,0.17667
2547.744,0.169455
2547.745,0.158145
2547.746,0.14508
2547.747,0.11934
2547.748,0.10803
2547.749,0.11388
2547.75,0.116415
2547.751,0.12986999999999999
2547.752,0.15366
2547.753,0.18096
2547.754,0.19851
2547.755,0.20357999999999998
2547.756,0.20416499999999999
2547.757,0.20007
2547.758,0.185055
2547.759,0.185055
2547.76,0.17628
2547.761,0.15717
2547.762,0.14937
2547.763,0.13377
2547.764,0.10803
2547.765,0.100815
2547.766,0.103935
2547.767,0.11544
2547.768,0.125775
2547.769,0.15366
2547.77,0.18134999999999998
2547.771,0.195975
2547.772,0.193635
2547.773,0.195975
2547.774,0.1911
2547.775,0.186225
2547.776,0.177255
2547.777,0.166335
2547.778,0.15209999999999999
2547.779,0.14547
2547.78,0.12363
2547.781,0.097695
2547.782,0.09243
2547.783,0.103935
2547.784,0.11583
2547.785,0.13533
2547.786,0.168285
2547.787,0.18603
2547.788,0.195975
2547.789,0.200655
2547.79,0.19851
2547.791,0.18914999999999998
2547.792,0.178815
2547.793,0.176865
2547.794,0.160095
2547.795,0.148785
2547.796,0.141375
2547.797,0.11622
2547.798,0.100815
2547.799,0.100815
2547.8,0.111345
2547.801,0.12050999999999999
2547.802,0.146445
2547.803,0.171405
2547.804,0.19227
2547.805,0.197535
2547.806,0.195
2547.807,0.18914999999999998
2547.808,0.185055
2547.809,0.17043
2547.81,0.16614
2547.811,0.153855
2547.812,0.14118
2547.813,0.13299
2547.814,0.11037
2547.815,0.09555
2547.816,0.092625
2547.817,0.107055
2547.818,0.12636
2547.819,0.153855
2547.82,0.18193499999999999
2547.821,0.19773
2547.822,0.197535
2547.823,0.194415
2547.824,0.191295
2547.825,0.18291
2547.826,0.175695
2547.827,0.160485
2547.828,0.15132
2547.829,0.140595
2547.83,0.12792
2547.831,0.10374
2547.832,0.09437999999999999
2547.833,0.10296
2547.834,0.11583
2547.835,0.133575
2547.836,0.16614
2547.837,0.183105
2547.838,0.18914999999999998
2547.839,0.195
2547.84,0.191685
2547.841,0.18173999999999998
2547.842,0.170625
2547.843,0.170235
2547.844,0.150735
2547.845,0.13923
2547.846,0.12831
2547.847,0.10764
2547.848,0.091455
2547.849,0.092625
2547.85,0.100815
2547.851,0.116415
2547.852,0.139035
2547.853,0.166335
2547.854,0.185055
2547.855,0.19149
2547.856,0.185055
2547.857,0.18096
2547.858,0.17121
2547.859,0.17082
2547.86,0.158925
2547.861,0.15366
2547.862,0.13455
2547.863,0.12519
2547.864,0.091455
2547.865,0.085215
2547.866,0.09126
2547.867,0.10335
2547.868,0.11329499999999999
2547.869,0.141375
2547.87,0.167895
2547.871,0.18291
2547.872,0.1833
2547.873,0.18525
2547.874,0.17862
2547.875,0.171015
2547.876,0.15795
2547.877,0.153855
2547.878,0.14547
2547.879,0.135135
2547.88,0.114075
2547.881,0.093015
2547.882,0.08931
2547.883,0.093015
2547.884,0.11115
2547.885,0.12792
2547.886,0.15911999999999998
2547.887,0.18291
2547.888,0.18603
2547.889,0.18914999999999998
2547.89,0.18895499999999998
2547.891,0.18875999999999998
2547.892,0.18134999999999998
2547.893,0.16887
2547.894,0.151125
2547.895,0.139425
2547.896,0.12986999999999999
2547.897,0.108615
2547.898,0.09048
2547.899,0.09555
2547.9,0.10023
2547.901,0.115635
2547.902,0.13923
2547.903,0.166335
2547.904,0.188175
2547.905,0.19695
2547.906,0.19305
2547.907,0.19188
2547.908,0.178815
2547.909,0.17355
2547.91,0.16848
2547.911,0.149565
2547.912,0.14235
2547.913,0.136695
2547.914,0.110175
2547.915,0.09555
2547.916,0.10647
2547.917,0.11427
2547.918,0.12636
2547.919,0.153855
2547.92,0.179205
2547.921,0.195585
2547.922,0.195585
2547.923,0.19539
2547.924,0.18603
2547.925,0.18291
2547.926,0.172965
2547.927,0.15795
2547.928,0.14429999999999998
2547.929,0.131235
2547.93,0.117975
2547.931,0.092625
2547.932,0.08931
2547.933,0.096525
2547.934,0.110175
2547.935,0.117585
2547.936,0.15327
2547.937,0.178815
2547.938,0.18291
2547.939,0.181155
2547.94,0.18018
2547.941,0.173745
2547.942,0.16575
2547.943,0.15444
2547.944,0.141375
2547.945,0.1287
2547.946,0.119535
2547.947,0.09984
2547.948,0.08268
2547.949,0.08112
2547.95,0.08931
2547.951,0.107055
2547.952,0.12792
2547.953,0.154635
2547.954,0.170625
2547.955,0.18173999999999998
2547.956,0.18193499999999999
2547.957,0.171015
2547.958,0.165555
2547.959,0.16302
2547.96,0.15444
2547.961,0.12909
2547.962,0.12050999999999999
2547.963,0.11544
2547.964,0.08658
2547.965,0.078975
2547.966,0.086385
2547.967,0.101595
2547.968,0.10939499999999999
2547.969,0.1404
2547.97,0.167505
2547.971,0.17862
2547.972,0.178815
2547.973,0.18134999999999998
2547.974,0.17472
2547.975,0.16926
2547.976,0.1638
2547.977,0.14625
2547.978,0.14235
2547.979,0.130065
2547.98,0.11329499999999999
2547.981,0.09126
2547.982,0.083655
2547.983,0.09126
2547.984,0.10686
2547.985,0.11739
2547.986,0.153855
2547.987,0.17979
2547.988,0.18603
2547.989,0.1911
2547.99,0.187005
2547.991,0.178815
2547.992,0.172575
2547.993,0.163215
2547.994,0.148785
2547.995,0.14079
2547.996,0.128115
2547.997,0.10764
2547.998,0.09086999999999999
2547.999,0.09321
2548.0,0.103155
2548.001,0.11309999999999999
2548.002,0.13688999999999998
2548.003,0.166335
2548.004,0.18603
2548.005,0.18914999999999998
2548.006,0.185055
2548.007,0.183495
2548.008,0.17043
2548.009,0.16419
2548.01,0.15795
2548.011,0.14547
2548.012,0.132795
2548.013,0.116415
2548.014,0.09457499999999999
2548.015,0.072735
2548.016,0.085215
2548.017,0.09555
2548.018,0.108225
2548.019,0.135915
2548.02,0.16263
2548.021,0.17355
2548.022,0.171015
2548.023,0.167895
2548.024,0.16614
2548.025,0.156195
2548.026,0.150735
2548.027,0.13533
2548.028,0.122655
2548.029,0.116415
2548.03,0.09789
2548.031,0.078
2548.032,0.07059
2548.033,0.07683
2548.034,0.0819
2548.035,0.100815
2548.036,0.13611
2548.037,0.156
2548.038,0.16575
2548.039,0.163215
2548.04,0.16302
2548.041,0.153855
2548.042,0.14508
2548.043,0.14079
2548.044,0.12986999999999999
2548.045,0.11583
2548.046,0.10374
2548.047,0.082875
2548.048,0.066495
2548.049,0.066885
2548.05,0.073125
2548.051,0.093015
2548.052,0.12012
2548.053,0.147615
2548.054,0.16029
2548.055,0.166335
2548.056,0.17043
2548.057,0.17004
2548.058,0.158145
2548.059,0.147615
2548.06,0.140595
2548.061,0.12675
2548.062,0.116415
2548.063,0.103935
2548.064,0.08112
2548.065,0.06552
2548.066,0.07137
2548.067,0.08696999999999999
2548.068,0.102375
2548.069,0.133185
2548.07,0.162435
2548.071,0.16731
2548.072,0.167895
2548.073,0.17043
2548.074,0.16263
2548.075,0.153855
2548.076,0.141765
2548.077,0.13299
2548.078,0.122655
2548.079,0.11427
2548.08,0.09067499999999999
2548.081,0.072735
2548.082,0.07254
2548.083,0.07839
2548.084,0.09126
2548.085,0.114075
2548.086,0.14235
2548.087,0.160095
2548.088,0.17355
2548.089,0.17511
2548.09,0.17043
2548.091,0.158535
2548.092,0.153855
2548.093,0.14547
2548.094,0.13299
2548.095,0.118365
2548.096,0.10803
2548.097,0.0897
2548.098,0.071565
2548.099,0.07371
2548.1,0.084045
2548.101,0.097695
2548.102,0.124995
2548.103,0.14547
2548.104,0.168285
2548.105,0.166335
2548.106,0.16419
2548.107,0.166335
2548.108,0.15678
2548.109,0.14547
2548.11,0.13611
2548.111,0.12285
2548.112,0.11427
2548.113,0.09457499999999999
2548.114,0.07254
2548.115,0.06318
2548.116,0.07059
2548.117,0.08326499999999999
2548.118,0.08931
2548.119,0.12012
2548.12,0.14391
2548.121,0.15366
2548.122,0.158145
2548.123,0.156
2548.124,0.146445
2548.125,0.13923
2548.126,0.132015
2548.127,0.116415
2548.128,0.103935
2548.129,0.09594
2548.13,0.072735
2548.131,0.057915
2548.132,0.050894999999999996
2548.133,0.05772
2548.134,0.06747
2548.135,0.0858
2548.136,0.12050999999999999
2548.137,0.140595
2548.138,0.15327
2548.139,0.147615
2548.14,0.14274
2548.141,0.13688999999999998
2548.142,0.12909
2548.143,0.117195
2548.144,0.10413
2548.145,0.093015
2548.146,0.088335
2548.147,0.06279
2548.148,0.04563
2548.149,0.051675
2548.15,0.061815
2548.151,0.073905
2548.152,0.100815
2548.153,0.133185
2548.154,0.14781
2548.155,0.15366
2548.156,0.15639
2548.157,0.153075
2548.158,0.142155
2548.159,0.136305
2548.16,0.13806
2548.161,0.11115
2548.162,0.10296
2548.163,0.09516
2548.164,0.067665
2548.165,0.06318
2548.166,0.06825
2548.167,0.08307
2548.168,0.09555
2548.169,0.128895
2548.17,0.149175
2548.171,0.163995
2548.172,0.17043
2548.173,0.166335
2548.174,0.16263
2548.175,0.153855
2548.176,0.14547
2548.177,0.13104
2548.178,0.124995
2548.179,0.11388
2548.18,0.091455
2548.181,0.069615
2548.182,0.067665
2548.183,0.082095
2548.184,0.093015
2548.185,0.106275
2548.186,0.1404
2548.187,0.166335
2548.188,0.17043
2548.189,0.16419
2548.19,0.16614
2548.191,0.15405
2548.192,0.150735
2548.193,0.13884
2548.194,0.128115
2548.195,0.11680499999999999
2548.196,0.10549499999999999
2548.197,0.085215
2548.198,0.06552
2548.199,0.0663
2548.2,0.07585499999999999
2548.201,0.09086999999999999
2548.202,0.11427
2548.203,0.14079
2548.204,0.15190499999999998
2548.205,0.160095
2548.206,0.15950999999999999
2548.207,0.15795
2548.208,0.142935
2548.209,0.136305
2548.21,0.123435
2548.211,0.11583
2548.212,0.09867
2548.213,0.082875
2548.214,0.058695
2548.215,0.05694
2548.216,0.05811
2548.217,0.06591
2548.218,0.078195
2548.219,0.103935
2548.22,0.1404
2548.221,0.138255
2548.222,0.143325
2548.223,0.14118
2548.224,0.13923
2548.225,0.12558
2548.226,0.117975
2548.227,0.10803
2548.228,0.09321
2548.229,0.083655
2548.23,0.06552
2548.231,0.0507
2548.232,0.039
2548.233,0.05304
2548.234,0.06435
2548.235,0.077025
2548.236,0.116415
2548.237,0.132795
2548.238,0.136305
2548.239,0.13533
2548.24,0.136695
2548.241,0.1248
2548.242,0.116415
2548.243,0.10958999999999999
2548.244,0.09457499999999999
2548.245,0.082095
2548.246,0.071565
2548.247,0.0507
2548.248,0.029445
2548.249,0.03627
2548.25,0.046215
2548.251,0.05811
2548.252,0.0819
2548.253,0.10803
2548.254,0.1287
2548.255,0.13299
2548.256,0.128895
2548.257,0.128115
2548.258,0.116415
2548.259,0.107835
2548.26,0.097695
2548.261,0.084045
2548.262,0.07254
2548.263,0.060254999999999996
2548.264,0.041535
2548.265,0.02574
2548.266,0.035295
2548.267,0.04485
2548.268,0.063375
2548.269,0.09516
2548.27,0.12050999999999999
2548.271,0.131235
2548.272,0.1326
2548.273,0.13377
2548.274,0.1248
2548.275,0.114465
2548.276,0.106275
2548.277,0.09067499999999999
2548.278,0.07839
2548.279,0.07293
2548.28,0.050115
2548.281,0.0351
2548.282,0.02691
2548.283,0.03627
2548.284,0.046215
2548.285,0.056355
2548.286,0.091455
2548.287,0.12050999999999999
2548.288,0.12986999999999999
2548.289,0.12792
2548.29,0.13104
2548.291,0.116415
2548.292,0.11232
2548.293,0.100035
2548.294,0.088335
2548.295,0.077025
2548.296,0.070785
2548.297,0.039195
2548.298,0.02691
2548.299,0.029055
2548.3,0.039195
2548.301,0.05187
2548.302,0.078975
2548.303,0.09984
2548.304,0.11622
2548.305,0.123435
2548.306,0.12792
2548.307,0.122655
2548.308,0.116415
2548.309,0.10958999999999999
2548.31,0.093015
2548.311,0.07293
2548.312,0.07059
2548.313,0.05226
2548.314,0.03003
2548.315,0.020864999999999998
2548.316,0.033345
2548.317,0.045434999999999996
2548.318,0.054015
2548.319,0.084045
2548.32,0.110175
2548.321,0.117975
2548.322,0.12031499999999999
2548.323,0.12246
2548.324,0.116415
2548.325,0.110175
2548.326,0.10686
2548.327,0.092625
2548.328,0.08112
2548.329,0.070395
2548.33,0.0507
2548.331,0.030615
2548.332,0.02808
2548.333,0.04134
2548.334,0.04992
2548.335,0.06591
2548.336,0.100815
2548.337,0.12050999999999999
2548.338,0.12967499999999998
2548.339,0.126555
2548.34,0.122655
2548.341,0.11622
2548.342,0.11427
2548.343,0.097695
2548.344,0.08268
2548.345,0.07917
2548.346,0.072735
2548.347,0.04992
2548.348,0.031004999999999998
2548.349,0.031395
2548.35,0.041535
2548.351,0.0624
2548.352,0.08151
2548.353,0.108615
2548.354,0.132015
2548.355,0.13182
2548.356,0.13377
2548.357,0.1326
2548.358,0.12050999999999999
2548.359,0.11583
2548.36,0.10764
2548.361,0.085605
2548.362,0.07995
2548.363,0.057135
2548.364,0.04329
2548.365,0.03627
2548.366,0.04602
2548.367,0.052065
2548.368,0.066495
2548.369,0.09789
2548.37,0.122655
2548.371,0.13143
2548.372,0.13806
2548.373,0.13143
2548.374,0.125775
2548.375,0.12070499999999999
2548.376,0.11388
2548.377,0.1014
2548.378,0.08931
2548.379,0.077415
2548.38,0.06045
2548.381,0.036855
2548.382,0.0351
2548.383,0.04563
2548.384,0.05421
2548.385,0.07839
2548.386,0.103935
2548.387,0.12675
2548.388,0.13923
2548.389,0.13299
2548.39,0.12831
2548.391,0.123435
2548.392,0.12031499999999999
2548.393,0.107055
2548.394,0.092625
2548.395,0.078975
2548.396,0.071175
2548.397,0.044655
2548.398,0.0312
2548.399,0.03471
2548.4,0.045825
2548.401,0.056745
2548.402,0.08931
2548.403,0.117975
2548.404,0.132795
2548.405,0.135135
2548.406,0.135135
2548.407,0.128895
2548.408,0.121095
2548.409,0.107835
2548.41,0.10608
2548.411,0.0897
2548.412,0.07683
2548.413,0.054015
2548.414,0.04134
2548.415,0.03003
2548.416,0.033345
2548.417,0.044655
2548.418,0.060254999999999996
2548.419,0.089895
2548.42,0.117195
2548.421,0.12363
2548.422,0.13104
2548.423,0.128895
2548.424,0.122655
2548.425,0.11660999999999999
2548.426,0.107055
2548.427,0.103935
2548.428,0.084825
2548.429,0.078975
2548.43,0.059085
2548.431,0.041535
2548.432,0.036855
2548.433,0.0507
2548.434,0.057915
2548.435,0.07585499999999999
2548.436,0.116415
2548.437,0.13455
2548.438,0.14508
2548.439,0.141375
2548.44,0.13688999999999998
2548.441,0.132015
2548.442,0.12792
2548.443,0.114075
2548.444,0.103935
2548.445,0.096135
2548.446,0.085215
2548.447,0.064545
2548.448,0.04563
2548.449,0.054015
2548.45,0.06318
2548.451,0.08112
2548.452,0.10881
2548.453,0.138255
2548.454,0.150735
2548.455,0.153855
2548.456,0.156195
2548.457,0.14937
2548.458,0.141375
2548.459,0.1326
2548.46,0.12675
2548.461,0.11388
2548.462,0.10803
2548.463,0.08892
2548.464,0.063375
2548.465,0.066495
2548.466,0.07371
2548.467,0.0819
2548.468,0.097695
2548.469,0.125775
2548.47,0.156
2548.471,0.163215
2548.472,0.167505
2548.473,0.166335
2548.474,0.162435
2548.475,0.158535
2548.476,0.150735
2548.477,0.132795
2548.478,0.11934
2548.479,0.110175
2548.48,0.09126
2548.481,0.072735
2548.482,0.0663
2548.483,0.07683
2548.484,0.093405
2548.485,0.11427
2548.486,0.143325
2548.487,0.17004
2548.488,0.173745
2548.489,0.172575
2548.49,0.172575
2548.491,0.163215
2548.492,0.158145
2548.493,0.14547
2548.494,0.133185
2548.495,0.123825
2548.496,0.11544
2548.497,0.085605
2548.498,0.07254
2548.499,0.075075
2548.5,0.08814
2548.501,0.103155
2548.502,0.12675
2548.503,0.156195
2548.504,0.172575
2548.505,0.171015
2548.506,0.171405
2548.507,0.169455
2548.508,0.160485
2548.509,0.153855
2548.51,0.14429999999999998
2548.511,0.128895
2548.512,0.12050999999999999
2548.513,0.10178999999999999
2548.514,0.077025
2548.515,0.068055
2548.516,0.074295
2548.517,0.085215
2548.518,0.10296
2548.519,0.13299
2548.52,0.153855
2548.521,0.167505
2548.522,0.170235
2548.523,0.16887
2548.524,0.161655
2548.525,0.151515
2548.526,0.147615
2548.527,0.1326
2548.528,0.119145
2548.529,0.116415
2548.53,0.091455
2548.531,0.074685
2548.532,0.066495
2548.533,0.073125
2548.534,0.092235
2548.535,0.10062
2548.536,0.141375
2548.537,0.1638
2548.538,0.176475
2548.539,0.169455
2548.54,0.16809
2548.541,0.16029
2548.542,0.15950999999999999
2548.543,0.149565
2548.544,0.133965
2548.545,0.117975
2548.546,0.11115
2548.547,0.08716499999999999
2548.548,0.074295
2548.549,0.078
2548.55,0.086775
2548.551,0.103935
2548.552,0.13299
2548.553,0.158535
2548.554,0.17043
2548.555,0.178035
2548.556,0.17667
2548.557,0.17355
2548.558,0.16419
2548.559,0.15873
2548.56,0.14586
2548.561,0.12675
2548.562,0.12519
2548.563,0.09867
2548.564,0.074685
2548.565,0.072735
2548.566,0.078975
2548.567,0.08696999999999999
2548.568,0.106665
2548.569,0.138255
2548.57,0.158925
2548.571,0.16711499999999999
2548.572,0.17413499999999998
2548.573,0.171015
2548.574,0.16887
2548.575,0.15366
2548.576,0.145275
2548.577,0.132015
2548.578,0.116415
2548.579,0.108615
2548.58,0.086385
2548.581,0.064155
2548.582,0.06552
2548.583,0.075075
2548.584,0.085605
2548.585,0.09555
2548.586,0.133965
2548.587,0.158925
2548.588,0.16809
2548.589,0.163995
2548.59,0.16302
2548.591,0.153075
2548.592,0.14859
2548.593,0.136695
2548.594,0.11622
2548.595,0.110955
2548.596,0.101595
2548.597,0.07566
2548.598,0.0624
2548.599,0.06493499999999999
2548.6,0.078975
2548.601,0.09321
2548.602,0.11583
2548.603,0.14157
2548.604,0.160875
2548.605,0.160095
2548.606,0.163215
2548.607,0.15970499999999999
2548.608,0.14703
2548.609,0.136305
2548.61,0.133575
2548.611,0.114075
2548.612,0.11309999999999999
2548.613,0.08931
2548.614,0.068055
2548.615,0.06396
2548.616,0.06591
2548.617,0.084045
2548.618,0.09516
2548.619,0.126165
2548.62,0.15366
2548.621,0.16029
2548.622,0.167505
2548.623,0.166335
2548.624,0.153855
2548.625,0.147615
2548.626,0.14235
2548.627,0.133185
2548.628,0.118365
2548.629,0.112515
2548.63,0.091455
2548.631,0.076635
2548.632,0.069615
2548.633,0.085215
2548.634,0.093405
2548.635,0.11817
2548.636,0.150735
2548.637,0.175695
2548.638,0.18096
2548.639,0.18252
2548.64,0.17667
2548.641,0.166335
2548.642,0.163215
2548.643,0.157755
2548.644,0.140595
2548.645,0.12986999999999999
2548.646,0.12031499999999999
2548.647,0.096135
2548.648,0.083655
2548.649,0.08502
2548.65,0.098475
2548.651,0.11329499999999999
2548.652,0.13923
2548.653,0.169455
2548.654,0.17901
2548.655,0.179205
2548.656,0.183495
2548.657,0.17862
2548.658,0.16691999999999999
2548.659,0.15834
2548.66,0.14859
2548.661,0.135135
2548.662,0.126555
2548.663,0.10491
2548.664,0.086775
2548.665,0.0819
2548.666,0.08307
2548.667,0.09808499999999999
2548.668,0.10803
2548.669,0.140595
2548.67,0.16302
2548.671,0.170235
2548.672,0.17979
2548.673,0.1755
2548.674,0.16809
2548.675,0.15756
2548.676,0.14625
2548.677,0.13299
2548.678,0.1248
2548.679,0.108225
2548.68,0.092625
2548.681,0.07176
2548.682,0.06552
2548.683,0.07371
2548.684,0.091455
2548.685,0.103155
2548.686,0.136695
2548.687,0.16224
2548.688,0.172575
2548.689,0.16614
2548.69,0.157755
2548.691,0.149175
2548.692,0.140595
2548.693,0.128895
2548.694,0.11739
2548.695,0.10647
2548.696,0.100035
2548.697,0.07059
2548.698,0.05772
2548.699,0.059865
2548.7,0.07371
2548.701,0.085215
2548.702,0.11388
2548.703,0.14118
2548.704,0.15288
2548.705,0.15678
2548.706,0.156
2548.707,0.14937
2548.708,0.146055
2548.709,0.13182
2548.71,0.12558
2548.711,0.11329499999999999
2548.712,0.103935
2548.713,0.082095
2548.714,0.06279
2548.715,0.052455
2548.716,0.06552
2548.717,0.078975
2548.718,0.09516
2548.719,0.1248
2548.72,0.140595
2548.721,0.146445
2548.722,0.151515
2548.723,0.153855
2548.724,0.14391
2548.725,0.133185
2548.726,0.12831
2548.727,0.117975
2548.728,0.10764
2548.729,0.09457499999999999
2548.73,0.073125
2548.731,0.05187
2548.732,0.057135
2548.733,0.0624
2548.734,0.076635
2548.735,0.095355
2548.736,0.121095
2548.737,0.147615
2548.738,0.149175
2548.739,0.149175
2548.74,0.14547
2548.741,0.14508
2548.742,0.132015
2548.743,0.117585
2548.744,0.10764
2548.745,0.093405
2548.746,0.088335
2548.747,0.06318
2548.748,0.047775
2548.749,0.05187
2548.75,0.0663
2548.751,0.07683
2548.752,0.10803
2548.753,0.13104
2548.754,0.142935
2548.755,0.147615
2548.756,0.15288
2548.757,0.14508
2548.758,0.13806
2548.759,0.124995
2548.76,0.122655
2548.761,0.103155
2548.762,0.09457499999999999
2548.763,0.07293
2548.764,0.05304
2548.765,0.045825
2548.766,0.05811
2548.767,0.0702
2548.768,0.08268
2548.769,0.11583
2548.77,0.141375
2548.771,0.146055
2548.772,0.153855
2548.773,0.156975
2548.774,0.147615
2548.775,0.135135
2548.776,0.13143
2548.777,0.11660999999999999
2548.778,0.10803
2548.779,0.09867
2548.78,0.07878
2548.781,0.058695
2548.782,0.058695
2548.783,0.071175
2548.784,0.08541
2548.785,0.10178999999999999
2548.786,0.13923
2548.787,0.16302
2548.788,0.171015
2548.789,0.172575
2548.79,0.16263
2548.791,0.155415
2548.792,0.149175
2548.793,0.135135
2548.794,0.1287
2548.795,0.116415
2548.796,0.10803
2548.797,0.078
2548.798,0.071175
2548.799,0.07683
2548.8,0.08424
2548.801,0.09984
2548.802,0.124995
2548.803,0.15795
2548.804,0.16575
2548.805,0.17413499999999998
2548.806,0.17043
2548.807,0.16731
2548.808,0.15678
2548.809,0.15132
2548.81,0.141375
2548.811,0.124995
2548.812,0.111345
2548.813,0.09672
2548.814,0.076635
2548.815,0.07059
2548.816,0.07878
2548.817,0.085605
2548.818,0.1014
2548.819,0.13611
2548.82,0.158925
2548.821,0.158145
2548.822,0.16575
2548.823,0.160095
2548.824,0.15795
2548.825,0.15054
2548.826,0.145275
2548.827,0.13494
2548.828,0.12207
2548.829,0.10803
2548.83,0.09048
2548.831,0.07059
2548.832,0.072735
2548.833,0.08307
2548.834,0.097695
2548.835,0.116415
2548.836,0.14859
2548.837,0.17238
2548.838,0.176475
2548.839,0.172965
2548.84,0.172575
2548.841,0.16652999999999998
2548.842,0.1599
2548.843,0.153855
2548.844,0.13923
2548.845,0.131235
2548.846,0.123045
2548.847,0.09984
2548.848,0.08268
2548.849,0.084045
2548.85,0.107835
2548.851,0.11583
2548.852,0.140595
2548.853,0.170625
2548.854,0.18914999999999998
2548.855,0.195585
2548.856,0.19149
2548.857,0.185445
2548.858,0.182715
2548.859,0.172575
2548.86,0.160095
2548.861,0.147615
2548.862,0.14235
2548.863,0.116415
2548.864,0.103935
2548.865,0.09808499999999999
2548.866,0.107055
2548.867,0.116415
2548.868,0.136695
2548.869,0.16652999999999998
2548.87,0.198315
2548.871,0.20046
2548.872,0.208455
2548.873,0.20787
2548.874,0.19851
2548.875,0.194415
2548.876,0.186225
2548.877,0.17355
2548.878,0.1638
2548.879,0.157755
2548.88,0.135915
2548.881,0.11388
2548.882,0.11309999999999999
2548.883,0.125775
2548.884,0.13708499999999998
2548.885,0.15444
2548.886,0.19383
2548.887,0.21411
2548.888,0.216255
2548.889,0.217815
2548.89,0.213135
2548.891,0.20787
2548.892,0.194415
2548.893,0.19032
2548.894,0.176475
2548.895,0.16731
2548.896,0.156975
2548.897,0.124995
2548.898,0.11660999999999999
2548.899,0.118755
2548.9,0.12909
2548.901,0.142545
2548.902,0.17004
2548.903,0.197535
2548.904,0.210015
2548.905,0.216255
2548.906,0.213135
2548.907,0.210015
2548.908,0.2067
2548.909,0.195195
2548.91,0.18525
2548.911,0.166335
2548.912,0.16419
2548.913,0.13884
2548.914,0.125775
2548.915,0.11329499999999999
2548.916,0.12031499999999999
2548.917,0.131235
2548.918,0.14937
2548.919,0.176475
2548.92,0.20475
2548.921,0.20787
2548.922,0.214695
2548.923,0.21878999999999998
2548.924,0.20748
2548.925,0.197925
2548.926,0.18447
2548.927,0.17043
2548.928,0.15795
2548.929,0.150735
2548.93,0.132015
2548.931,0.11388
2548.932,0.11309999999999999
2548.933,0.125775
2548.934,0.13962
2548.935,0.15327
2548.936,0.185055
2548.937,0.2028
2548.938,0.21021
2548.939,0.213915
2548.94,0.207675
2548.941,0.20007
2548.942,0.1872
2548.943,0.18173999999999998
2548.944,0.166335
2548.945,0.15678
2548.946,0.146055
2548.947,0.122655
2548.948,0.11427
2548.949,0.115635
2548.95,0.12031499999999999
2548.951,0.140595
2548.952,0.16672499999999998
2548.953,0.195
2548.954,0.20377499999999998
2548.955,0.2067
2548.956,0.210015
2548.957,0.206115
2548.958,0.195975
2548.959,0.19071
2548.96,0.178815
2548.961,0.158925
2548.962,0.158535
2548.963,0.13806
2548.964,0.116415
2548.965,0.114855
2548.966,0.12675
2548.967,0.13611
2548.968,0.153855
2548.969,0.18193499999999999
2548.97,0.20475
2548.971,0.20748
2548.972,0.21411
2548.973,0.21216
2548.974,0.20787
2548.975,0.197535
2548.976,0.191295
2548.977,0.173745
2548.978,0.16731
2548.979,0.15678
2548.98,0.13221
2548.981,0.12012
2548.982,0.11544
2548.983,0.12050999999999999
2548.984,0.13884
2548.985,0.15795
2548.986,0.187785
2548.987,0.20787
2548.988,0.21606
2548.989,0.21411
2548.99,0.210015
2548.991,0.199095
2548.992,0.191295
2548.993,0.18291
2548.994,0.16887
2548.995,0.15873
2548.996,0.15288
2548.997,0.121095
2548.998,0.110175
2548.999,0.117585
2549.0,0.121095
2549.001,0.13688999999999998
2549.002,0.16302
2549.003,0.194415
2549.004,0.20748
2549.005,0.210015
2549.006,0.20943
2549.007,0.20163
2549.008,0.195
2549.009,0.194415
2549.01,0.18096
2549.011,0.163215
2549.012,0.15795
2549.013,0.136695
2549.014,0.11660999999999999
2549.015,0.10803
2549.016,0.115635
2549.017,0.127335
2549.018,0.141375
2549.019,0.17862
2549.02,0.20163
2549.021,0.20046
2549.022,0.21216
2549.023,0.208455
2549.024,0.19539
2549.025,0.186615
2549.026,0.18173999999999998
2549.027,0.17316
2549.028,0.153855
2549.029,0.147615
2549.03,0.125775
2549.031,0.10023
2549.032,0.10413
2549.033,0.11388
2549.034,0.12597
2549.035,0.14508
2549.036,0.17901
2549.037,0.20124
2549.038,0.20592
2549.039,0.208455
2549.04,0.201435
2549.041,0.20163
2549.042,0.18291
2549.043,0.177255
2549.044,0.156
2549.045,0.147615
2549.046,0.136305
2549.047,0.11309999999999999
2549.048,0.100815
2549.049,0.103935
2549.05,0.11349
2549.051,0.128115
2549.052,0.156975
2549.053,0.183105
2549.054,0.195
2549.055,0.195975
2549.056,0.197535
2549.057,0.190515
2549.058,0.180375
2549.059,0.168285
2549.06,0.16224
2549.061,0.148005
2549.062,0.13923
2549.063,0.117975
2549.064,0.097695
2549.065,0.09048
2549.066,0.097695
2549.067,0.110175
2549.068,0.126555
2549.069,0.16029
2549.07,0.18603
2549.071,0.183105
2549.072,0.1911
2549.073,0.185055
2549.074,0.18193499999999999
2549.075,0.17043
2549.076,0.16224
2549.077,0.14742
2549.078,0.133575
2549.079,0.126555
2549.08,0.107055
2549.081,0.089505
2549.082,0.08326499999999999
2549.083,0.091455
2549.084,0.107055
2549.085,0.128895
2549.086,0.162435
2549.087,0.17823
2549.088,0.184665
2549.089,0.18291
2549.09,0.18252
2549.091,0.16731
2549.092,0.158535
2549.093,0.156
2549.094,0.139425
2549.095,0.13143
2549.096,0.122655
2549.097,0.092235
2549.098,0.082875
2549.099,0.0819
2549.1,0.1014
2549.101,0.11622
2549.102,0.13923
2549.103,0.169455
2549.104,0.18193499999999999
2549.105,0.182715
2549.106,0.180375
2549.107,0.170625
2549.108,0.17043
2549.109,0.16341
2549.11,0.150735
2549.111,0.136305
2549.112,0.128895
2549.113,0.11622
2549.114,0.09086999999999999
2549.115,0.08775
2549.116,0.098475
2549.117,0.106275
2549.118,0.11895
2549.119,0.153855
2549.12,0.17667
2549.121,0.185055
2549.122,0.185055
2549.123,0.19032
2549.124,0.18291
2549.125,0.172575
2549.126,0.160095
2549.127,0.149565
2549.128,0.141765
2549.129,0.12947999999999998
2549.13,0.11271
2549.131,0.092625
2549.132,0.096135
2549.133,0.10062
2549.134,0.11583
2549.135,0.141375
2549.136,0.169455
2549.137,0.186615
2549.138,0.191295
2549.139,0.192465
2549.14,0.185445
2549.141,0.178815
2549.142,0.172965
2549.143,0.16458
2549.144,0.15132
2549.145,0.142935
2549.146,0.128505
2549.147,0.10803
2549.148,0.093015
2549.149,0.106275
2549.15,0.11427
2549.151,0.12753
2549.152,0.15931499999999998
2549.153,0.185835
2549.154,0.20377499999999998
2549.155,0.20357999999999998
2549.156,0.20202
2549.157,0.195195
2549.158,0.186615
2549.159,0.18096
2549.16,0.16731
2549.161,0.157755
2549.162,0.147615
2549.163,0.128115
2549.164,0.110175
2549.165,0.10803
2549.166,0.108615
2549.167,0.125775
2549.168,0.138255
2549.169,0.17355
2549.17,0.192855
2549.171,0.200655
2549.172,0.197535
2549.173,0.20319
2549.174,0.191685
2549.175,0.18134999999999998
2549.176,0.173745
2549.177,0.16263
2549.178,0.149175
2549.179,0.141375
2549.18,0.117975
2549.181,0.092625
2549.182,0.10178999999999999
2549.183,0.103935
2549.184,0.12792
2549.185,0.14235
2549.186,0.177255
2549.187,0.195585
2549.188,0.2028
2549.189,0.19773
2549.19,0.197535
2549.191,0.191295
2549.192,0.183105
2549.193,0.17043
2549.194,0.15756
2549.195,0.14429999999999998
2549.196,0.132015
2549.197,0.10803
2549.198,0.0975
2549.199,0.09711
2549.2,0.104325
2549.201,0.128895
2549.202,0.15327
2549.203,0.180375
2549.204,0.19227
2549.205,0.20124
2549.206,0.197535
2549.207,0.192465
2549.208,0.18252
2549.209,0.172575
2549.21,0.16302
2549.211,0.153855
2549.212,0.14547
2549.213,0.121095
2549.214,0.09984
2549.215,0.097695
2549.216,0.11232
2549.217,0.1248
2549.218,0.13708499999999998
2549.219,0.17472
2549.22,0.197535
2549.221,0.20475
2549.222,0.20631
2549.223,0.206115
2549.224,0.20124
2549.225,0.194415
2549.226,0.18603
2549.227,0.17043
2549.228,0.160095
2549.229,0.149565
2549.23,0.13182
2549.231,0.11232
2549.232,0.117975
2549.233,0.12363
2549.234,0.143325
2549.235,0.164775
2549.236,0.191295
2549.237,0.20787
2549.238,0.21996
2549.239,0.221325
2549.24,0.210015
2549.241,0.20377499999999998
2549.242,0.200655
2549.243,0.187005
2549.244,0.17199
2549.245,0.16536
2549.246,0.149175
2549.247,0.131235
2549.248,0.11622
2549.249,0.11973
2549.25,0.128895
2549.251,0.14547
2549.252,0.172965
2549.253,0.197535
2549.254,0.21216
2549.255,0.21606
2549.256,0.21606
2549.257,0.20787
2549.258,0.20163
2549.259,0.190515
2549.26,0.181155
2549.261,0.170625
2549.262,0.15795
2549.263,0.13806
2549.264,0.117975
2549.265,0.11329499999999999
2549.266,0.13104
2549.267,0.13143
2549.268,0.14547
2549.269,0.17784
2549.27,0.20163
2549.271,0.20475
2549.272,0.207675
2549.273,0.208065
2549.274,0.20377499999999998
2549.275,0.20007
2549.276,0.19071
2549.277,0.17511
2549.278,0.16107
2549.279,0.15170999999999998
2549.28,0.13338
2549.281,0.109005
2549.282,0.11583
2549.283,0.121095
2549.284,0.1404
2549.285,0.165555
2549.286,0.191295
2549.287,0.21255
2549.288,0.217815
2549.289,0.21723
2549.29,0.21098999999999998
2549.291,0.20416499999999999
2549.292,0.200655
2549.293,0.18642
2549.294,0.17667
2549.295,0.164775
2549.296,0.15795
2549.297,0.132795
2549.298,0.114075
2549.299,0.12675
2549.3,0.139035
2549.301,0.14859
2549.302,0.178815
2549.303,0.20475
2549.304,0.220155
2549.305,0.21996
2549.306,0.222885
2549.307,0.21411
2549.308,0.204945
2549.309,0.20163
2549.31,0.191295
2549.311,0.17043
2549.312,0.1638
2549.313,0.147225
2549.314,0.12519
2549.315,0.117975
2549.316,0.13182
2549.317,0.14079
2549.318,0.156
2549.319,0.19422
2549.32,0.208455
2549.321,0.217815
2549.322,0.22347
2549.323,0.21723
2549.324,0.213135
2549.325,0.2067
2549.326,0.197535
2549.327,0.18369
2549.328,0.172575
2549.329,0.158535
2549.33,0.135135
2549.331,0.12129
2549.332,0.122655
2549.333,0.1287
2549.334,0.141375
2549.335,0.16575
2549.336,0.197925
2549.337,0.21723
2549.338,0.21606
2549.339,0.217425
2549.34,0.217815
2549.341,0.21098999999999998
2549.342,0.197535
2549.343,0.19539
2549.344,0.17901
2549.345,0.16419
2549.346,0.15229499999999999
2549.347,0.126555
2549.348,0.121095
2549.349,0.126555
2549.35,0.13533
2549.351,0.15132
2549.352,0.18134999999999998
2549.353,0.20514
2549.354,0.216255
2549.355,0.22035
2549.356,0.22035
2549.357,0.22035
2549.358,0.20787
2549.359,0.20377499999999998
2549.36,0.191295
2549.361,0.18173999999999998
2549.362,0.17004
2549.363,0.147615
2549.364,0.1287
2549.365,0.122655
2549.366,0.13299
2549.367,0.141375
2549.368,0.16302
2549.369,0.18895499999999998
2549.37,0.217425
2549.371,0.22464
2549.372,0.22658999999999999
2549.373,0.22347
2549.374,0.213135
2549.375,0.208065
2549.376,0.200655
2549.377,0.183495
2549.378,0.17628
2549.379,0.16731
2549.38,0.141375
2549.381,0.12558
2549.382,0.12636
2549.383,0.13533
2549.384,0.150735
2549.385,0.17238
2549.386,0.197535
2549.387,0.213135
2549.388,0.227955
2549.389,0.22269
2549.39,0.22035
2549.391,0.21606
2549.392,0.207675
2549.393,0.195975
2549.394,0.180375
2549.395,0.171015
2549.396,0.157755
2549.397,0.13611
2549.398,0.1248
2549.399,0.13182
2549.4,0.13708499999999998
2549.401,0.154245
2549.402,0.18173999999999998
2549.403,0.206895
2549.404,0.216645
2549.405,0.22035
2549.406,0.21762
2549.407,0.208455
2549.408,0.20124
2549.409,0.191685
2549.41,0.185055
2549.411,0.171405
2549.412,0.158145
2549.413,0.14118
2549.414,0.11739
2549.415,0.11895
2549.416,0.122655
2549.417,0.135135
2549.418,0.149175
2549.419,0.1872
2549.42,0.20377499999999998
2549.421,0.21216
2549.422,0.21411
2549.423,0.20787
2549.424,0.20007
2549.425,0.190515
2549.426,0.18252
2549.427,0.17043
2549.428,0.157755
2549.429,0.147615
2549.43,0.12558
2549.431,0.11115
2549.432,0.10803
2549.433,0.114075
2549.434,0.12986999999999999
2549.435,0.15132
2549.436,0.18134999999999998
2549.437,0.19851
2549.438,0.19616999999999998
2549.439,0.20007
2549.44,0.20163
2549.441,0.187005
2549.442,0.18291
2549.443,0.17355
2549.444,0.15483
2549.445,0.140595
2549.446,0.1326
2549.447,0.107835
2549.448,0.09321
2549.449,0.103935
2549.45,0.108615
2549.451,0.12050999999999999
2549.452,0.142155
2549.453,0.170235
2549.454,0.179595
2549.455,0.18291
2549.456,0.18291
2549.457,0.172575
2549.458,0.165555
2549.459,0.156195
2549.46,0.141375
2549.461,0.128115
2549.462,0.121095
2549.463,0.097695
2549.464,0.08112
2549.465,0.07683
2549.466,0.08307
2549.467,0.093015
2549.468,0.10939499999999999
2549.469,0.13884
2549.47,0.166335
2549.471,0.169455
2549.472,0.178815
2549.473,0.16575
2549.474,0.15366
2549.475,0.146055
2549.476,0.13884
2549.477,0.126555
2549.478,0.11388
2549.479,0.10257
2549.48,0.08151
2549.481,0.06006
2549.482,0.06279
2549.483,0.07585499999999999
2549.484,0.08619
2549.485,0.11271
2549.486,0.138255
2549.487,0.153855
2549.488,0.156975
2549.489,0.158145
2549.49,0.15170999999999998
2549.491,0.1404
2549.492,0.135135
2549.493,0.12050999999999999
2549.494,0.112515
2549.495,0.09555
2549.496,0.089115
2549.497,0.06435
2549.498,0.05382
2549.499,0.05148
2549.5,0.06279
2549.501,0.07683
2549.502,0.108615
2549.503,0.128115
2549.504,0.13708499999999998
2549.505,0.14313
2549.506,0.1404
2549.507,0.13104
2549.508,0.125775
2549.509,0.11622
2549.51,0.0975
2549.511,0.083655
2549.512,0.073905
2549.513,0.056355
2549.514,0.032955
2549.515,0.02886
2549.516,0.035295
2549.517,0.044655
2549.518,0.057135
2549.519,0.091455
2549.52,0.11622
2549.521,0.1248
2549.522,0.1248
2549.523,0.119535
2549.524,0.108615
2549.525,0.107055
2549.526,0.09555
2549.527,0.08268
2549.528,0.069615
2549.529,0.066495
2549.53,0.039
2549.531,0.026715
2549.532,0.026715
2549.533,0.03159
2549.534,0.05031
2549.535,0.073125
2549.536,0.10764
2549.537,0.11680499999999999
2549.538,0.13104
2549.539,0.125775
2549.54,0.1248
2549.541,0.11427
2549.542,0.10764
2549.543,0.09555
2549.544,0.08385
2549.545,0.072735
2549.546,0.059085
2549.547,0.035295
2549.548,0.025155
2549.549,0.035295
2549.55,0.045434999999999996
2549.551,0.05967
2549.552,0.09437999999999999
2549.553,0.11622
2549.554,0.12285
2549.555,0.122265
2549.556,0.124995
2549.557,0.117975
2549.558,0.11388
2549.559,0.104325
2549.56,0.09067499999999999
2549.561,0.07839
2549.562,0.068835
2549.563,0.054015
2549.564,0.03315
2549.565,0.02847
2549.566,0.033735
2549.567,0.052065
2549.568,0.07059
2549.569,0.1014
2549.57,0.128895
2549.571,0.135135
2549.572,0.132015
2549.573,0.13884
2549.574,0.12792
2549.575,0.11680499999999999
2549.576,0.11388
2549.577,0.10178999999999999
2549.578,0.09555
2549.579,0.078975
2549.58,0.060254999999999996
2549.581,0.04563
2549.582,0.051675
2549.583,0.05772
2549.584,0.078975
2549.585,0.096135
2549.586,0.13299
2549.587,0.14429999999999998
2549.588,0.14859
2549.589,0.154245
2549.59,0.14547
2549.591,0.139815
2549.592,0.135135
2549.593,0.128895
2549.594,0.11271
2549.595,0.101595
2549.596,0.093015
2549.597,0.07059
2549.598,0.05343
2549.599,0.06435
2549.6,0.07059
2549.601,0.088335
2549.602,0.11660999999999999
2549.603,0.14547
2549.604,0.14937
2549.605,0.16107
2549.606,0.157755
2549.607,0.15170999999999998
2549.608,0.147615
2549.609,0.13923
2549.61,0.12675
2549.611,0.12050999999999999
2549.612,0.10296
2549.613,0.08502
2549.614,0.066495
2549.615,0.057135
2549.616,0.067665
2549.617,0.086385
2549.618,0.096135
2549.619,0.132795
2549.62,0.157755
2549.621,0.16614
2549.622,0.16107
2549.623,0.16224
2549.624,0.153855
2549.625,0.145665
2549.626,0.13377
2549.627,0.12519
2549.628,0.11427
2549.629,0.09984
2549.63,0.082095
2549.631,0.063375
2549.632,0.07059
2549.633,0.078975
2549.634,0.096135
2549.635,0.12207
2549.636,0.148005
2549.637,0.165165
2549.638,0.17004
2549.639,0.16731
2549.64,0.16419
2549.641,0.163995
2549.642,0.155415
2549.643,0.15132
2549.644,0.122655
2549.645,0.12050999999999999
2549.646,0.103935
2549.647,0.076635
2549.648,0.07527
2549.649,0.08268
2549.65,0.09243
2549.651,0.101595
2549.652,0.13182
2549.653,0.16302
2549.654,0.172965
2549.655,0.176865
2549.656,0.172965
2549.657,0.169455
2549.658,0.160095
2549.659,0.15756
2549.66,0.149175
2549.661,0.14235
2549.662,0.122655
2549.663,0.1014
2549.664,0.082875
2549.665,0.08268
2549.666,0.085215
2549.667,0.097695
2549.668,0.12207
2549.669,0.156195
2549.67,0.18291
2549.671,0.183495
2549.672,0.19032
2549.673,0.186615
2549.674,0.177255
2549.675,0.17043
2549.676,0.16107
2549.677,0.153855
2549.678,0.136695
2549.679,0.132015
2549.68,0.10803
2549.681,0.09048
2549.682,0.091455
2549.683,0.10413
2549.684,0.11739
2549.685,0.14118
2549.686,0.172575
2549.687,0.19032
2549.688,0.19305
2549.689,0.192855
2549.69,0.18603
2549.691,0.178815
2549.692,0.170235
2549.693,0.163215
2549.694,0.141375
2549.695,0.138255
2549.696,0.12012
2549.697,0.103155
2549.698,0.08345999999999999
2549.699,0.09399
2549.7,0.108225
2549.701,0.117975
2549.702,0.147615
2549.703,0.172965
2549.704,0.18134999999999998
2549.705,0.18525
2549.706,0.18291
2549.707,0.178815
2549.708,0.17121
2549.709,0.163995
2549.71,0.150735
2549.711,0.13299
2549.712,0.125775
2549.713,0.10374
2549.714,0.08268
2549.715,0.08307
2549.716,0.09086999999999999
2549.717,0.10178999999999999
2549.718,0.111735
2549.719,0.15288
2549.72,0.172575
2549.721,0.18193499999999999
2549.722,0.175695
2549.723,0.167505
2549.724,0.16614
2549.725,0.1638
2549.726,0.150735
2549.727,0.139425
2549.728,0.12597
2549.729,0.117975
2549.73,0.093405
2549.731,0.080145
2549.732,0.08268
2549.733,0.09516
2549.734,0.100035
2549.735,0.130455
2549.736,0.15756
2549.737,0.171795
2549.738,0.17784
2549.739,0.17628
2549.74,0.169455
2549.741,0.163995
2549.742,0.150735
2549.743,0.15132
2549.744,0.128895
2549.745,0.122655
2549.746,0.108225
2549.747,0.085215
2549.748,0.078975
2549.749,0.08463
2549.75,0.093405
2549.751,0.107835
2549.752,0.139035
2549.753,0.166335
2549.754,0.17628
2549.755,0.17667
2549.756,0.17784
2549.757,0.166335
2549.758,0.160485
2549.759,0.153855
2549.76,0.141375
2549.761,0.12792
2549.762,0.116415
2549.763,0.09808499999999999
2549.764,0.078975
2549.765,0.072735
2549.766,0.083655
2549.767,0.09711
2549.768,0.11544
2549.769,0.142935
2549.77,0.170235
2549.771,0.183885
2549.772,0.172575
2549.773,0.172965
2549.774,0.16302
2549.775,0.160095
2549.776,0.149565
2549.777,0.12986999999999999
2549.778,0.12558
2549.779,0.106275
2549.78,0.08326499999999999
2549.781,0.070785
2549.782,0.071175
2549.783,0.085215
2549.784,0.10296
2549.785,0.12558
2549.786,0.147615
2549.787,0.169455
2549.788,0.17004
2549.789,0.17043
2549.79,0.16419
2549.791,0.15678
2549.792,0.146055
2549.793,0.142935
2549.794,0.12050999999999999
2549.795,0.116415
2549.796,0.091455
2549.797,0.07683
2549.798,0.06591
2549.799,0.07527
2549.8,0.08307
2549.801,0.09555
2549.802,0.1248
2549.803,0.15795
2549.804,0.16419
2549.805,0.166335
2549.806,0.172575
2549.807,0.158145
2549.808,0.14547
2549.809,0.14079
2549.81,0.135525
2549.811,0.119535
2549.812,0.10608
2549.813,0.085215
2549.814,0.070395
2549.815,0.06747
2549.816,0.07488
2549.817,0.085215
2549.818,0.09984
2549.819,0.13923
2549.82,0.16224
2549.821,0.166335
2549.822,0.166335
2549.823,0.165555
2549.824,0.15756
2549.825,0.15366
2549.826,0.143715
2549.827,0.12636
2549.828,0.11739
2549.829,0.108225
2549.83,0.083655
2549.831,0.063375
2549.832,0.06493499999999999
2549.833,0.07449
2549.834,0.095745
2549.835,0.124995
2549.836,0.14235
2549.837,0.16068
2549.838,0.163215
2549.839,0.169455
2549.84,0.16224
2549.841,0.156
2549.842,0.143715
2549.843,0.136695
2549.844,0.121095
2549.845,0.10764
2549.846,0.093405
2549.847,0.085215
2549.848,0.06669
2549.849,0.076635
2549.85,0.083655
2549.851,0.09984
2549.852,0.12675
2549.853,0.15483
2549.854,0.16575
2549.855,0.170625
2549.856,0.1638
2549.857,0.15483
2549.858,0.151515
2549.859,0.147615
2549.86,0.128115
2549.861,0.116415
2549.862,0.112515
2549.863,0.08716499999999999
2549.864,0.0663
2549.865,0.064155
2549.866,0.07488
2549.867,0.0858
2549.868,0.0975
2549.869,0.139035
2549.87,0.156975
2549.871,0.163995
2549.872,0.16731
2549.873,0.164775
2549.874,0.15170999999999998
2549.875,0.14742
2549.876,0.135135
2549.877,0.12675
2549.878,0.10958999999999999
2549.879,0.107835
2549.88,0.076635
2549.881,0.06279
2549.882,0.06942
2549.883,0.07254
2549.884,0.08268
2549.885,0.11388
2549.886,0.139035
2549.887,0.158925
2549.888,0.153855
2549.889,0.160095
2549.89,0.15366
2549.891,0.145665
2549.892,0.139035
2549.893,0.12831
2549.894,0.112515
2549.895,0.10491
2549.896,0.085215
2549.897,0.064155
2549.898,0.05811
2549.899,0.06552
2549.9,0.07683
2549.901,0.08541
2549.902,0.11739
2549.903,0.141375
2549.904,0.149565
2549.905,0.156975
2549.906,0.145665
2549.907,0.145665
2549.908,0.133965
2549.909,0.12675
2549.91,0.11309999999999999
2549.911,0.10374
2549.912,0.09457499999999999
2549.913,0.073125
2549.914,0.05811
2549.915,0.052065
2549.916,0.06435
2549.917,0.07839
2549.918,0.09048
2549.919,0.123045
2549.92,0.14625
2549.921,0.156
2549.922,0.154245
2549.923,0.147615
2549.924,0.147615
2549.925,0.141375
2549.926,0.12675
2549.927,0.11583
2549.928,0.10803
2549.929,0.096135
2549.93,0.06825
2549.931,0.05304
2549.932,0.05811
2549.933,0.06747
2549.934,0.085605
2549.935,0.106275
2549.936,0.132015
2549.937,0.148785
2549.938,0.147615
2549.939,0.15678
2549.94,0.141765
2549.941,0.141375
2549.942,0.13104
2549.943,0.124995
2549.944,0.108615
2549.945,0.09984
2549.946,0.081315
2549.947,0.06006
2549.948,0.047775
2549.949,0.0663
2549.95,0.07566
2549.951,0.093015
2549.952,0.11622
2549.953,0.143325
2549.954,0.151515
2549.955,0.15678
2549.956,0.15132
2549.957,0.147615
2549.958,0.141375
2549.959,0.131235
2549.96,0.117585
2549.961,0.10608
2549.962,0.099255
2549.963,0.078975
2549.964,0.06396
2549.965,0.060254999999999996
2549.966,0.066495
2549.967,0.076635
2549.968,0.096135
2549.969,0.13182
2549.97,0.153855
2549.971,0.16419
2549.972,0.158535
2549.973,0.158535
2549.974,0.15405
2549.975,0.146445
2549.976,0.13611
2549.977,0.121095
2549.978,0.11232
2549.979,0.10491
2549.98,0.077415
2549.981,0.06396
2549.982,0.068055
2549.983,0.078975
2549.984,0.09437999999999999
2549.985,0.11680499999999999
2549.986,0.14449499999999998
2549.987,0.166335
2549.988,0.167505
2549.989,0.171405
2549.99,0.158925
2549.991,0.153855
2549.992,0.147615
2549.993,0.139035
2549.994,0.12636
2549.995,0.117975
2549.996,0.10178999999999999
2549.997,0.076635
2549.998,0.067665
2549.999,0.07585499999999999
2550.0,0.08326499999999999
2550.001,0.10296
2550.002,0.13688999999999998
2550.003,0.16575
2550.004,0.166335
2550.005,0.171015
2550.006,0.171015
2550.007,0.16887
2550.008,0.16224
2550.009,0.148005
2550.01,0.136305
2550.011,0.127335
2550.012,0.11660999999999999
2550.013,0.100815
2550.014,0.07683
2550.015,0.076635
2550.016,0.08853
2550.017,0.09555
2550.018,0.108615
2550.019,0.14118
2550.02,0.166335
2550.021,0.17628
2550.022,0.175695
2550.023,0.17121
2550.024,0.168285
2550.025,0.158535
2550.026,0.15327
2550.027,0.13299
2550.028,0.126555
2550.029,0.1209
2550.03,0.093015
2550.031,0.07644
2550.032,0.078975
2550.033,0.086775
2550.034,0.10062
2550.035,0.13299
2550.036,0.153855
2550.037,0.17043
2550.038,0.175305
2550.039,0.178035
2550.04,0.16809
2550.041,0.16536
2550.042,0.15678
2550.043,0.14508
2550.044,0.13143
2550.045,0.1287
2550.046,0.10062
2550.047,0.08307
2550.048,0.06825
2550.049,0.082875
2550.05,0.09067499999999999
2550.051,0.10842
2550.052,0.13611
2550.053,0.167895
2550.054,0.167505
2550.055,0.172575
2550.056,0.167895
2550.057,0.16302
2550.058,0.1599
2550.059,0.15170999999999998
2550.06,0.135525
2550.061,0.121095
2550.062,0.11583
2550.063,0.097695
2550.064,0.07371
2550.065,0.071565
2550.066,0.085995
2550.067,0.096135
2550.068,0.108225
2550.069,0.15288
2550.07,0.167895
2550.071,0.17238
2550.072,0.17667
2550.073,0.170625
2550.074,0.157755
2550.075,0.15756
2550.076,0.141375
2550.077,0.12831
2550.078,0.12129
2550.079,0.10803
2550.08,0.08307
2550.081,0.066495
2550.082,0.073905
2550.083,0.08268
2550.084,0.100815
2550.085,0.12675
2550.086,0.156975
2550.087,0.163215
2550.088,0.170625
2550.089,0.17004
2550.09,0.16672499999999998
2550.091,0.1599
2550.092,0.148005
2550.093,0.13923
2550.094,0.12831
2550.095,0.116415
2550.096,0.103155
2550.097,0.078
2550.098,0.07059
2550.099,0.08307
2550.1,0.08619
2550.101,0.107835
2550.102,0.135135
2550.103,0.16263
2550.104,0.1638
2550.105,0.17277
2550.106,0.17043
2550.107,0.15756
2550.108,0.153075
2550.109,0.15366
2550.11,0.13299
2550.111,0.12519
2550.112,0.116415
2550.113,0.09555
2550.114,0.076635
2550.115,0.07585499999999999
2550.116,0.08385
2550.117,0.093015
2550.118,0.107835
2550.119,0.146445
2550.12,0.166335
2550.121,0.17413499999999998
2550.122,0.17121
2550.123,0.163215
2550.124,0.15678
2550.125,0.15483
2550.126,0.141375
2550.127,0.128895
2550.128,0.1248
2550.129,0.114855
2550.13,0.085215
2550.131,0.074295
2550.132,0.074295
2550.133,0.0819
2550.134,0.098865
2550.135,0.128895
2550.136,0.160095
2550.137,0.170625
2550.138,0.17901
2550.139,0.181155
2550.14,0.172575
2550.141,0.160095
2550.142,0.147615
2550.143,0.14429999999999998
2550.144,0.128895
2550.145,0.11817
2550.146,0.097695
2550.147,0.07995
2550.148,0.07371
2550.149,0.08307
2550.15,0.09906
2550.151,0.11427
2550.152,0.142935
2550.153,0.16731
2550.154,0.17511
2550.155,0.17667
2550.156,0.176475
2550.157,0.170235
2550.158,0.16419
2550.159,0.157755
2550.16,0.146055
2550.161,0.131235
2550.162,0.121095
2550.163,0.100035
2550.164,0.079365
2550.165,0.082095
2550.166,0.09282
2550.167,0.10686
2550.168,0.11895
2550.169,0.156975
2550.17,0.175695
2550.171,0.178815
2550.172,0.17472
2550.173,0.178815
2550.174,0.16711499999999999
2550.175,0.160095
2550.176,0.156975
2550.177,0.136695
2550.178,0.128115
2550.179,0.12070499999999999
2550.18,0.09457499999999999
2550.181,0.085215
2550.182,0.08307
2550.183,0.09789
2550.184,0.10647
2550.185,0.139035
2550.186,0.166335
2550.187,0.17511
2550.188,0.18252
2550.189,0.183105
2550.19,0.178815
2550.191,0.166335
2550.192,0.156975
2550.193,0.148785
2550.194,0.141375
2550.195,0.128895
2550.196,0.11309999999999999
2550.197,0.085605
2550.198,0.07995
2550.199,0.09555
2550.2,0.10374
2550.201,0.12070499999999999
2550.202,0.14781
2550.203,0.17628
2550.204,0.183885
2550.205,0.18759
2550.206,0.184665
2550.207,0.178035
2550.208,0.171405
2550.209,0.16419
2550.21,0.150735
2550.211,0.142935
2550.212,0.12986999999999999
2550.213,0.11232
2550.214,0.091455
2550.215,0.08931
2550.216,0.101595
2550.217,0.110175
2550.218,0.12967499999999998
2550.219,0.160095
2550.22,0.18252
2550.221,0.192075
2550.222,0.189735
2550.223,0.186615
2550.224,0.178815
2550.225,0.173355
2550.226,0.1638
2550.227,0.147615
2550.228,0.13494
2550.229,0.12792
2550.23,0.10803
2550.231,0.089115
2550.232,0.09399
2550.233,0.09789
2550.234,0.117975
2550.235,0.142935
2550.236,0.170625
2550.237,0.185055
2550.238,0.191295
2550.239,0.19149
2550.24,0.185835
2550.241,0.18096
2550.242,0.171015
2550.243,0.155025
2550.244,0.14781
2550.245,0.141375
2550.246,0.12050999999999999
2550.247,0.098475
2550.248,0.09126
2550.249,0.103935
2550.25,0.11309999999999999
2550.251,0.12675
2550.252,0.160095
2550.253,0.18603
2550.254,0.19539
2550.255,0.20319
2550.256,0.195
2550.257,0.18369
2550.258,0.18291
2550.259,0.17667
2550.26,0.16614
2550.261,0.147615
2550.262,0.13884
2550.263,0.11680499999999999
2550.264,0.09555
2550.265,0.100815
2550.266,0.108615
2550.267,0.121095
2550.268,0.135135
2550.269,0.175695
2550.27,0.195195
2550.271,0.20377499999999998
2550.272,0.197535
2550.273,0.193635
2550.274,0.183885
2550.275,0.18291
2550.276,0.172575
2550.277,0.16107
2550.278,0.15170999999999998
2550.279,0.14079
2550.28,0.11739
2550.281,0.103935
2550.282,0.10296
2550.283,0.116415
2550.284,0.13182
2550.285,0.156195
2550.286,0.186225
2550.287,0.2028
2550.288,0.2028
2550.289,0.197145
2550.29,0.195585
2550.291,0.18914999999999998
2550.292,0.18252
2550.293,0.171795
2550.294,0.157755
2550.295,0.146055
2550.296,0.12831
2550.297,0.104325
2550.298,0.10198499999999999
2550.299,0.110175
2550.3,0.111345
2550.301,0.136695
2550.302,0.162435
2550.303,0.19032
2550.304,0.18993
2550.305,0.19422
2550.306,0.19227
2550.307,0.183495
2550.308,0.178815
2550.309,0.161655
2550.31,0.156975
2550.311,0.14586
2550.312,0.136305
2550.313,0.110565
2550.314,0.091455
2550.315,0.093015
2550.316,0.10178999999999999
2550.317,0.11466
2550.318,0.13299
2550.319,0.17043
2550.32,0.185445
2550.321,0.197535
2550.322,0.191295
2550.323,0.186615
2550.324,0.172965
2550.325,0.17355
2550.326,0.1599
2550.327,0.15678
2550.328,0.135135
2550.329,0.128115
2550.33,0.10296
2550.331,0.083655
2550.332,0.08931
2550.333,0.103935
2550.334,0.11427
2550.335,0.148785
2550.336,0.17355
2550.337,0.186615
2550.338,0.19227
2550.339,0.186225
2550.34,0.18369
2550.341,0.178815
2550.342,0.17043
2550.343,0.15795
2550.344,0.14429999999999998
2550.345,0.136305
2550.346,0.114075
2550.347,0.09126
2550.348,0.091455
2550.349,0.097695
2550.35,0.108225
2550.351,0.12558
2550.352,0.153855
2550.353,0.17901
2550.354,0.185055
2550.355,0.19539
2550.356,0.19149
2550.357,0.18603
2550.358,0.178035
2550.359,0.16809
2550.36,0.151515
2550.361,0.14547
2550.362,0.135525
2550.363,0.11427
2550.364,0.09984
2550.365,0.09555
2550.366,0.10608
2550.367,0.117585
2550.368,0.142545
2550.369,0.169455
2550.37,0.18914999999999998
2550.371,0.192855
2550.372,0.195975
2550.373,0.19383
2550.374,0.18603
2550.375,0.18096
2550.376,0.171015
2550.377,0.160095
2550.378,0.14547
2550.379,0.135525
2550.38,0.10764
2550.381,0.09457499999999999
2550.382,0.10335
2550.383,0.114075
2550.384,0.1287
2550.385,0.15288
2550.386,0.18193499999999999
2550.387,0.1911
2550.388,0.19539
2550.389,0.19539
2550.39,0.19071
2550.391,0.182715
2550.392,0.172965
2550.393,0.158535
2550.394,0.146055
2550.395,0.13494
2550.396,0.116415
2550.397,0.09457499999999999
2550.398,0.088335
2550.399,0.09516
2550.4,0.10374
2550.401,0.12050999999999999
2550.402,0.149565
2550.403,0.175695
2550.404,0.17862
2550.405,0.18252
2550.406,0.17823
2550.407,0.169455
2550.408,0.158925
2550.409,0.153075
2550.41,0.135135
2550.411,0.1248
2550.412,0.114075
2550.413,0.095745
2550.414,0.075075
2550.415,0.073125
2550.416,0.086775
2550.417,0.09555
2550.418,0.12031499999999999
2550.419,0.14937
2550.42,0.166335
2550.421,0.175695
2550.422,0.1677
2550.423,0.17043
2550.424,0.160875
2550.425,0.15170999999999998
2550.426,0.141375
2550.427,0.12909
2550.428,0.119535
2550.429,0.11388
2550.43,0.083655
2550.431,0.068055
2550.432,0.07449
2550.433,0.085215
2550.434,0.09984
2550.435,0.12519
2550.436,0.151515
2550.437,0.16652999999999998
2550.438,0.174915
2550.439,0.172575
2550.44,0.1638
2550.441,0.150735
2550.442,0.146835
2550.443,0.133185
2550.444,0.12792
2550.445,0.11427
2550.446,0.09243
2550.447,0.07566
2550.448,0.068055
2550.449,0.07683
2550.45,0.089115
2550.451,0.106275
2550.452,0.13299
2550.453,0.158535
2550.454,0.163995
2550.455,0.16575
2550.456,0.168285
2550.457,0.15950999999999999
2550.458,0.15327
2550.459,0.147615
2550.46,0.132795
2550.461,0.122655
2550.462,0.115635
2550.463,0.096135
2550.464,0.07566
2550.465,0.072735
2550.466,0.08307
2550.467,0.085215
2550.468,0.11622
2550.469,0.14859
2550.47,0.17043
2550.471,0.173355
2550.472,0.166335
2550.473,0.167895
2550.474,0.163215
2550.475,0.149175
2550.476,0.142545
2550.477,0.12636
2550.478,0.11739
2550.479,0.110955
2550.48,0.08541
2550.481,0.069615
2550.482,0.07371
2550.483,0.085215
2550.484,0.100815
2550.485,0.12597
2550.486,0.156
2550.487,0.1677
2550.488,0.17277
2550.489,0.171015
2550.49,0.16536
2550.491,0.160095
2550.492,0.15132
2550.493,0.13299
2550.494,0.121095
2550.495,0.116415
2550.496,0.10023
2550.497,0.077415
2550.498,0.066495
2550.499,0.076635
2550.5,0.091455
2550.501,0.108615
2550.502,0.136695
2550.503,0.160095
2550.504,0.161655
2550.505,0.17004
2550.506,0.166335
2550.507,0.15795
2550.508,0.15405
2550.509,0.145275
2550.51,0.131235
2550.511,0.119535
2550.512,0.104715
2550.513,0.091455
2550.514,0.07059
2550.515,0.07176
2550.516,0.081315
2550.517,0.092235
2550.518,0.116415
2550.519,0.14547
2550.52,0.166335
2550.521,0.17043
2550.522,0.17862
2550.523,0.17238
2550.524,0.16536
2550.525,0.15366
2550.526,0.142155
2550.527,0.13299
2550.528,0.12070499999999999
2550.529,0.11388
2550.53,0.08619
2550.531,0.07683
2550.532,0.07917
2550.533,0.091455
2550.534,0.10608
2550.535,0.12831
2550.536,0.15834
2550.537,0.167895
2550.538,0.171015
2550.539,0.17823
2550.54,0.17043
2550.541,0.163995
2550.542,0.15170999999999998
2550.543,0.148005
2550.544,0.132795
2550.545,0.122655
2550.546,0.101595
2550.547,0.080535
2550.548,0.0741
2550.549,0.079365
2550.55,0.08931
2550.551,0.10335
2550.552,0.135525
2550.553,0.15639
2550.554,0.16614
2550.555,0.17199
2550.556,0.166335
2550.557,0.15950999999999999
2550.558,0.153855
2550.559,0.143325
2550.56,0.129285
2550.561,0.11817
2550.562,0.10686
2550.563,0.082875
2550.564,0.06123
2550.565,0.068055
2550.566,0.07683
2550.567,0.08931
2550.568,0.10998
2550.569,0.146445
2550.57,0.16652999999999998
2550.571,0.169065
2550.572,0.168285
2550.573,0.16536
2550.574,0.163995
2550.575,0.156975
2550.576,0.142155
2550.577,0.135135
2550.578,0.127335
2550.579,0.11037
2550.58,0.08463
2550.581,0.07059
2550.582,0.07585499999999999
2550.583,0.09126
2550.584,0.096135
2550.585,0.125775
2550.586,0.157755
2550.587,0.16731
2550.588,0.172575
2550.589,0.16926
2550.59,0.166335
2550.591,0.15366
2550.592,0.14118
2550.593,0.135135
2550.594,0.12207
2550.595,0.110175
2550.596,0.085215
2550.597,0.06669
2550.598,0.063375
2550.599,0.072735
2550.6,0.08307
2550.601,0.096915
2550.602,0.132795
2550.603,0.151515
2550.604,0.160095
2550.605,0.15366
2550.606,0.153855
2550.607,0.146055
2550.608,0.14118
2550.609,0.12909
2550.61,0.11329499999999999
2550.611,0.106275
2550.612,0.091845
2550.613,0.077415
2550.614,0.05694
2550.615,0.05811
2550.616,0.058695
2550.617,0.078975
2550.618,0.103935
2550.619,0.132015
2550.62,0.145275
2550.621,0.150735
2550.622,0.14859
2550.623,0.151515
2550.624,0.13708499999999998
2550.625,0.135525
2550.626,0.12558
2550.627,0.10842
2550.628,0.09555
2550.629,0.086775
2550.63,0.060645
2550.631,0.05616
2550.632,0.058695
2550.633,0.0663
2550.634,0.083655
2550.635,0.10803
2550.636,0.139035
2550.637,0.14547
2550.638,0.149175
2550.639,0.14547
2550.64,0.139425
2550.641,0.135135
2550.642,0.123435
2550.643,0.11544
2550.644,0.10101
2550.645,0.09457499999999999
2550.646,0.07683
2550.647,0.05343
2550.648,0.05031
2550.649,0.06435
2550.65,0.063765
2550.651,0.083655
2550.652,0.11622
2550.653,0.14429999999999998
2550.654,0.14508
2550.655,0.14079
2550.656,0.139425
2550.657,0.13923
2550.658,0.129285
2550.659,0.116415
2550.66,0.10178999999999999
2550.661,0.09243
2550.662,0.083655
2550.663,0.05811
2550.664,0.04134
2550.665,0.04134
2550.666,0.047775
2550.667,0.070395
2550.668,0.09048
2550.669,0.117585
2550.67,0.13688999999999998
2550.671,0.141375
2550.672,0.13923
2550.673,0.135525
2550.674,0.121095
2550.675,0.116415
2550.676,0.103935
2550.677,0.092625
2550.678,0.07839
2550.679,0.072735
2550.68,0.0429
2550.681,0.02691
2550.682,0.02691
2550.683,0.04056
2550.684,0.054405
2550.685,0.08268
2550.686,0.107055
2550.687,0.12050999999999999
2550.688,0.122655
2550.689,0.12246
2550.69,0.116415
2550.691,0.107055
2550.692,0.10062
2550.693,0.085215
2550.694,0.076635
2550.695,0.066495
2550.696,0.04251
2550.697,0.02652
2550.698,0.016575
2550.699,0.0312
2550.7,0.03939
2550.701,0.054015
2550.702,0.085215
2550.703,0.10803
2550.704,0.11329499999999999
2550.705,0.11895
2550.706,0.117585
2550.707,0.109005
2550.708,0.103155
2550.709,0.097695
2550.71,0.083655
2550.711,0.068055
2550.712,0.0624
2550.713,0.041729999999999996
2550.714,0.017745
2550.715,0.02574
2550.716,0.02886
2550.717,0.043875
2550.718,0.06435
2550.719,0.096135
2550.72,0.12050999999999999
2550.721,0.12050999999999999
2550.722,0.12031499999999999
2550.723,0.11934
2550.724,0.110175
2550.725,0.107835
2550.726,0.09555
2550.727,0.07683
2550.728,0.071175
2550.729,0.05811
2550.73,0.0351
2550.731,0.02691
2550.732,0.02847
2550.733,0.040755
2550.734,0.05616
2550.735,0.08268
2550.736,0.11388
2550.737,0.12031499999999999
2550.738,0.12792
2550.739,0.12675
2550.74,0.114075
2550.741,0.110175
2550.742,0.101595
2550.743,0.08892
2550.744,0.082875
2550.745,0.06591
2550.746,0.051675
2550.747,0.029055
2550.748,0.032369999999999996
2550.749,0.035685
2550.75,0.04992
2550.751,0.064155
2550.752,0.10062
2550.753,0.119535
2550.754,0.12675
2550.755,0.12675
2550.756,0.12792
2550.757,0.11973
2550.758,0.114075
2550.759,0.110175
2550.76,0.093015
2550.761,0.08307
2550.762,0.07683
2550.763,0.052065
2550.764,0.03276
2550.765,0.03939
2550.766,0.047775
2550.767,0.064155
2550.768,0.084045
2550.769,0.11329499999999999
2550.77,0.12986999999999999
2550.771,0.141375
2550.772,0.13884
2550.773,0.128895
2550.774,0.12636
2550.775,0.11660999999999999
2550.776,0.10491
2550.777,0.091455
2550.778,0.08151
2550.779,0.07371
2550.78,0.04251
2550.781,0.032955
2550.782,0.03939
2550.783,0.04992
2550.784,0.07371
2550.785,0.09594
2550.786,0.12031499999999999
2550.787,0.133575
2550.788,0.135915
2550.789,0.138255
2550.79,0.136305
2550.791,0.126555
2550.792,0.115635
2550.793,0.10491
2550.794,0.096135
2550.795,0.08307
2550.796,0.063375
2550.797,0.043095
2550.798,0.04056
2550.799,0.046215
2550.8,0.05811
2550.801,0.07059
2550.802,0.10803
2550.803,0.128895
2550.804,0.14079
2550.805,0.141375
2550.806,0.136305
2550.807,0.128895
2550.808,0.12909
2550.809,0.12031499999999999
2550.81,0.10296
2550.811,0.096135
2550.812,0.08268
2550.813,0.06279
2550.814,0.045434999999999996
2550.815,0.04563
2550.816,0.057135
2550.817,0.06825
2550.818,0.09555
2550.819,0.12675
2550.82,0.141375
2550.821,0.14547
2550.822,0.14079
2550.823,0.13923
2550.824,0.12792
2550.825,0.1248
2550.826,0.118365
2550.827,0.10178999999999999
2550.828,0.085605
2550.829,0.077415
2550.83,0.05421
2550.831,0.05187
2550.832,0.0507
2550.833,0.057135
2550.834,0.07059
2550.835,0.100815
2550.836,0.1326
2550.837,0.136305
2550.838,0.14508
2550.839,0.14391
2550.84,0.1404
2550.841,0.13143
2550.842,0.121095
2550.843,0.10803
2550.844,0.096135
2550.845,0.088335
2550.846,0.067665
2550.847,0.05187
2550.848,0.043484999999999996
2550.849,0.05499
2550.85,0.07585499999999999
2550.851,0.086385
2550.852,0.12070499999999999
2550.853,0.14391
2550.854,0.151515
2550.855,0.15366
2550.856,0.14625
2550.857,0.13806
2550.858,0.12909
2550.859,0.124995
2550.86,0.112515
2550.861,0.096135
2550.862,0.09048
2550.863,0.06435
2550.864,0.04992
2550.865,0.04992
2550.866,0.066495
2550.867,0.07585499999999999
2550.868,0.10023
2550.869,0.12031499999999999
2550.87,0.145275
2550.871,0.14547
2550.872,0.15132
2550.873,0.145275
2550.874,0.138255
2550.875,0.125775
2550.876,0.11973
2550.877,0.09984
2550.878,0.097695
2550.879,0.08619
2550.88,0.054599999999999996
2550.881,0.04251
2550.882,0.04992
2550.883,0.05811
2550.884,0.07566
2550.885,0.10374
2550.886,0.13494
2550.887,0.14449499999999998
2550.888,0.149955
2550.889,0.148005
2550.89,0.141765
2550.891,0.135135
2550.892,0.13182
2550.893,0.11427
2550.894,0.10335
2550.895,0.093015
2550.896,0.071175
2550.897,0.054015
2550.898,0.054015
2550.899,0.06435
2550.9,0.0702
2550.901,0.09126
2550.902,0.125775
2550.903,0.151515
2550.904,0.158145
2550.905,0.160095
2550.906,0.158925
2550.907,0.15170999999999998
2550.908,0.143325
2550.909,0.13455
2550.91,0.12207
2550.911,0.11329499999999999
2550.912,0.10491
2550.913,0.085215
2550.914,0.07293
2550.915,0.070395
2550.916,0.08307
2550.917,0.09048
2550.918,0.11466
2550.919,0.145665
2550.92,0.166335
2550.921,0.17043
2550.922,0.17238
2550.923,0.16731
2550.924,0.163215
2550.925,0.15327
2550.926,0.14625
2550.927,0.131235
2550.928,0.116415
2550.929,0.103935
2550.93,0.08307
2550.931,0.07585499999999999
2550.932,0.08326499999999999
2550.933,0.091455
2550.934,0.11329499999999999
2550.935,0.135135
2550.936,0.17004
2550.937,0.17862
2550.938,0.18173999999999998
2550.939,0.178815
2550.94,0.17355
2550.941,0.163995
2550.942,0.15678
2550.943,0.141375
2550.944,0.13455
2550.945,0.12363
2550.946,0.103935
2550.947,0.085605
2550.948,0.07371
2550.949,0.089505
2550.95,0.097695
2550.951,0.110955
2550.952,0.14313
2550.953,0.17004
2550.954,0.18096
2550.955,0.178815
2550.956,0.172575
2550.957,0.16536
2550.958,0.163995
2550.959,0.153465
2550.96,0.14079
2550.961,0.12558
2550.962,0.12050999999999999
2550.963,0.097695
2550.964,0.07955999999999999
2550.965,0.08307
2550.966,0.093015
2550.967,0.107055
2550.968,0.13611
2550.969,0.16341
2550.97,0.17979
2550.971,0.180375
2550.972,0.173355
2550.973,0.176475
2550.974,0.166335
2550.975,0.157755
2550.976,0.157755
2550.977,0.139425
2550.978,0.128895
2550.979,0.110175
2550.98,0.08775
2550.981,0.078975
2550.982,0.0819
2550.983,0.100425
2550.984,0.108225
2550.985,0.141375
2550.986,0.175695
2550.987,0.184665
2550.988,0.18875999999999998
2550.989,0.18173999999999998
2550.99,0.17823
2550.991,0.170235
2550.992,0.167895
2550.993,0.15170999999999998
2550.994,0.140595
2550.995,0.133575
2550.996,0.116415
2550.997,0.09555
2550.998,0.086385
2550.999,0.099255
2551.0,0.110175
2551.001,0.128895
2551.002,0.16341
2551.003,0.185055
2551.004,0.194415
2551.005,0.193245
2551.006,0.192075
2551.007,0.18681
2551.008,0.176475
2551.009,0.176865
2551.01,0.15795
2551.011,0.14449499999999998
2551.012,0.13377
2551.013,0.11309999999999999
2551.014,0.093015
2551.015,0.09243
2551.016,0.10764
2551.017,0.114075
2551.018,0.14508
2551.019,0.172575
2551.02,0.19539
2551.021,0.197535
2551.022,0.192465
2551.023,0.192075
2551.024,0.183885
2551.025,0.172575
2551.026,0.16614
2551.027,0.149175
2551.028,0.139815
2551.029,0.123045
2551.03,0.10764
2551.031,0.096135
2551.032,0.100035
2551.033,0.112515
2551.034,0.128895
2551.035,0.15795
2551.036,0.182715
2551.037,0.19227
2551.038,0.20163
2551.039,0.199875
2551.04,0.188175
2551.041,0.184275
2551.042,0.17199
2551.043,0.16497
2551.044,0.15170999999999998
2551.045,0.14313
2551.046,0.122655
2551.047,0.101595
2551.048,0.09984
2551.049,0.11427
2551.05,0.12558
2551.051,0.135525
2551.052,0.171405
2551.053,0.195975
2551.054,0.208065
2551.055,0.204945
2551.056,0.206895
2551.057,0.20124
2551.058,0.185055
2551.059,0.18134999999999998
2551.06,0.166335
2551.061,0.163215
2551.062,0.150735
2551.063,0.128895
2551.064,0.108615
2551.065,0.11544
2551.066,0.12050999999999999
2551.067,0.136305
2551.068,0.161655
2551.069,0.192465
2551.07,0.2028
2551.071,0.21216
2551.072,0.21216
2551.073,0.206895
2551.074,0.195975
2551.075,0.1911
2551.076,0.18603
2551.077,0.168285
2551.078,0.15678
2551.079,0.14508
2551.08,0.122655
2551.081,0.110175
2551.082,0.116025
2551.083,0.12675
2551.084,0.14235
2551.085,0.17413499999999998
2551.086,0.20377499999999998
2551.087,0.20943
2551.088,0.21118499999999998
2551.089,0.21294
2551.09,0.207675
2551.091,0.20046
2551.092,0.190905
2551.093,0.181155
2551.094,0.167505
2551.095,0.15639
2551.096,0.140595
2551.097,0.11544
2551.098,0.10803
2551.099,0.124995
2551.1,0.132795
2551.101,0.148785
2551.102,0.18603
2551.103,0.20787
2551.104,0.21567
2551.105,0.21216
2551.106,0.20631
2551.107,0.20319
2551.108,0.195975
2551.109,0.18642
2551.11,0.172965
2551.111,0.16263
2551.112,0.15795
2551.113,0.128895
2551.114,0.11115
2551.115,0.11739
2551.116,0.13182
2551.117,0.141375
2551.118,0.172575
2551.119,0.20338499999999998
2551.12,0.21567
2551.121,0.217815
2551.122,0.21723
2551.123,0.213135
2551.124,0.210015
2551.125,0.200655
2551.126,0.19655999999999998
2551.127,0.178815
2551.128,0.16926
2551.129,0.153855
2551.13,0.13338
2551.131,0.12558
2551.132,0.132015
2551.133,0.14859
2551.134,0.16302
2551.135,0.18798
2551.136,0.217815
2551.137,0.22561499999999998
2551.138,0.23166
2551.139,0.228735
2551.14,0.227955
2551.141,0.217815
2551.142,0.201825
2551.143,0.18895499999999998
2551.144,0.17979
2551.145,0.17667
2551.146,0.15170999999999998
2551.147,0.133575
2551.148,0.132015
2551.149,0.13611
2551.15,0.15170999999999998
2551.151,0.165555
2551.152,0.20377499999999998
2551.153,0.222495
2551.154,0.23283
2551.155,0.23049
2551.156,0.22464
2551.157,0.21723
2551.158,0.213135
2551.159,0.20592
2551.16,0.190515
2551.161,0.181155
2551.162,0.163995
2551.163,0.1404
2551.164,0.12909
2551.165,0.12967499999999998
2551.166,0.1404
2551.167,0.15170999999999998
2551.168,0.178815
2551.169,0.20631
2551.17,0.220155
2551.171,0.222495
2551.172,0.220545
2551.173,0.216255
2551.174,0.21411
2551.175,0.19539
2551.176,0.18895499999999998
2551.177,0.178815
2551.178,0.166335
2551.179,0.147615
2551.18,0.1326
2551.181,0.12050999999999999
2551.182,0.12519
2551.183,0.13533
2551.184,0.14547
2551.185,0.179595
2551.186,0.20377499999999998
2551.187,0.215865
2551.188,0.21528
2551.189,0.216255
2551.19,0.21216
2551.191,0.20377499999999998
2551.192,0.19539
2551.193,0.182715
2551.194,0.17667
2551.195,0.163995
2551.196,0.14157
2551.197,0.128895
2551.198,0.1248
2551.199,0.136695
2551.2,0.146055
2551.201,0.160095
2551.202,0.19968
2551.203,0.220935
2551.204,0.22658999999999999
2551.205,0.223665
2551.206,0.22035
2551.207,0.21411
2551.208,0.20748
2551.209,0.195585
2551.21,0.18291
2551.211,0.172575
2551.212,0.163995
2551.213,0.141375
2551.214,0.126555
2551.215,0.12792
2551.216,0.136695
2551.217,0.15170999999999998
2551.218,0.178035
2551.219,0.202215
2551.22,0.222885
2551.221,0.22639499999999999
2551.222,0.22561499999999998
2551.223,0.21645
2551.224,0.20787
2551.225,0.198705
2551.226,0.192465
2551.227,0.178815
2551.228,0.17355
2551.229,0.14313
2551.23,0.13299
2551.231,0.12636
2551.232,0.13143
2551.233,0.136305
2551.234,0.15327
2551.235,0.18134999999999998
2551.236,0.20904
2551.237,0.212355
2551.238,0.216255
2551.239,0.220155
2551.24,0.21294
2551.241,0.197535
2551.242,0.18798
2551.243,0.17823
2551.244,0.1638
2551.245,0.15678
2551.246,0.133575
2551.247,0.11583
2551.248,0.11427
2551.249,0.1248
2551.25,0.13299
2551.251,0.14547
2551.252,0.18096
2551.253,0.20631
2551.254,0.219375
2551.255,0.2067
2551.256,0.20124
2551.257,0.195585
2551.258,0.18525
2551.259,0.176475
2551.26,0.16263
2551.261,0.15170999999999998
2551.262,0.141375
2551.263,0.11329499999999999
2551.264,0.10062
2551.265,0.107835
2551.266,0.11583
2551.267,0.12967499999999998
2551.268,0.15639
2551.269,0.183495
2551.27,0.197925
2551.271,0.197535
2551.272,0.208065
2551.273,0.195975
2551.274,0.187005
2551.275,0.180375
2551.276,0.17199
2551.277,0.14937
2551.278,0.145275
2551.279,0.13299
2551.28,0.11309999999999999
2551.281,0.10257
2551.282,0.11232
2551.283,0.12050999999999999
2551.284,0.13923
2551.285,0.16965
2551.286,0.191295
2551.287,0.19851
2551.288,0.20377499999999998
2551.289,0.20377499999999998
2551.29,0.20357999999999998
2551.291,0.19539
2551.292,0.18603
2551.293,0.17043
2551.294,0.160095
2551.295,0.153075
2551.296,0.139035
2551.297,0.11271
2551.298,0.111735
2551.299,0.122655
2551.3,0.13182
2551.301,0.153075
2551.302,0.18603
2551.303,0.20377499999999998
2551.304,0.22561499999999998
2551.305,0.21723
2551.306,0.208455
2551.307,0.205335
2551.308,0.19773
2551.309,0.197535
2551.31,0.17277
2551.311,0.161655
2551.312,0.155025
2551.313,0.13299
2551.314,0.116415
2551.315,0.117975
2551.316,0.128895
2551.317,0.142545
2551.318,0.17667
2551.319,0.202995
2551.32,0.21762
2551.321,0.22035
2551.322,0.216255
2551.323,0.216255
2551.324,0.210015
2551.325,0.19539
2551.326,0.185445
2551.327,0.17628
2551.328,0.163215
2551.329,0.145275
2551.33,0.128895
2551.331,0.12050999999999999
2551.332,0.128895
2551.333,0.13708499999999998
2551.334,0.147615
2551.335,0.18914999999999998
2551.336,0.21372
2551.337,0.213915
2551.338,0.222495
2551.339,0.22035
2551.34,0.21294
2551.341,0.20748
2551.342,0.195
2551.343,0.18291
2551.344,0.166335
2551.345,0.16107
2551.346,0.135525
2551.347,0.115635
2551.348,0.116415
2551.349,0.128895
2551.35,0.14547
2551.351,0.150735
2551.352,0.194415
2551.353,0.21255
2551.354,0.216255
2551.355,0.216255
2551.356,0.21411
2551.357,0.20124
2551.358,0.193245
2551.359,0.19149
2551.36,0.1755
2551.361,0.16302
2551.362,0.15483
2551.363,0.12675
2551.364,0.115635
2551.365,0.12012
2551.366,0.12909
2551.367,0.135135
2551.368,0.166335
2551.369,0.194415
2551.37,0.20748
2551.371,0.20319
2551.372,0.20748
2551.373,0.20592
2551.374,0.19616999999999998
2551.375,0.185445
2551.376,0.17706
2551.377,0.1638
2551.378,0.15678
2551.379,0.135135
2551.38,0.117975
2551.381,0.10803
2551.382,0.11583
2551.383,0.12050999999999999
2551.384,0.13299
2551.385,0.170625
2551.386,0.19539
2551.387,0.20007
2551.388,0.20396999999999998
2551.389,0.20982
2551.39,0.200655
2551.391,0.19188
2551.392,0.18525
2551.393,0.167895
2551.394,0.158145
2551.395,0.14976
2551.396,0.133575
2551.397,0.110175
2551.398,0.10803
2551.399,0.11895
2551.4,0.1287
2551.401,0.14547
2551.402,0.17823
2551.403,0.199095
2551.404,0.20904
2551.405,0.20787
2551.406,0.20396999999999998
2551.407,0.19539
2551.408,0.18369
2551.409,0.18193499999999999
2551.41,0.166335
2551.411,0.153855
2551.412,0.145275
2551.413,0.11680499999999999
2551.414,0.107055
2551.415,0.110175
2551.416,0.116415
2551.417,0.1287
2551.418,0.153855
2551.419,0.185055
2551.42,0.199875
2551.421,0.19636499999999998
2551.422,0.201435
2551.423,0.19968
2551.424,0.190515
2551.425,0.18486
2551.426,0.166335
2551.427,0.156
2551.428,0.146055
2551.429,0.128895
2551.43,0.10803
2551.431,0.10491
2551.432,0.112515
2551.433,0.12246
2551.434,0.13688999999999998
2551.435,0.171405
2551.436,0.194415
2551.437,0.193635
2551.438,0.201435
2551.439,0.201435
2551.44,0.19636499999999998
2551.441,0.185055
2551.442,0.17667
2551.443,0.16263
2551.444,0.146055
2551.445,0.141375
2551.446,0.11778
2551.447,0.106275
2551.448,0.10198499999999999
2551.449,0.11388
2551.45,0.12675
2551.451,0.135135
2551.452,0.17511
2551.453,0.19539
2551.454,0.195195
2551.455,0.200655
2551.456,0.195975
2551.457,0.18914999999999998
2551.458,0.17823
2551.459,0.176085
2551.46,0.160095
2551.461,0.14625
2551.462,0.14079
2551.463,0.11309999999999999
2551.464,0.0975
2551.465,0.100035
2551.466,0.10803
2551.467,0.13143
2551.468,0.15170999999999998
2551.469,0.18193499999999999
2551.47,0.19539
2551.471,0.192075
2551.472,0.20046
2551.473,0.19071
2551.474,0.18291
2551.475,0.17667
2551.476,0.16458
2551.477,0.153855
2551.478,0.142935
2551.479,0.128895
2551.48,0.11232
2551.481,0.09672
2551.482,0.103155
2551.483,0.10998
2551.484,0.132795
2551.485,0.16614
2551.486,0.18875999999999998
2551.487,0.191295
2551.488,0.195975
2551.489,0.19071
2551.49,0.186615
2551.491,0.18291
2551.492,0.172575
2551.493,0.15834
2551.494,0.146055
2551.495,0.135135
2551.496,0.116415
2551.497,0.09984
2551.498,0.09516
2551.499,0.11115
2551.5,0.11660999999999999
2551.501,0.13104
2551.502,0.166335
2551.503,0.186615
2551.504,0.19539
2551.505,0.191295
2551.506,0.1872
2551.507,0.181155
2551.508,0.17238
2551.509,0.166335
2551.51,0.147615
2551.511,0.14235
2551.512,0.135135
2551.513,0.10803
2551.514,0.088335
2551.515,0.10178999999999999
2551.516,0.10764
2551.517,0.12031499999999999
2551.518,0.145665
2551.519,0.17628
2551.52,0.18681
2551.521,0.19539
2551.522,0.19539
2551.523,0.191295
2551.524,0.18486
2551.525,0.17277
2551.526,0.16419
2551.527,0.14547
2551.528,0.141375
2551.529,0.1248
2551.53,0.10588499999999999
2551.531,0.100035
2551.532,0.10803
2551.533,0.117975
2551.534,0.130065
2551.535,0.16419
2551.536,0.19032
2551.537,0.195195
2551.538,0.20046
2551.539,0.20124
2551.54,0.19539
2551.541,0.18603
2551.542,0.17862
2551.543,0.162435
2551.544,0.15327
2551.545,0.14118
2551.546,0.117975
2551.547,0.1014
2551.548,0.103935
2551.549,0.11427
2551.55,0.128895
2551.551,0.14547
2551.552,0.17862
2551.553,0.19734
2551.554,0.20787
2551.555,0.20592
2551.556,0.20007
2551.557,0.195975
2551.558,0.188175
2551.559,0.182715
2551.56,0.16614
2551.561,0.151515
2551.562,0.145665
2551.563,0.117975
2551.564,0.10335
2551.565,0.10764
2551.566,0.12050999999999999
2551.567,0.13299
2551.568,0.160095
2551.569,0.191295
2551.57,0.2028
2551.571,0.20787
2551.572,0.208065
2551.573,0.200655
2551.574,0.1911
2551.575,0.182715
2551.576,0.172575
2551.577,0.163215
2551.578,0.146055
2551.579,0.128895
2551.58,0.110175
2551.581,0.10803
2551.582,0.11349
2551.583,0.12207
2551.584,0.14079
2551.585,0.170235
2551.586,0.191685
2551.587,0.19636499999999998
2551.588,0.2067
2551.589,0.201435
2551.59,0.19773
2551.591,0.188175
2551.592,0.17432999999999998
2551.593,0.158535
2551.594,0.15170999999999998
2551.595,0.13533
2551.596,0.114465
2551.597,0.100815
2551.598,0.09555
2551.599,0.10568999999999999
2551.6,0.117975
2551.601,0.13611
2551.602,0.16711499999999999
2551.603,0.191295
2551.604,0.197535
2551.605,0.195585
2551.606,0.187005
2551.607,0.18252
2551.608,0.179205
2551.609,0.16614
2551.61,0.15678
2551.611,0.14742
2551.612,0.135135
2551.613,0.108615
2551.614,0.103935
2551.615,0.10374
2551.616,0.11349
2551.617,0.123045
2551.618,0.153075
2551.619,0.17823
2551.62,0.195
2551.621,0.19305
2551.622,0.195975
2551.623,0.190515
2551.624,0.185055
2551.625,0.18096
2551.626,0.167895
2551.627,0.154245
2551.628,0.141375
2551.629,0.11895
2551.63,0.10686
2551.631,0.096135
2551.632,0.10062
2551.633,0.114855
2551.634,0.128895
2551.635,0.160095
2551.636,0.183105
2551.637,0.194415
2551.638,0.19968
2551.639,0.195975
2551.64,0.192465
2551.641,0.18291
2551.642,0.172575
2551.643,0.16263
2551.644,0.147615
2551.645,0.141375
2551.646,0.12363
2551.647,0.10178999999999999
2551.648,0.101595
2551.649,0.11115
2551.65,0.12031499999999999
2551.651,0.14235
2551.652,0.1755
2551.653,0.197535
2551.654,0.20377499999999998
2551.655,0.20396999999999998
2551.656,0.20046
2551.657,0.18914999999999998
2551.658,0.176475
2551.659,0.178035
2551.66,0.15678
2551.661,0.14859
2551.662,0.14508
2551.663,0.110175
2551.664,0.100035
2551.665,0.103935
2551.666,0.110565
2551.667,0.12363
2551.668,0.15132
2551.669,0.185055
2551.67,0.200655
2551.671,0.20124
2551.672,0.19773
2551.673,0.19539
2551.674,0.186225
2551.675,0.17511
2551.676,0.16419
2551.677,0.149175
2551.678,0.14235
2551.679,0.124995
2551.68,0.10413
2551.681,0.101595
2551.682,0.10335
2551.683,0.11739
2551.684,0.12792
2551.685,0.151515
2551.686,0.18291
2551.687,0.186615
2551.688,0.18914999999999998
2551.689,0.188175
2551.69,0.18096
2551.691,0.173745
2551.692,0.163215
2551.693,0.153855
2551.694,0.141375
2551.695,0.12363
2551.696,0.10686
2551.697,0.08716499999999999
2551.698,0.08619
2551.699,0.096525
2551.7,0.10803
2551.701,0.126945
2551.702,0.1638
2551.703,0.18252
2551.704,0.186225
2551.705,0.18291
2551.706,0.17667
2551.707,0.17823
2551.708,0.17004
2551.709,0.163215
2551.71,0.145275
2551.711,0.13923
2551.712,0.13104
2551.713,0.10686
2551.714,0.096135
2551.715,0.097695
2551.716,0.107835
2551.717,0.125775
2551.718,0.15795
2551.719,0.182325
2551.72,0.19227
2551.721,0.194415
2551.722,0.199875
2551.723,0.1911
2551.724,0.18564
2551.725,0.17862
2551.726,0.166335
2551.727,0.155025
2551.728,0.145665
2551.729,0.126945
2551.73,0.10178999999999999
2551.731,0.10296
2551.732,0.114075
2551.733,0.12012
2551.734,0.13299
2551.735,0.170235
2551.736,0.194415
2551.737,0.19539
2551.738,0.20124
2551.739,0.20124
2551.74,0.197925
2551.741,0.18369
2551.742,0.17413499999999998
2551.743,0.160095
2551.744,0.146055
2551.745,0.1404
2551.746,0.121095
2551.747,0.10178999999999999
2551.748,0.096525
2551.749,0.11329499999999999
2551.75,0.122655
2551.751,0.142935
2551.752,0.178815
2551.753,0.19851
2551.754,0.200655
2551.755,0.201435
2551.756,0.20046
2551.757,0.191295
2551.758,0.18291
2551.759,0.17784
2551.76,0.16263
2551.761,0.149175
2551.762,0.142935
2551.763,0.115635
2551.764,0.10178999999999999
2551.765,0.108615
2551.766,0.116415
2551.767,0.1287
2551.768,0.160095
2551.769,0.185055
2551.77,0.20124
2551.771,0.197535
2551.772,0.20163
2551.773,0.192465
2551.774,0.18486
2551.775,0.176475
2551.776,0.16419
2551.777,0.14781
2551.778,0.13923
2551.779,0.12129
2551.78,0.10296
2551.781,0.09126
2551.782,0.095355
2551.783,0.11427
2551.784,0.12050999999999999
2551.785,0.160095
2551.786,0.182715
2551.787,0.18252
2551.788,0.192465
2551.789,0.191295
2551.79,0.18134999999999998
2551.791,0.171015
2551.792,0.16652999999999998
2551.793,0.15366
2551.794,0.135135
2551.795,0.128895
2551.796,0.10178999999999999
2551.797,0.08307
2551.798,0.085215
2551.799,0.098475
2551.8,0.10803
2551.801,0.13104
2551.802,0.15834
2551.803,0.178815
2551.804,0.18096
2551.805,0.178815
2551.806,0.18252
2551.807,0.17004
2551.808,0.16107
2551.809,0.15366
2551.81,0.14118
2551.811,0.124995
2551.812,0.11739
2551.813,0.083655
2551.814,0.078975
2551.815,0.082095
2551.816,0.08307
2551.817,0.104325
2551.818,0.132015
2551.819,0.158925
2551.82,0.17043
2551.821,0.172575
2551.822,0.17628
2551.823,0.166335
2551.824,0.160095
2551.825,0.15327
2551.826,0.14118
2551.827,0.132795
2551.828,0.122655
2551.829,0.100815
2551.83,0.07839
2551.831,0.078975
2551.832,0.085215
2551.833,0.09789
2551.834,0.116415
2551.835,0.14937
2551.836,0.17043
2551.837,0.178815
2551.838,0.183495
2551.839,0.185055
2551.84,0.178815
2551.841,0.165945
2551.842,0.15795
2551.843,0.147615
2551.844,0.13923
2551.845,0.12050999999999999
2551.846,0.100815
2551.847,0.09048
2551.848,0.085215
2551.849,0.09984
2551.85,0.117975
2551.851,0.13299
2551.852,0.160095
2551.853,0.185055
2551.854,0.18934499999999999
2551.855,0.189735
2551.856,0.18134999999999998
2551.857,0.178035
2551.858,0.165555
2551.859,0.16263
2551.86,0.14547
2551.861,0.13182
2551.862,0.12792
2551.863,0.10062
2551.864,0.08892
2551.865,0.09126
2551.866,0.100815
2551.867,0.115635
2551.868,0.141765
2551.869,0.170625
2551.87,0.183495
2551.871,0.182715
2551.872,0.18914999999999998
2551.873,0.181155
2551.874,0.17043
2551.875,0.16652999999999998
2551.876,0.153855
2551.877,0.14157
2551.878,0.13533
2551.879,0.11309999999999999
2551.88,0.09555
2551.881,0.08385
2551.882,0.09437999999999999
2551.883,0.103935
2551.884,0.12012
2551.885,0.15288
2551.886,0.1755
2551.887,0.178035
2551.888,0.18291
2551.889,0.184275
2551.89,0.17238
2551.891,0.16652999999999998
2551.892,0.156195
2551.893,0.147615
2551.894,0.132015
2551.895,0.12675
2551.896,0.10647
2551.897,0.08268
2551.898,0.08619
2551.899,0.096135
2551.9,0.103155
2551.901,0.129285
2551.902,0.160095
2551.903,0.177645
2551.904,0.187005
2551.905,0.186615
2551.906,0.18291
2551.907,0.171015
2551.908,0.16614
2551.909,0.16263
2551.91,0.145275
2551.911,0.130065
2551.912,0.1287
2551.913,0.101595
2551.914,0.0897
2551.915,0.089505
2551.916,0.104325
2551.917,0.11232
2551.918,0.148785
2551.919,0.178815
2551.92,0.190515
2551.921,0.195975
2551.922,0.191295
2551.923,0.185055
2551.924,0.18096
2551.925,0.172575
2551.926,0.164775
2551.927,0.14781
2551.928,0.14235
2551.929,0.1287
2551.93,0.10335
2551.931,0.097695
2551.932,0.110175
2551.933,0.116415
2551.934,0.135135
2551.935,0.17082
2551.936,0.195975
2551.937,0.198315
2551.938,0.20163
2551.939,0.204555
2551.94,0.19305
2551.941,0.185055
2551.942,0.185055
2551.943,0.16536
2551.944,0.15170999999999998
2551.945,0.147615
2551.946,0.12558
2551.947,0.11622
2551.948,0.108615
2551.949,0.12050999999999999
2551.95,0.13182
2551.951,0.15170999999999998
2551.952,0.183105
2551.953,0.201435
2551.954,0.208455
2551.955,0.207675
2551.956,0.20202
2551.957,0.1911
2551.958,0.18291
2551.959,0.179205
2551.96,0.1599
2551.961,0.147615
2551.962,0.14079
2551.963,0.116415
2551.964,0.10413
2551.965,0.110175
2551.966,0.12031499999999999
2551.967,0.13182
2551.968,0.15795
2551.969,0.18914999999999998
2551.97,0.19636499999999998
2551.971,0.20124
2551.972,0.20007
2551.973,0.191295
2551.974,0.18447
2551.975,0.16926
2551.976,0.16263
2551.977,0.14547
2551.978,0.135525
2551.979,0.117585
2551.98,0.097695
2551.981,0.092625
2551.982,0.096135
2551.983,0.11309999999999999
2551.984,0.12285
2551.985,0.15931499999999998
2551.986,0.17979
2551.987,0.18875999999999998
2551.988,0.191295
2551.989,0.18681
2551.99,0.183495
2551.991,0.16614
2551.992,0.158925
2551.993,0.14859
2551.994,0.13299
2551.995,0.12129
2551.996,0.10374
2551.997,0.08619
2551.998,0.08619
2551.999,0.095745
2552.0,0.11427
2552.001,0.1287
2552.002,0.1599
2552.003,0.17862
2552.004,0.182715
2552.005,0.183495
2552.006,0.173355
2552.007,0.17043
2552.008,0.155415
2552.009,0.14937
2552.01,0.1326
2552.011,0.12792
2552.012,0.117585
2552.013,0.08716499999999999
2552.014,0.078975
2552.015,0.078975
2552.016,0.091455
2552.017,0.103935
2552.018,0.13455
2552.019,0.16107
2552.02,0.172575
2552.021,0.17355
2552.022,0.18096
2552.023,0.17413499999999998
2552.024,0.163995
2552.025,0.156
2552.026,0.14547
2552.027,0.13299
2552.028,0.1248
2552.029,0.103935
2552.03,0.085215
2552.031,0.07839
2552.032,0.08385
2552.033,0.1014
2552.034,0.12050999999999999
2552.035,0.146055
2552.036,0.17238
2552.037,0.17784
2552.038,0.183495
2552.039,0.18291
2552.04,0.17277
2552.041,0.166335
2552.042,0.158535
2552.043,0.145275
2552.044,0.129285
2552.045,0.12050999999999999
2552.046,0.103155
2552.047,0.08541
2552.048,0.085215
2552.049,0.095355
2552.05,0.10549499999999999
2552.051,0.128505
2552.052,0.15795
2552.053,0.17784
2552.054,0.18193499999999999
2552.055,0.18057
2552.056,0.17628
2552.057,0.16614
2552.058,0.16263
2552.059,0.153855
2552.06,0.133575
2552.061,0.123825
2552.062,0.11427
2552.063,0.086385
2552.064,0.07878
2552.065,0.086385
2552.066,0.088335
2552.067,0.108615
2552.068,0.13299
2552.069,0.16575
2552.07,0.171405
2552.071,0.17043
2552.072,0.170235
2552.073,0.16419
2552.074,0.15795
2552.075,0.146055
2552.076,0.132015
2552.077,0.12031499999999999
2552.078,0.10725
2552.079,0.08931
2552.08,0.07332
2552.081,0.066495
2552.082,0.072735
2552.083,0.08326499999999999
2552.084,0.09555
2552.085,0.133965
2552.086,0.158535
2552.087,0.16107
2552.088,0.16419
2552.089,0.16575
2552.09,0.15678
2552.091,0.14937
2552.092,0.141375
2552.093,0.126555
2552.094,0.112515
2552.095,0.101595
2552.096,0.07995
2552.097,0.068835
2552.098,0.0663
2552.099,0.078
2552.1,0.09067499999999999
2552.101,0.110175
2552.102,0.141375
2552.103,0.15756
2552.104,0.169455
2552.105,0.16731
2552.106,0.165555
2552.107,0.156195
2552.108,0.147615
2552.109,0.135135
2552.11,0.123045
2552.111,0.11544
2552.112,0.10452
2552.113,0.07683
2552.114,0.066495
2552.115,0.07059
2552.116,0.082875
2552.117,0.095355
2552.118,0.12519
2552.119,0.15327
2552.12,0.166335
2552.121,0.173355
2552.122,0.170235
2552.123,0.163215
2552.124,0.156
2552.125,0.14781
2552.126,0.136305
2552.127,0.11934
2552.128,0.11544
2552.129,0.091455
2552.13,0.071175
2552.131,0.07059
2552.132,0.07683
2552.133,0.09067499999999999
2552.134,0.103935
2552.135,0.141375
2552.136,0.16575
2552.137,0.166335
2552.138,0.171015
2552.139,0.171015
2552.14,0.160095
2552.141,0.157755
2552.142,0.141375
2552.143,0.135525
2552.144,0.122655
2552.145,0.108615
2552.146,0.086775
2552.147,0.066495
2552.148,0.068835
2552.149,0.078975
2552.15,0.095355
2552.151,0.11739
2552.152,0.141765
2552.153,0.17004
2552.154,0.17043
2552.155,0.17043
2552.156,0.16614
2552.157,0.156975
2552.158,0.148785
2552.159,0.14235
2552.16,0.1248
2552.161,0.11388
2552.162,0.09555
2552.163,0.074295
2552.164,0.06552
2552.165,0.06552
2552.166,0.082095
2552.167,0.09243
2552.168,0.121095
2552.169,0.15190499999999998
2552.17,0.156975
2552.171,0.16302
2552.172,0.163995
2552.173,0.156
2552.174,0.149175
2552.175,0.135135
2552.176,0.12050999999999999
2552.177,0.108225
2552.178,0.106275
2552.179,0.088335
2552.18,0.0663
2552.181,0.066495
2552.182,0.072735
2552.183,0.082095
2552.184,0.09555
2552.185,0.138255
2552.186,0.1599
2552.187,0.16419
2552.188,0.166335
2552.189,0.15873
2552.19,0.153855
2552.191,0.15639
2552.192,0.142155
2552.193,0.12519
2552.194,0.116415
2552.195,0.11329499999999999
2552.196,0.08696999999999999
2552.197,0.070785
2552.198,0.07585499999999999
2552.199,0.085215
2552.2,0.104325
2552.201,0.12363
2552.202,0.153855
2552.203,0.171405
2552.204,0.170625
2552.205,0.17199
2552.206,0.170235
2552.207,0.161265
2552.208,0.148005
2552.209,0.15170999999999998
2552.21,0.13299
2552.211,0.122655
2552.212,0.107055
2552.213,0.08658
2552.214,0.078975
2552.215,0.07683
2552.216,0.092625
2552.217,0.103155
2552.218,0.135915
2552.219,0.16302
2552.22,0.17043
2552.221,0.17706
2552.222,0.17628
2552.223,0.16575
2552.224,0.16263
2552.225,0.153855
2552.226,0.14079
2552.227,0.127335
2552.228,0.12363
2552.229,0.101595
2552.23,0.083655
2552.231,0.078975
2552.232,0.089115
2552.233,0.103155
2552.234,0.11329499999999999
2552.235,0.146445
2552.236,0.17511
2552.237,0.18096
2552.238,0.183495
2552.239,0.17823
2552.24,0.17277
2552.241,0.17043
2552.242,0.158535
2552.243,0.145665
2552.244,0.133575
2552.245,0.122655
2552.246,0.10608
2552.247,0.088335
2552.248,0.08931
2552.249,0.10296
2552.25,0.11388
2552.251,0.141375
2552.252,0.16575
2552.253,0.186225
2552.254,0.192855
2552.255,0.188175
2552.256,0.185055
2552.257,0.177255
2552.258,0.166335
2552.259,0.168285
2552.26,0.147615
2552.261,0.141375
2552.262,0.12792
2552.263,0.10374
2552.264,0.092235
2552.265,0.101595
2552.266,0.11309999999999999
2552.267,0.125775
2552.268,0.155415
2552.269,0.181155
2552.27,0.1911
2552.271,0.20124
2552.272,0.191685
2552.273,0.191295
2552.274,0.181155
2552.275,0.17979
2552.276,0.16575
2552.277,0.148785
2552.278,0.141375
2552.279,0.1248
2552.28,0.100035
2552.281,0.095745
2552.282,0.10803
2552.283,0.12050999999999999
2552.284,0.141375
2552.285,0.18252
2552.286,0.19539
2552.287,0.208065
2552.288,0.20377499999999998
2552.289,0.20377499999999998
2552.29,0.19539
2552.291,0.191295
2552.292,0.178815
2552.293,0.16575
2552.294,0.153855
2552.295,0.14547
2552.296,0.117975
2552.297,0.103935
2552.298,0.11388
2552.299,0.12246
2552.3,0.13299
2552.301,0.15795
2552.302,0.185055
2552.303,0.20787
2552.304,0.20377499999999998
2552.305,0.20377499999999998
2552.306,0.2028
2552.307,0.19734
2552.308,0.190515
2552.309,0.17979
2552.31,0.16614
2552.311,0.155415
2552.312,0.141375
2552.313,0.121095
2552.314,0.10998
2552.315,0.11660999999999999
2552.316,0.125775
2552.317,0.14079
2552.318,0.17043
2552.319,0.195975
2552.32,0.206895
2552.321,0.20748
2552.322,0.20787
2552.323,0.202995
2552.324,0.191295
2552.325,0.1833
2552.326,0.172575
2552.327,0.15795
2552.328,0.149175
2552.329,0.128895
2552.33,0.105105
2552.331,0.10178999999999999
2552.332,0.110175
2552.333,0.12070499999999999
2552.334,0.13533
2552.335,0.1755
2552.336,0.194415
2552.337,0.197925
2552.338,0.20631
2552.339,0.19968
2552.34,0.19227
2552.341,0.183495
2552.342,0.176475
2552.343,0.163995
2552.344,0.15327
2552.345,0.13884
2552.346,0.122655
2552.347,0.10608
2552.348,0.10178999999999999
2552.349,0.11309999999999999
2552.35,0.12675
2552.351,0.14859
2552.352,0.178815
2552.353,0.201435
2552.354,0.199095
2552.355,0.19929
2552.356,0.20046
2552.357,0.19227
2552.358,0.18193499999999999
2552.359,0.17277
2552.36,0.15678
2552.361,0.146055
2552.362,0.134355
2552.363,0.10686
2552.364,0.103935
2552.365,0.10296
2552.366,0.11329499999999999
2552.367,0.132795
2552.368,0.158535
2552.369,0.18096
2552.37,0.19539
2552.371,0.19539
2552.372,0.19773
2552.373,0.18895499999999998
2552.374,0.18291
2552.375,0.172965
2552.376,0.158925
2552.377,0.15054
2552.378,0.13884
2552.379,0.116415
2552.38,0.097695
2552.381,0.09243
2552.382,0.1014
2552.383,0.10803
2552.384,0.124995
2552.385,0.15873
2552.386,0.18252
2552.387,0.18564
2552.388,0.18486
2552.389,0.186615
2552.39,0.17862
2552.391,0.17121
2552.392,0.15795
2552.393,0.149175
2552.394,0.13923
2552.395,0.128895
2552.396,0.095355
2552.397,0.08112
2552.398,0.09437999999999999
2552.399,0.09808499999999999
2552.4,0.11427
2552.401,0.14118
2552.402,0.166335
2552.403,0.18134999999999998
2552.404,0.18914999999999998
2552.405,0.178815
2552.406,0.185055
2552.407,0.172575
2552.408,0.16419
2552.409,0.156975
2552.41,0.133965
2552.411,0.1248
2552.412,0.10803
2552.413,0.091455
2552.414,0.082095
2552.415,0.08696999999999999
2552.416,0.09457499999999999
2552.417,0.115635
2552.418,0.141375
2552.419,0.16614
2552.42,0.170625
2552.421,0.181155
2552.422,0.17355
2552.423,0.167505
2552.424,0.163995
2552.425,0.158145
2552.426,0.14449499999999998
2552.427,0.135135
2552.428,0.12031499999999999
2552.429,0.103935
2552.43,0.08151
2552.431,0.07371
2552.432,0.08775
2552.433,0.09672
2552.434,0.10803
2552.435,0.142935
2552.436,0.16809
2552.437,0.17784
2552.438,0.181155
2552.439,0.175695
2552.44,0.163215
2552.441,0.160095
2552.442,0.14937
2552.443,0.13688999999999998
2552.444,0.12831
2552.445,0.12050999999999999
2552.446,0.091845
2552.447,0.07371
2552.448,0.077415
2552.449,0.08541
2552.45,0.10491
2552.451,0.128895
2552.452,0.160095
2552.453,0.178815
2552.454,0.17862
2552.455,0.17823
2552.456,0.167505
2552.457,0.163995
2552.458,0.15678
2552.459,0.14781
2552.46,0.1287
2552.461,0.1248
2552.462,0.10296
2552.463,0.082875
2552.464,0.07566
2552.465,0.082095
2552.466,0.08696999999999999
2552.467,0.10374
2552.468,0.135525
2552.469,0.163215
2552.47,0.17238
2552.471,0.177255
2552.472,0.17667
2552.473,0.170235
2552.474,0.160095
2552.475,0.147615
2552.476,0.141375
2552.477,0.126945
2552.478,0.12031499999999999
2552.479,0.104325
2552.48,0.081315
2552.481,0.07644
2552.482,0.08696999999999999
2552.483,0.10198499999999999
2552.484,0.11544
2552.485,0.151515
2552.486,0.172575
2552.487,0.17823
2552.488,0.17277
2552.489,0.17862
2552.49,0.169455
2552.491,0.16302
2552.492,0.15366
2552.493,0.136305
2552.494,0.12792
2552.495,0.12031499999999999
2552.496,0.098865
2552.497,0.07878
2552.498,0.08268
2552.499,0.09243
2552.5,0.1014
2552.501,0.13494
2552.502,0.15911999999999998
2552.503,0.17238
2552.504,0.173355
2552.505,0.18291
2552.506,0.18252
2552.507,0.1677
2552.508,0.16107
2552.509,0.147615
2552.51,0.13182
2552.511,0.12050999999999999
2552.512,0.10764
2552.513,0.082095
2552.514,0.078975
2552.515,0.081315
2552.516,0.09243
2552.517,0.10803
2552.518,0.1404
2552.519,0.16652999999999998
2552.52,0.17784
2552.521,0.17862
2552.522,0.172575
2552.523,0.17043
2552.524,0.163995
2552.525,0.156
2552.526,0.140595
2552.527,0.12792
2552.528,0.12050999999999999
2552.529,0.103155
2552.53,0.08541
2552.531,0.074295
2552.532,0.08931
2552.533,0.10686
2552.534,0.11622
2552.535,0.15170999999999998
2552.536,0.175695
2552.537,0.185055
2552.538,0.18291
2552.539,0.18291
2552.54,0.168285
2552.541,0.169455
2552.542,0.15795
2552.543,0.145665
2552.544,0.135135
2552.545,0.116415
2552.546,0.09789
2552.547,0.08385
2552.548,0.09048
2552.549,0.101595
2552.55,0.10958999999999999
2552.551,0.14079
2552.552,0.17355
2552.553,0.185445
2552.554,0.18681
2552.555,0.18525
2552.556,0.182715
2552.557,0.175695
2552.558,0.166335
2552.559,0.163995
2552.56,0.145665
2552.561,0.132015
2552.562,0.11699999999999999
2552.563,0.10023
2552.564,0.08892
2552.565,0.1014
2552.566,0.108225
2552.567,0.12792
2552.568,0.15795
2552.569,0.18252
2552.57,0.186615
2552.571,0.19227
2552.572,0.19539
2552.573,0.18603
2552.574,0.178815
2552.575,0.17043
2552.576,0.15795
2552.577,0.14508
2552.578,0.136695
2552.579,0.12012
2552.58,0.103935
2552.581,0.09555
2552.582,0.10296
2552.583,0.11427
2552.584,0.128505
2552.585,0.170235
2552.586,0.18681
2552.587,0.19851
2552.588,0.19539
2552.589,0.19032
2552.59,0.182715
2552.591,0.17277
2552.592,0.170235
2552.593,0.14742
2552.594,0.14118
2552.595,0.131235
2552.596,0.108225
2552.597,0.09555
2552.598,0.10062
2552.599,0.10803
2552.6,0.11739
2552.601,0.1404
2552.602,0.174915
2552.603,0.18914999999999998
2552.604,0.185055
2552.605,0.18934499999999999
2552.606,0.18291
2552.607,0.172965
2552.608,0.168285
2552.609,0.157755
2552.61,0.142935
2552.611,0.132795
2552.612,0.11622
2552.613,0.09243
2552.614,0.09243
2552.615,0.096135
2552.616,0.1014
2552.617,0.110175
2552.618,0.14508
2552.619,0.178815
2552.62,0.183105
2552.621,0.183495
2552.622,0.19032
2552.623,0.185055
2552.624,0.17823
2552.625,0.16107
2552.626,0.151515
2552.627,0.139425
2552.628,0.13299
2552.629,0.11466
2552.63,0.091455
2552.631,0.088335
2552.632,0.101595
2552.633,0.108225
2552.634,0.12050999999999999
2552.635,0.158145
2552.636,0.18681
2552.637,0.19227
2552.638,0.195975
2552.639,0.18642
2552.64,0.178815
2552.641,0.172575
2552.642,0.166335
2552.643,0.15170999999999998
2552.644,0.140985
2552.645,0.1287
2552.646,0.10686
2552.647,0.09067499999999999
2552.648,0.1014
2552.649,0.10803
2552.65,0.117975
2552.651,0.14625
2552.652,0.175695
2552.653,0.192075
2552.654,0.195
2552.655,0.194415
2552.656,0.18954
2552.657,0.184275
2552.658,0.16965
2552.659,0.160095
2552.66,0.151515
2552.661,0.14449499999999998
2552.662,0.117975
2552.663,0.096135
2552.664,0.09984
2552.665,0.10198499999999999
2552.666,0.10803
2552.667,0.121095
2552.668,0.162435
2552.669,0.18914999999999998
2552.67,0.18914999999999998
2552.671,0.19149
2552.672,0.195975
2552.673,0.18914999999999998
2552.674,0.185055
2552.675,0.173355
2552.676,0.160095
2552.677,0.15483
2552.678,0.14313
2552.679,0.118365
2552.68,0.09984
2552.681,0.097695
2552.682,0.10803
2552.683,0.12050999999999999
2552.684,0.132015
2552.685,0.170235
2552.686,0.190515
2552.687,0.199875
2552.688,0.20007
2552.689,0.20046
2552.69,0.191295
2552.691,0.183495
2552.692,0.171015
2552.693,0.15678
2552.694,0.150735
2552.695,0.14079
2552.696,0.110175
2552.697,0.10062
2552.698,0.09555
2552.699,0.111345
2552.7,0.122655
2552.701,0.145665
2552.702,0.18173999999999998
2552.703,0.192465
2552.704,0.20124
2552.705,0.19539
2552.706,0.194415
2552.707,0.18603
2552.708,0.17901
2552.709,0.178815
2552.71,0.16224
2552.711,0.147615
2552.712,0.13455
2552.713,0.110175
2552.714,0.10178999999999999
2552.715,0.112515
2552.716,0.12675
2552.717,0.13923
2552.718,0.17043
2552.719,0.197925
2552.72,0.20163
2552.721,0.210405
2552.722,0.204555
2552.723,0.202215
2552.724,0.18914999999999998
2552.725,0.183885
2552.726,0.17121
2552.727,0.16107
2552.728,0.14937
2552.729,0.13572
2552.73,0.108615
2552.731,0.109005
2552.732,0.1248
2552.733,0.13299
2552.734,0.147615
2552.735,0.183105
2552.736,0.208455
2552.737,0.21411
2552.738,0.208455
2552.739,0.206115
2552.74,0.195975
2552.741,0.18914999999999998
2552.742,0.18291
2552.743,0.170625
2552.744,0.160095
2552.745,0.15132
2552.746,0.12285
2552.747,0.111345
2552.748,0.11622
2552.749,0.12558
2552.75,0.14235
2552.751,0.166335
2552.752,0.18895499999999998
2552.753,0.20631
2552.754,0.210015
2552.755,0.212355
2552.756,0.2028
2552.757,0.198705
2552.758,0.195195
2552.759,0.17823
2552.76,0.163995
2552.761,0.15639
2552.762,0.136695
2552.763,0.117975
2552.764,0.109005
2552.765,0.11622
2552.766,0.1326
2552.767,0.146055
2552.768,0.175305
2552.769,0.2067
2552.77,0.21528
2552.771,0.22035
2552.772,0.21801
2552.773,0.20865
2552.774,0.20377499999999998
2552.775,0.19422
2552.776,0.1833
2552.777,0.170625
2552.778,0.16419
2552.779,0.14235
2552.78,0.1287
2552.781,0.11680499999999999
2552.782,0.128895
2552.783,0.14703
2552.784,0.16302
2552.785,0.19539
2552.786,0.222495
2552.787,0.23166
2552.788,0.22619999999999998
2552.789,0.220155
2552.79,0.21567
2552.791,0.207675
2552.792,0.197535
2552.793,0.186615
2552.794,0.17667
2552.795,0.168285
2552.796,0.14079
2552.797,0.13143
2552.798,0.12675
2552.799,0.13533
2552.8,0.15483
2552.801,0.18291
2552.802,0.20631
2552.803,0.22464
2552.804,0.220935
2552.805,0.22815
2552.806,0.21820499999999998
2552.807,0.210015
2552.808,0.2028
2552.809,0.191685
2552.81,0.18173999999999998
2552.811,0.167505
2552.812,0.15170999999999998
2552.813,0.1326
2552.814,0.12129
2552.815,0.139035
2552.816,0.145665
2552.817,0.156975
2552.818,0.18895499999999998
2552.819,0.213135
2552.82,0.21411
2552.821,0.220935
2552.822,0.22561499999999998
2552.823,0.217425
2552.824,0.20748
2552.825,0.20377499999999998
2552.826,0.183495
2552.827,0.178815
2552.828,0.16614
2552.829,0.153075
2552.83,0.12168
2552.831,0.124995
2552.832,0.132795
2552.833,0.147615
2552.834,0.163215
2552.835,0.191295
2552.836,0.215475
2552.837,0.22035
2552.838,0.213915
2552.839,0.21021
2552.84,0.201435
2552.841,0.19968
2552.842,0.188175
2552.843,0.17862
2552.844,0.17121
2552.845,0.15327
2552.846,0.12986999999999999
2552.847,0.11329499999999999
2552.848,0.12012
2552.849,0.12909
2552.85,0.145275
2552.851,0.172965
2552.852,0.19968
2552.853,0.21079499999999998
2552.854,0.21606
2552.855,0.21606
2552.856,0.213135
2552.857,0.20124
2552.858,0.19539
2552.859,0.191295
2552.86,0.1755
2552.861,0.16672499999999998
2552.862,0.141375
2552.863,0.12050999999999999
2552.864,0.11583
2552.865,0.124995
2552.866,0.13884
2552.867,0.15170999999999998
2552.868,0.18291
2552.869,0.205335
2552.87,0.22035
2552.871,0.217815
2552.872,0.20982
2552.873,0.20787
2552.874,0.199875
2552.875,0.192075
2552.876,0.17413499999999998
2552.877,0.168285
2552.878,0.158535
2552.879,0.13708499999999998
2552.88,0.121095
2552.881,0.116415
2552.882,0.13104
2552.883,0.139425
2552.884,0.160095
2552.885,0.185445
2552.886,0.208455
2552.887,0.212355
2552.888,0.22035
2552.889,0.21411
2552.89,0.20748
2552.891,0.19636499999999998
2552.892,0.187005
2552.893,0.17277
2552.894,0.16731
2552.895,0.15795
2552.896,0.12831
2552.897,0.11309999999999999
2552.898,0.116415
2552.899,0.13299
2552.9,0.146445
2552.901,0.17238
2552.902,0.19616999999999998
2552.903,0.20396999999999998
2552.904,0.213135
2552.905,0.217425
2552.906,0.20748
2552.907,0.197535
2552.908,0.18954
2552.909,0.185055
2552.91,0.166335
2552.911,0.160095
2552.912,0.13299
2552.913,0.114855
2552.914,0.10958999999999999
2552.915,0.11739
2552.916,0.13299
2552.917,0.151515
2552.918,0.17862
2552.919,0.20357999999999998
2552.92,0.20787
2552.921,0.21567
2552.922,0.20748
2552.923,0.20319
2552.924,0.197535
2552.925,0.18914999999999998
2552.926,0.176865
2552.927,0.16419
2552.928,0.15639
2552.929,0.13494
2552.93,0.11329499999999999
2552.931,0.11622
2552.932,0.12831
2552.933,0.14118
2552.934,0.153855
2552.935,0.190515
2552.936,0.207675
2552.937,0.22035
2552.938,0.21528
2552.939,0.21294
2552.94,0.20007
2552.941,0.197535
2552.942,0.18291
2552.943,0.176475
2552.944,0.15795
2552.945,0.15288
2552.946,0.12421499999999999
2552.947,0.106275
2552.948,0.110175
2552.949,0.12363
2552.95,0.135135
2552.951,0.166335
2552.952,0.190515
2552.953,0.2028
2552.954,0.20416499999999999
2552.955,0.208065
2552.956,0.2028
2552.957,0.18914999999999998
2552.958,0.18134999999999998
2552.959,0.17862
2552.96,0.16614
2552.961,0.141765
2552.962,0.128895
2552.963,0.111735
2552.964,0.10374
2552.965,0.11622
2552.966,0.12792
2552.967,0.136695
2552.968,0.17043
2552.969,0.19266
2552.97,0.191295
2552.971,0.19968
2552.972,0.2028
2552.973,0.191295
2552.974,0.18252
2552.975,0.17667
2552.976,0.160485
2552.977,0.158535
2552.978,0.14235
2552.979,0.11680499999999999
2552.98,0.10178999999999999
2552.981,0.09711
2552.982,0.103935
2552.983,0.11739
2552.984,0.13884
2552.985,0.17355
2552.986,0.191295
2552.987,0.20007
2552.988,0.193245
2552.989,0.195585
2552.99,0.182715
2552.991,0.178815
2552.992,0.17043
2552.993,0.15678
2552.994,0.148785
2552.995,0.141375
2552.996,0.11622
2552.997,0.10178999999999999
2552.998,0.10647
2552.999,0.118365
2553.0,0.12986999999999999
2553.001,0.15795
2553.002,0.191295
2553.003,0.19968
2553.004,0.202995
2553.005,0.20416499999999999
2553.006,0.20163
2553.007,0.187005
2553.008,0.18154499999999998
2553.009,0.17043
2553.01,0.158925
2553.011,0.147615
2553.012,0.132795
2553.013,0.116025
2553.014,0.10686
2553.015,0.114075
2553.016,0.12012
2553.017,0.13923
2553.018,0.17667
2553.019,0.201435
2553.02,0.20007
2553.021,0.20357999999999998
2553.022,0.20592
2553.023,0.19539
2553.024,0.1872
2553.025,0.17628
2553.026,0.16614
2553.027,0.15288
2553.028,0.14235
2553.029,0.128895
2553.03,0.10335
2553.031,0.11309999999999999
2553.032,0.11427
2553.033,0.12909
2553.034,0.15170999999999998
2553.035,0.17823
2553.036,0.195975
2553.037,0.20377499999999998
2553.038,0.199095
2553.039,0.20163
2553.04,0.182715
2553.041,0.178815
2553.042,0.171405
2553.043,0.157755
2553.044,0.14625
2553.045,0.139035
2553.046,0.11329499999999999
2553.047,0.1014
2553.048,0.10491
2553.049,0.11739
2553.05,0.12986999999999999
2553.051,0.153855
2553.052,0.18798
2553.053,0.192465
2553.054,0.20748
2553.055,0.197535
2553.056,0.192855
2553.057,0.18173999999999998
2553.058,0.17628
2553.059,0.166335
2553.06,0.148005
2553.061,0.142545
2553.062,0.121095
2553.063,0.107835
2553.064,0.10608
2553.065,0.10686
2553.066,0.12050999999999999
2553.067,0.13377
2553.068,0.16575
2553.069,0.192855
2553.07,0.20046
2553.071,0.20319
2553.072,0.201435
2553.073,0.195585
2553.074,0.190515
2553.075,0.176475
2553.076,0.167895
2553.077,0.153855
2553.078,0.142545
2553.079,0.122655
2553.08,0.102375
2553.081,0.10374
2553.082,0.114075
2553.083,0.12909
2553.084,0.15170999999999998
2553.085,0.178815
2553.086,0.20377499999999998
2553.087,0.212355
2553.088,0.20748
2553.089,0.19773
2553.09,0.19851
2553.091,0.18193499999999999
2553.092,0.178425
2553.093,0.166335
2553.094,0.1599
2553.095,0.14742
2553.096,0.12050999999999999
2553.097,0.10803
2553.098,0.110175
2553.099,0.121095
2553.1,0.13299
2553.101,0.16731
2553.102,0.191295
2553.103,0.206895
2553.104,0.208455
2553.105,0.20377499999999998
2553.106,0.20377499999999998
2553.107,0.19539
2553.108,0.18914999999999998
2553.109,0.18291
2553.11,0.16263
2553.111,0.158145
2553.112,0.133575
2553.113,0.11544
2553.114,0.11309999999999999
2553.115,0.116415
2553.116,0.1287
2553.117,0.14547
2553.118,0.175695
2553.119,0.204555
2553.12,0.21216
2553.121,0.208455
2553.122,0.208455
2553.123,0.20748
2553.124,0.19227
2553.125,0.186225
2553.126,0.171015
2553.127,0.16224
2553.128,0.15327
2553.129,0.13143
2553.13,0.115635
2553.131,0.114075
2553.132,0.122655
2553.133,0.13611
2553.134,0.163215
2553.135,0.188175
2553.136,0.212355
2553.137,0.213915
2553.138,0.21567
2553.139,0.21294
2553.14,0.20163
2553.141,0.19539
2553.142,0.18603
2553.143,0.171015
2553.144,0.165555
2553.145,0.149175
2553.146,0.12519
2553.147,0.10998
2553.148,0.11680499999999999
2553.149,0.126555
2553.15,0.1404
2553.151,0.17004
2553.152,0.195975
2553.153,0.208065
2553.154,0.216255
2553.155,0.21294
2553.156,0.210015
2553.157,0.197535
2553.158,0.185835
2553.159,0.1755
2553.16,0.163995
2553.161,0.151515
2553.162,0.135135
2553.163,0.11427
2553.164,0.11309999999999999
2553.165,0.11505
2553.166,0.126555
2553.167,0.14157
2553.168,0.17043
2553.169,0.2028
2553.17,0.201435
2553.171,0.20982
2553.172,0.20475
2553.173,0.197925
2553.174,0.190905
2553.175,0.186225
2553.176,0.16672499999999998
2553.177,0.15678
2553.178,0.145275
2553.179,0.12636
2553.18,0.103935
2553.181,0.10549499999999999
2553.182,0.116415
2553.183,0.12363
2553.184,0.146055
2553.185,0.178815
2553.186,0.194415
2553.187,0.197535
2553.188,0.20319
2553.189,0.19734
2553.19,0.18369
2553.191,0.18875999999999998
2553.192,0.172575
2553.193,0.15678
2553.194,0.14937
2553.195,0.141375
2553.196,0.116415
2553.197,0.09867
2553.198,0.10296
2553.199,0.11622
2553.2,0.128895
2553.201,0.15678
2553.202,0.18252
2553.203,0.197535
2553.204,0.20007
2553.205,0.19968
2553.206,0.19616999999999998
2553.207,0.17979
2553.208,0.17667
2553.209,0.165555
2553.21,0.147615
2553.211,0.14391
2553.212,0.12519
2553.213,0.10608
2553.214,0.1014
2553.215,0.10803
2553.216,0.12050999999999999
2553.217,0.13884
2553.218,0.168285
2553.219,0.191295
2553.22,0.195
2553.221,0.20163
2553.222,0.19636499999999998
2553.223,0.191295
2553.224,0.18096
2553.225,0.17413499999999998
2553.226,0.158145
2553.227,0.154635
2553.228,0.14157
2553.229,0.11329499999999999
2553.23,0.101595
2553.231,0.0975
2553.232,0.10647
2553.233,0.12050999999999999
2553.234,0.142935
2553.235,0.17413499999999998
2553.236,0.19071
2553.237,0.19734
2553.238,0.19539
2553.239,0.20124
2553.24,0.18875999999999998
2553.241,0.175695
2553.242,0.172575
2553.243,0.15093
2553.244,0.139425
2553.245,0.13299
2553.246,0.10803
2553.247,0.091455
2553.248,0.09789
2553.249,0.10803
2553.25,0.122655
2553.251,0.148005
2553.252,0.18291
2553.253,0.191295
2553.254,0.19071
2553.255,0.19227
2553.256,0.1911
2553.257,0.183495
2553.258,0.166335
2553.259,0.160095
2553.26,0.14742
2553.261,0.136695
2553.262,0.11622
2553.263,0.09789
2553.264,0.09555
2553.265,0.0975
2553.266,0.11115
2553.267,0.128895
2553.268,0.15795
2553.269,0.190515
2553.27,0.195975
2553.271,0.19734
2553.272,0.19149
2553.273,0.1872
2553.274,0.18173999999999998
2553.275,0.170235
2553.276,0.153855
2553.277,0.143325
2553.278,0.135915
2553.279,0.11427
2553.28,0.09555
2553.281,0.09808499999999999
2553.282,0.10764
2553.283,0.12050999999999999
2553.284,0.142545
2553.285,0.171405
2553.286,0.18914999999999998
2553.287,0.199875
2553.288,0.195
2553.289,0.192855
2553.29,0.18291
2553.291,0.17432999999999998
2553.292,0.16575
2553.293,0.156
2553.294,0.14157
2553.295,0.12675
2553.296,0.10803
2553.297,0.09555
2553.298,0.097695
2553.299,0.108225
2553.3,0.1248
2553.301,0.149175
2553.302,0.173745
2553.303,0.187005
2553.304,0.193245
2553.305,0.191295
2553.306,0.181155
2553.307,0.176475
2553.308,0.16652999999999998
2553.309,0.15756
2553.31,0.141375
2553.311,0.136305
2553.312,0.11232
2553.313,0.092235
2553.314,0.08307
2553.315,0.091455
2553.316,0.108225
2553.317,0.116415
2553.318,0.15327
2553.319,0.178815
2553.32,0.18193499999999999
2553.321,0.18096
2553.322,0.173745
2553.323,0.172575
2553.324,0.16107
2553.325,0.15366
2553.326,0.14449499999999998
2553.327,0.12519
2553.328,0.116415
2553.329,0.097695
2553.33,0.083655
2553.331,0.078975
2553.332,0.092235
2553.333,0.103935
2553.334,0.12050999999999999
2553.335,0.153855
2553.336,0.17043
2553.337,0.17413499999999998
2553.338,0.17238
2553.339,0.170235
2553.34,0.16536
2553.341,0.15756
2553.342,0.142935
2553.343,0.13299
2553.344,0.123045
2553.345,0.10939499999999999
2553.346,0.08892
2553.347,0.07604999999999999
2553.348,0.078975
2553.349,0.093015
2553.35,0.103155
2553.351,0.132795
2553.352,0.16029
2553.353,0.17043
2553.354,0.17355
2553.355,0.17043
2553.356,0.16672499999999998
2553.357,0.163215
2553.358,0.15288
2553.359,0.13884
2553.36,0.128895
2553.361,0.118755
2553.362,0.100035
2553.363,0.078585
2553.364,0.078195
2553.365,0.091455
2553.366,0.092625
2553.367,0.114075
2553.368,0.147615
2553.369,0.172575
2553.37,0.17277
2553.371,0.178035
2553.372,0.17667
2553.373,0.17043
2553.374,0.16536
2553.375,0.15366
2553.376,0.141375
2553.377,0.12792
2553.378,0.11622
2553.379,0.091845
2553.38,0.08151
2553.381,0.08307
2553.382,0.093015
2553.383,0.10335
2553.384,0.133185
2553.385,0.157755
2553.386,0.175305
2553.387,0.17979
2553.388,0.1833
2553.389,0.17784
2553.39,0.16711499999999999
2553.391,0.157755
2553.392,0.15190499999999998
2553.393,0.135135
2553.394,0.12558
2553.395,0.110175
2553.396,0.085605
2553.397,0.08307
2553.398,0.0819
2553.399,0.09126
2553.4,0.10062
2553.401,0.134355
2553.402,0.162435
2553.403,0.16731
2553.404,0.17823
2553.405,0.17628
2553.406,0.170625
2553.407,0.15970499999999999
2553.408,0.158145
2553.409,0.147615
2553.41,0.139035
2553.411,0.117975
2553.412,0.10198499999999999
2553.413,0.081315
2553.414,0.07878
2553.415,0.085215
2553.416,0.09984
2553.417,0.11583
2553.418,0.145665
2553.419,0.167895
2553.42,0.173355
2553.421,0.175695
2553.422,0.175695
2553.423,0.16652999999999998
2553.424,0.15795
2553.425,0.147615
2553.426,0.13611
2553.427,0.125775
2553.428,0.116415
2553.429,0.09555
2553.43,0.07839
2553.431,0.083655
2553.432,0.09126
2553.433,0.101595
2553.434,0.125775
2553.435,0.156
2553.436,0.169455
2553.437,0.16731
2553.438,0.170235
2553.439,0.17043
2553.44,0.16536
2553.441,0.153855
2553.442,0.14547
2553.443,0.131235
2553.444,0.122655
2553.445,0.110175
2553.446,0.08541
2553.447,0.07566
2553.448,0.083655
2553.449,0.09243
2553.45,0.109005
2553.451,0.135135
2553.452,0.153855
2553.453,0.17355
2553.454,0.172575
2553.455,0.172575
2553.456,0.167505
2553.457,0.16419
2553.458,0.156975
2553.459,0.147615
2553.46,0.132795
2553.461,0.121095
2553.462,0.093015
2553.463,0.077805
2553.464,0.074295
2553.465,0.089115
2553.466,0.09555
2553.467,0.10803
2553.468,0.145275
2553.469,0.17004
2553.47,0.17238
2553.471,0.171015
2553.472,0.17355
2553.473,0.16575
2553.474,0.160875
2553.475,0.14859
2553.476,0.139035
2553.477,0.1248
2553.478,0.11622
2553.479,0.08619
2553.48,0.07878
2553.481,0.07995
2553.482,0.09086999999999999
2553.483,0.10803
2553.484,0.1248
2553.485,0.15229499999999999
2553.486,0.17043
2553.487,0.17355
2553.488,0.172575
2553.489,0.166335
2553.49,0.160095
2553.491,0.15327
2553.492,0.136305
2553.493,0.122655
2553.494,0.11583
2553.495,0.093015
2553.496,0.084045
2553.497,0.070395
2553.498,0.073125
2553.499,0.08345999999999999
2553.5,0.0975
2553.501,0.13455
2553.502,0.157755
2553.503,0.16652999999999998
2553.504,0.16809
2553.505,0.165945
2553.506,0.16614
2553.507,0.156
2553.508,0.14508
2553.509,0.135135
2553.51,0.11739
2553.511,0.11329499999999999
2553.512,0.091455
2553.513,0.07059
2553.514,0.063375
2553.515,0.07995
2553.516,0.086385
2553.517,0.1014
2553.518,0.13611
2553.519,0.169455
2553.52,0.17004
2553.521,0.166335
2553.522,0.167895
2553.523,0.15756
2553.524,0.153855
2553.525,0.141375
2553.526,0.131235
2553.527,0.12031499999999999
2553.528,0.107835
2553.529,0.086385
2553.53,0.07254
2553.531,0.073125
2553.532,0.0819
2553.533,0.095355
2553.534,0.11680499999999999
2553.535,0.145275
2553.536,0.15950999999999999
2553.537,0.163995
2553.538,0.161655
2553.539,0.166335
2553.54,0.15288
2553.541,0.14547
2553.542,0.142935
2553.543,0.121485
2553.544,0.114075
2553.545,0.09555
2553.546,0.072735
2553.547,0.06279
2553.548,0.066885
2553.549,0.082875
2553.55,0.091455
2553.551,0.12050999999999999
2553.552,0.15170999999999998
2553.553,0.16536
2553.554,0.16652999999999998
2553.555,0.16302
2553.556,0.15170999999999998
2553.557,0.15170999999999998
2553.558,0.135135
2553.559,0.122655
2553.56,0.11309999999999999
2553.561,0.09984
2553.562,0.082875
2553.563,0.05772
2553.564,0.056355
2553.565,0.0663
2553.566,0.072735
2553.567,0.08931
2553.568,0.125775
2553.569,0.145665
2553.57,0.15678
2553.571,0.15327
2553.572,0.14937
2553.573,0.14547
2553.574,0.13494
2553.575,0.13104
2553.576,0.11329499999999999
2553.577,0.099255
2553.578,0.095745
2553.579,0.068055
2553.58,0.05694
2553.581,0.05382
2553.582,0.060254999999999996
2553.583,0.073905
2553.584,0.09984
2553.585,0.12909
2553.586,0.14547
2553.587,0.15288
2553.588,0.15170999999999998
2553.589,0.14859
2553.59,0.135135
2553.591,0.135135
2553.592,0.125775
2553.593,0.110955
2553.594,0.10374
2553.595,0.09048
2553.596,0.05811
2553.597,0.057915
2553.598,0.058695
2553.599,0.070395
2553.6,0.089895
2553.601,0.11427
2553.602,0.14742
2553.603,0.15170999999999998
2553.604,0.15795
2553.605,0.153855
2553.606,0.151515
2553.607,0.14079
2553.608,0.13299
2553.609,0.121095
2553.61,0.110175
2553.611,0.099255
2553.612,0.08307
2553.613,0.064155
2553.614,0.057135
2553.615,0.0663
2553.616,0.07644
2553.617,0.093405
2553.618,0.128895
2553.619,0.153855
2553.62,0.15873
2553.621,0.16029
2553.622,0.153855
2553.623,0.15015
2553.624,0.14235
2553.625,0.1326
2553.626,0.12050999999999999
2553.627,0.11466
2553.628,0.10062
2553.629,0.074295
2553.63,0.067665
2553.631,0.067665
2553.632,0.078975
2553.633,0.093015
2553.634,0.11660999999999999
2553.635,0.146055
2553.636,0.158535
2553.637,0.167895
2553.638,0.164775
2553.639,0.164775
2553.64,0.157755
2553.641,0.15288
2553.642,0.145665
2553.643,0.132795
2553.644,0.12031499999999999
2553.645,0.103935
2553.646,0.08307
2553.647,0.08112
2553.648,0.085605
2553.649,0.091455
2553.65,0.107055
2553.651,0.13533
2553.652,0.165945
2553.653,0.177255
2553.654,0.18291
2553.655,0.178815
2553.656,0.176475
2553.657,0.167505
2553.658,0.16302
2553.659,0.14547
2553.66,0.13708499999999998
2553.661,0.12675
2553.662,0.107835
2553.663,0.088335
2553.664,0.0819
2553.665,0.09555
2553.666,0.10491
2553.667,0.12012
2553.668,0.15795
2553.669,0.18096
2553.67,0.186225
2553.671,0.19188
2553.672,0.181155
2553.673,0.175695
2553.674,0.16536
2553.675,0.157755
2553.676,0.141375
2553.677,0.13377
2553.678,0.12675
2553.679,0.10608
2553.68,0.085605
2553.681,0.085605
2553.682,0.095355
2553.683,0.10803
2553.684,0.135135
2553.685,0.166335
2553.686,0.1755
2553.687,0.18096
2553.688,0.185055
2553.689,0.18369
2553.69,0.17432999999999998
2553.691,0.163605
2553.692,0.158145
2553.693,0.142545
2553.694,0.13299
2553.695,0.11388
2553.696,0.09243
2553.697,0.0819
2553.698,0.08696999999999999
2553.699,0.103155
2553.7,0.112515
2553.701,0.142155
2553.702,0.171015
2553.703,0.18134999999999998
2553.704,0.183885
2553.705,0.18291
2553.706,0.18096
2553.707,0.17043
2553.708,0.17043
2553.709,0.15170999999999998
2553.71,0.14079
2553.711,0.12986999999999999
2553.712,0.10686
2553.713,0.09067499999999999
2553.714,0.08931
2553.715,0.10062
2553.716,0.11037
2553.717,0.12031499999999999
2553.718,0.1638
2553.719,0.182715
2553.72,0.192075
2553.721,0.191295
2553.722,0.189735
2553.723,0.183885
2553.724,0.17862
2553.725,0.17043
2553.726,0.156
2553.727,0.13923
2553.728,0.132795
2553.729,0.10764
2553.73,0.09516
2553.731,0.095355
2553.732,0.11232
2553.733,0.1209
2553.734,0.15366
2553.735,0.17667
2553.736,0.18895499999999998
2553.737,0.192855
2553.738,0.195585
2553.739,0.19675499999999999
2553.74,0.195195
2553.741,0.179205
2553.742,0.174915
2553.743,0.15873
2553.744,0.146055
2553.745,0.13182
2553.746,0.11271
2553.747,0.09984
2553.748,0.107835
2553.749,0.11934
2553.75,0.13338
2553.751,0.163995
2553.752,0.19616999999999998
2553.753,0.19227
2553.754,0.202215
2553.755,0.20319
2553.756,0.19734
2553.757,0.191295
2553.758,0.185055
2553.759,0.170625
2553.76,0.16536
2553.761,0.153855
2553.762,0.131235
2553.763,0.11329499999999999
2553.764,0.10686
2553.765,0.116415
2553.766,0.13377
2553.767,0.147615
2553.768,0.183495
2553.769,0.20787
2553.77,0.216255
2553.771,0.21996
2553.772,0.210015
2553.773,0.206895
2553.774,0.19734
2553.775,0.19227
2553.776,0.17432999999999998
2553.777,0.16652999999999998
2553.778,0.15795
2553.779,0.132795
2553.78,0.11329499999999999
2553.781,0.12050999999999999
2553.782,0.126555
2553.783,0.153075
2553.784,0.17004
2553.785,0.197535
2553.786,0.208455
2553.787,0.220545
2553.788,0.217035
2553.789,0.21606
2553.79,0.209625
2553.791,0.202995
2553.792,0.19539
2553.793,0.178035
2553.794,0.16731
2553.795,0.15288
2553.796,0.13143
2553.797,0.12050999999999999
2553.798,0.12831
2553.799,0.13962
2553.8,0.160095
2553.801,0.18252
2553.802,0.21411
2553.803,0.22035
2553.804,0.22464
2553.805,0.228735
2553.806,0.216255
2553.807,0.21216
2553.808,0.20163
2553.809,0.19539
2553.81,0.17413499999999998
2553.811,0.164775
2553.812,0.15170999999999998
2553.813,0.13182
2553.814,0.125775
2553.815,0.141765
2553.816,0.153075
2553.817,0.167895
2553.818,0.20163
2553.819,0.22503
2553.82,0.23341499999999998
2553.821,0.23595
2553.822,0.22464
2553.823,0.21411
2553.824,0.20592
2553.825,0.197535
2553.826,0.18486
2553.827,0.17667
2553.828,0.17082
2553.829,0.14625
2553.83,0.13182
2553.831,0.135135
2553.832,0.14547
2553.833,0.15795
2553.834,0.183105
2553.835,0.20787
2553.836,0.22658999999999999
2553.837,0.22561499999999998
2553.838,0.228735
2553.839,0.22658999999999999
2553.84,0.217035
2553.841,0.20377499999999998
2553.842,0.197925
2553.843,0.17979
2553.844,0.167505
2553.845,0.147615
2553.846,0.135135
2553.847,0.1248
2553.848,0.13299
2553.849,0.141765
2553.85,0.153855
2553.851,0.18525
2553.852,0.213135
2553.853,0.21567
2553.854,0.220155
2553.855,0.220935
2553.856,0.213135
2553.857,0.20007
2553.858,0.186225
2553.859,0.179985
2553.86,0.162435
2553.861,0.15873
2553.862,0.138255
2553.863,0.116415
2553.864,0.110565
2553.865,0.128895
2553.866,0.138255
2553.867,0.15190499999999998
2553.868,0.185055
2553.869,0.21567
2553.87,0.219375
2553.871,0.222495
2553.872,0.214305
2553.873,0.208845
2553.874,0.20631
2553.875,0.201435
2553.876,0.185055
2553.877,0.172575
2553.878,0.17432999999999998
2553.879,0.145665
2553.88,0.12831
2553.881,0.132015
2553.882,0.14547
2553.883,0.15795
2553.884,0.178815
2553.885,0.208455
2553.886,0.2223
2553.887,0.22776
2553.888,0.22464
2553.889,0.22035
2553.89,0.213135
2553.891,0.20396999999999998
2553.892,0.197535
2553.893,0.18914999999999998
2553.894,0.17667
2553.895,0.158145
2553.896,0.138255
2553.897,0.132015
2553.898,0.13611
2553.899,0.14859
2553.9,0.16263
2553.901,0.191295
2553.902,0.21567
2553.903,0.22639499999999999
2553.904,0.22658999999999999
2553.905,0.22503
2553.906,0.217815
2553.907,0.21372
2553.908,0.20377499999999998
2553.909,0.192855
2553.91,0.17667
2553.911,0.167505
2553.912,0.147615
2553.913,0.12986999999999999
2553.914,0.125775
2553.915,0.13611
2553.916,0.14508
2553.917,0.163995
2553.918,0.197535
2553.919,0.21723
2553.92,0.22639499999999999
2553.921,0.223275
2553.922,0.22035
2553.923,0.21606
2553.924,0.202215
2553.925,0.195975
2553.926,0.185055
2553.927,0.17043
2553.928,0.165945
2553.929,0.14079
2553.93,0.11739
2553.931,0.13182
2553.932,0.13299
2553.933,0.14274
2553.934,0.1755
2553.935,0.201435
2553.936,0.213915
2553.937,0.221715
2553.938,0.22658999999999999
2553.939,0.219375
2553.94,0.208455
2553.941,0.199875
2553.942,0.19071
2553.943,0.175695
2553.944,0.16302
2553.945,0.147615
2553.946,0.1248
2553.947,0.10939499999999999
2553.948,0.12050999999999999
2553.949,0.13182
2553.95,0.148005
2553.951,0.17511
2553.952,0.20357999999999998
2553.953,0.20787
2553.954,0.21294
2553.955,0.208845
2553.956,0.2028
2553.957,0.19636499999999998
2553.958,0.185835
2553.959,0.171015
2553.96,0.163995
2553.961,0.146055
2553.962,0.12792
2553.963,0.11232
2553.964,0.10062
2553.965,0.11544
2553.966,0.12792
2553.967,0.142935
2553.968,0.18173999999999998
2553.969,0.20319
2553.97,0.208455
2553.971,0.210015
2553.972,0.209625
2553.973,0.19968
2553.974,0.18914999999999998
2553.975,0.179985
2553.976,0.16887
2553.977,0.157755
2553.978,0.145275
2553.979,0.122655
2553.98,0.10958999999999999
2553.981,0.10998
2553.982,0.1209
2553.983,0.135135
2553.984,0.160095
2553.985,0.185055
2553.986,0.2028
2553.987,0.210015
2553.988,0.20787
2553.989,0.207675
2553.99,0.197535
2553.991,0.186615
2553.992,0.17862
2553.993,0.16263
2553.994,0.153855
2553.995,0.13611
2553.996,0.11583
2553.997,0.11232
2553.998,0.11622
2553.999,0.125775
2554.0,0.14118
2554.001,0.171015
2554.002,0.200655
2554.003,0.204555
2554.004,0.21255
2554.005,0.20475
2554.006,0.2067
2554.007,0.19539
2554.008,0.18408
2554.009,0.170625
2554.01,0.163995
2554.011,0.150735
2554.012,0.13299
2554.013,0.11583
2554.014,0.116415
2554.015,0.1248
2554.016,0.133185
2554.017,0.14547
2554.018,0.183495
2554.019,0.208845
2554.02,0.213135
2554.021,0.21411
2554.022,0.210015
2554.023,0.19929
2554.024,0.191685
2554.025,0.18486
2554.026,0.17043
2554.027,0.157755
2554.028,0.15170999999999998
2554.029,0.1287
2554.03,0.111345
2554.031,0.11622
2554.032,0.12558
2554.033,0.141375
2554.034,0.16672499999999998
2554.035,0.1911
2554.036,0.207285
2554.037,0.20787
2554.038,0.213135
2554.039,0.206895
2554.04,0.197535
2554.041,0.19227
2554.042,0.17862
2554.043,0.163215
2554.044,0.154245
2554.045,0.135135
2554.046,0.11699999999999999
2554.047,0.11309999999999999
2554.048,0.11660999999999999
2554.049,0.125775
2554.05,0.14118
2554.051,0.168285
2554.052,0.20357999999999998
2554.053,0.20416499999999999
2554.054,0.212355
2554.055,0.20865
2554.056,0.2067
2554.057,0.19266
2554.058,0.18603
2554.059,0.17628
2554.06,0.158925
2554.061,0.153855
2554.062,0.13806
2554.063,0.11309999999999999
2554.064,0.108615
2554.065,0.121095
2554.066,0.13299
2554.067,0.148785
2554.068,0.188175
2554.069,0.206115
2554.07,0.216645
2554.071,0.21372
2554.072,0.210015
2554.073,0.204555
2554.074,0.19636499999999998
2554.075,0.186225
2554.076,0.172575
2554.077,0.16419
2554.078,0.15483
2554.079,0.1248
2554.08,0.11583
2554.081,0.12031499999999999
2554.082,0.133575
2554.083,0.143715
2554.084,0.176475
2554.085,0.20124
2554.086,0.2067
2554.087,0.210015
2554.088,0.216255
2554.089,0.206115
2554.09,0.199875
2554.091,0.18681
2554.092,0.18173999999999998
2554.093,0.1638
2554.094,0.15327
2554.095,0.13494
2554.096,0.116415
2554.097,0.11154
2554.098,0.11349
2554.099,0.1287
2554.1,0.13923
2554.101,0.17043
2554.102,0.192855
2554.103,0.20377499999999998
2554.104,0.201435
2554.105,0.20631
2554.106,0.20319
2554.107,0.194415
2554.108,0.18193499999999999
2554.109,0.167895
2554.11,0.161655
2554.111,0.147615
2554.112,0.125775
2554.113,0.11329499999999999
2554.114,0.11329499999999999
2554.115,0.12050999999999999
2554.116,0.1326
2554.117,0.14547
2554.118,0.18603
2554.119,0.208455
2554.12,0.21528
2554.121,0.222495
2554.122,0.208455
2554.123,0.197535
2554.124,0.1911
2554.125,0.183495
2554.126,0.175695
2554.127,0.162435
2554.128,0.153855
2554.129,0.12012
2554.13,0.11427
2554.131,0.114855
2554.132,0.1248
2554.133,0.13299
2554.134,0.167895
2554.135,0.197535
2554.136,0.206895
2554.137,0.208455
2554.138,0.21372
2554.139,0.214695
2554.14,0.197535
2554.141,0.191295
2554.142,0.18252
2554.143,0.172575
2554.144,0.16302
2554.145,0.13884
2554.146,0.119535
2554.147,0.11583
2554.148,0.11583
2554.149,0.12831
2554.15,0.14547
2554.151,0.17199
2554.152,0.194805
2554.153,0.20046
2554.154,0.208845
2554.155,0.213135
2554.156,0.197535
2554.157,0.18914999999999998
2554.158,0.18603
2554.159,0.17277
2554.16,0.165555
2554.161,0.14547
2554.162,0.13182
2554.163,0.11115
2554.164,0.10608
2554.165,0.12050999999999999
2554.166,0.12947999999999998
2554.167,0.142545
2554.168,0.18291
2554.169,0.20357999999999998
2554.17,0.21255
2554.171,0.20396999999999998
2554.172,0.206115
2554.173,0.19539
2554.174,0.18603
2554.175,0.18173999999999998
2554.176,0.160095
2554.177,0.15170999999999998
2554.178,0.147615
2554.179,0.11544
2554.18,0.10178999999999999
2554.181,0.10374
2554.182,0.116415
2554.183,0.1248
2554.184,0.15795
2554.185,0.18193499999999999
2554.186,0.19734
2554.187,0.197535
2554.188,0.192465
2554.189,0.1911
2554.19,0.18291
2554.191,0.17413499999999998
2554.192,0.167505
2554.193,0.15366
2554.194,0.13923
2554.195,0.12558
2554.196,0.103935
2554.197,0.09555
2554.198,0.10023
2554.199,0.114075
2554.2,0.128115
2554.201,0.15756
2554.202,0.182715
2554.203,0.18603
2554.204,0.195195
2554.205,0.190515
2554.206,0.18173999999999998
2554.207,0.17862
2554.208,0.17004
2554.209,0.16224
2554.21,0.14703
2554.211,0.129285
2554.212,0.11309999999999999
2554.213,0.091455
2554.214,0.09243
2554.215,0.10686
2554.216,0.11115
2554.217,0.12909
2554.218,0.16263
2554.219,0.183495
2554.22,0.195195
2554.221,0.19032
2554.222,0.185055
2554.223,0.174915
2554.224,0.16614
2554.225,0.160095
2554.226,0.14313
2554.227,0.135135
2554.228,0.128895
2554.229,0.1014
2554.23,0.08424
2554.231,0.095355
2554.232,0.103935
2554.233,0.112515
2554.234,0.14118
2554.235,0.17199
2554.236,0.185055
2554.237,0.192075
2554.238,0.188175
2554.239,0.178035
2554.24,0.17862
2554.241,0.166335
2554.242,0.15911999999999998
2554.243,0.145275
2554.244,0.135135
2554.245,0.114855
2554.246,0.09165
2554.247,0.08931
2554.248,0.100035
2554.249,0.10998
2554.25,0.1248
2554.251,0.15288
2554.252,0.18173999999999998
2554.253,0.185055
2554.254,0.19071
2554.255,0.183495
2554.256,0.17901
2554.257,0.17004
2554.258,0.163215
2554.259,0.14547
2554.26,0.140595
2554.261,0.1326
2554.262,0.10803
2554.263,0.08696999999999999
2554.264,0.085215
2554.265,0.09633
2554.266,0.10881
2554.267,0.126555
2554.268,0.158925
2554.269,0.178815
2554.27,0.19266
2554.271,0.187005
2554.272,0.18252
2554.273,0.17413499999999998
2554.274,0.16575
2554.275,0.15639
2554.276,0.147615
2554.277,0.130455
2554.278,0.124995
2554.279,0.093015
2554.28,0.08716499999999999
2554.281,0.091455
2554.282,0.09555
2554.283,0.109785
2554.284,0.13884
2554.285,0.166335
2554.286,0.18252
2554.287,0.18291
2554.288,0.18252
2554.289,0.183105
2554.29,0.16575
2554.291,0.160095
2554.292,0.153855
2554.293,0.138255
2554.294,0.125775
2554.295,0.110175
2554.296,0.08931
2554.297,0.08112
2554.298,0.09048
2554.299,0.09867
2554.3,0.116415
2554.301,0.145665
2554.302,0.176475
2554.303,0.18193499999999999
2554.304,0.183495
2554.305,0.18173999999999998
2554.306,0.17823
2554.307,0.16614
2554.308,0.160095
2554.309,0.14547
2554.31,0.133185
2554.311,0.121485
2554.312,0.10335
2554.313,0.08268
2554.314,0.07995
2554.315,0.09437999999999999
2554.316,0.10296
2554.317,0.12792
2554.318,0.158145
2554.319,0.18252
2554.32,0.18914999999999998
2554.321,0.18134999999999998
2554.322,0.178815
2554.323,0.17238
2554.324,0.16419
2554.325,0.153855
2554.326,0.1404
2554.327,0.132795
2554.328,0.123045
2554.329,0.10178999999999999
2554.33,0.08307
2554.331,0.091455
2554.332,0.10178999999999999
2554.333,0.11271
2554.334,0.141375
2554.335,0.16887
2554.336,0.18193499999999999
2554.337,0.185445
2554.338,0.189735
2554.339,0.17979
2554.34,0.172575
2554.341,0.166335
2554.342,0.15756
2554.343,0.139035
2554.344,0.132795
2554.345,0.107835
2554.346,0.095745
2554.347,0.080535
2554.348,0.091455
2554.349,0.107835
2554.35,0.12031499999999999
2554.351,0.15229499999999999
2554.352,0.172575
2554.353,0.17706
2554.354,0.182715
2554.355,0.183495
2554.356,0.1755
2554.357,0.163995
2554.358,0.157755
2554.359,0.141765
2554.36,0.13299
2554.361,0.12129
2554.362,0.09789
2554.363,0.07566
2554.364,0.078975
2554.365,0.09126
2554.366,0.10178999999999999
2554.367,0.121095
2554.368,0.15756
2554.369,0.172575
2554.37,0.18291
2554.371,0.17667
2554.372,0.170625
2554.373,0.16731
2554.374,0.158925
2554.375,0.15170999999999998
2554.376,0.132015
2554.377,0.12050999999999999
2554.378,0.114465
2554.379,0.09048
2554.38,0.073125
2554.381,0.077415
2554.382,0.091845
2554.383,0.10296
2554.384,0.1287
2554.385,0.15639
2554.386,0.166335
2554.387,0.17043
2554.388,0.16614
2554.389,0.160095
2554.39,0.156975
2554.391,0.149175
2554.392,0.136305
2554.393,0.122655
2554.394,0.114855
2554.395,0.09516
2554.396,0.078
2554.397,0.070395
2554.398,0.078975
2554.399,0.083655
2554.4,0.10374
2554.401,0.136305
2554.402,0.156
2554.403,0.160875
2554.404,0.168285
2554.405,0.166335
2554.406,0.157755
2554.407,0.15327
2554.408,0.142935
2554.409,0.12675
2554.41,0.116415
2554.411,0.103935
2554.412,0.086385
2554.413,0.071175
2554.414,0.068055
2554.415,0.081315
2554.416,0.093015
2554.417,0.108615
2554.418,0.142935
2554.419,0.16614
2554.42,0.172575
2554.421,0.17667
2554.422,0.17043
2554.423,0.16575
2554.424,0.15170999999999998
2554.425,0.14313
2554.426,0.121485
2554.427,0.118365
2554.428,0.11427
2554.429,0.08502
2554.43,0.07371
2554.431,0.073905
2554.432,0.085215
2554.433,0.10413
2554.434,0.13182
2554.435,0.15678
2554.436,0.1716
2554.437,0.17277
2554.438,0.17667
2554.439,0.170235
2554.44,0.1599
2554.441,0.14859
2554.442,0.141375
2554.443,0.128895
2554.444,0.12031499999999999
2554.445,0.100815
2554.446,0.08385
2554.447,0.07059
2554.448,0.08502
2554.449,0.10257
2554.45,0.10998
2554.451,0.14508
2554.452,0.17277
2554.453,0.178035
2554.454,0.186615
2554.455,0.183105
2554.456,0.173745
2554.457,0.16536
2554.458,0.160095
2554.459,0.146055
2554.46,0.12986999999999999
2554.461,0.116415
2554.462,0.09827999999999999
2554.463,0.078195
2554.464,0.074295
2554.465,0.086775
2554.466,0.101595
2554.467,0.12031499999999999
2554.468,0.15756
2554.469,0.17784
2554.47,0.182715
2554.471,0.18408
2554.472,0.17667
2554.473,0.17043
2554.474,0.160095
2554.475,0.153075
2554.476,0.13611
2554.477,0.131235
2554.478,0.12558
2554.479,0.09516
2554.48,0.085215
2554.481,0.085215
2554.482,0.09126
2554.483,0.109005
2554.484,0.133185
2554.485,0.16575
2554.486,0.17452499999999999
2554.487,0.183495
2554.488,0.18173999999999998
2554.489,0.179205
2554.49,0.17043
2554.491,0.16107
2554.492,0.153855
2554.493,0.141375
2554.494,0.13416
2554.495,0.11388
2554.496,0.089115
2554.497,0.083655
2554.498,0.092625
2554.499,0.103935
2554.5,0.118365
2554.501,0.15132
2554.502,0.178035
2554.503,0.18486
2554.504,0.185445
2554.505,0.185445
2554.506,0.178815
2554.507,0.17004
2554.508,0.163995
2554.509,0.149565
2554.51,0.13806
2554.511,0.12597
2554.512,0.110175
2554.513,0.08892
2554.514,0.08541
2554.515,0.103935
2554.516,0.12050999999999999
2554.517,0.133185
2554.518,0.16731
2554.519,0.18895499999999998
2554.52,0.19539
2554.521,0.1911
2554.522,0.18875999999999998
2554.523,0.18018
2554.524,0.17199
2554.525,0.16302
2554.526,0.14742
2554.527,0.14118
2554.528,0.133965
2554.529,0.107055
2554.53,0.091455
2554.531,0.097695
2554.532,0.10958999999999999
2554.533,0.119535
2554.534,0.145665
2554.535,0.172575
2554.536,0.185055
2554.537,0.190515
2554.538,0.189735
2554.539,0.18914999999999998
2554.54,0.178425
2554.541,0.16575
2554.542,0.158145
2554.543,0.141375
2554.544,0.135915
2554.545,0.11583
2554.546,0.096525
2554.547,0.09126
2554.548,0.100035
2554.549,0.10686
2554.55,0.12636
2554.551,0.154245
2554.552,0.18291
2554.553,0.18193499999999999
2554.554,0.18447
2554.555,0.187005
2554.556,0.175695
2554.557,0.167895
2554.558,0.160095
2554.559,0.147615
2554.56,0.136695
2554.561,0.12675
2554.562,0.107055
2554.563,0.091455
2554.564,0.0975
2554.565,0.10764
2554.566,0.11427
2554.567,0.13884
2554.568,0.163995
2554.569,0.186615
2554.57,0.19539
2554.571,0.190515
2554.572,0.191295
2554.573,0.181155
2554.574,0.172575
2554.575,0.1599
2554.576,0.14742
2554.577,0.140595
2554.578,0.12986999999999999
2554.579,0.10549499999999999
2554.58,0.09243
2554.581,0.10062
2554.582,0.11622
2554.583,0.121095
2554.584,0.15190499999999998
2554.585,0.18096
2554.586,0.192855
2554.587,0.19539
2554.588,0.191295
2554.589,0.19227
2554.59,0.183105
2554.591,0.17121
2554.592,0.157755
2554.593,0.147615
2554.594,0.133185
2554.595,0.118365
2554.596,0.100815
2554.597,0.091455
2554.598,0.10374
2554.599,0.11739
2554.6,0.12831
2554.601,0.167895
2554.602,0.19227
2554.603,0.197535
2554.604,0.19734
2554.605,0.195585
2554.606,0.185055
2554.607,0.181155
2554.608,0.178815
2554.609,0.160095
2554.61,0.142155
2554.611,0.13611
2554.612,0.11544
2554.613,0.093405
2554.614,0.09555
2554.615,0.107835
2554.616,0.12050999999999999
2554.617,0.14742
2554.618,0.17355
2554.619,0.190515
2554.62,0.19675499999999999
2554.621,0.197925
2554.622,0.19539
2554.623,0.183495
2554.624,0.18193499999999999
2554.625,0.17082
2554.626,0.15639
2554.627,0.139425
2554.628,0.132795
2554.629,0.101595
2554.63,0.089895
2554.631,0.10296
2554.632,0.10803
2554.633,0.126555
2554.634,0.153855
2554.635,0.18291
2554.636,0.18914999999999998
2554.637,0.202995
2554.638,0.195585
2554.639,0.191295
2554.64,0.18134999999999998
2554.641,0.17628
2554.642,0.170235
2554.643,0.14547
2554.644,0.1404
2554.645,0.12070499999999999
2554.646,0.10296
2554.647,0.093015
2554.648,0.107055
2554.649,0.110175
2554.65,0.13338
2554.651,0.16302
2554.652,0.19149
2554.653,0.19539
2554.654,0.192465
2554.655,0.20046
2554.656,0.183885
2554.657,0.185055
2554.658,0.1755
2554.659,0.16302
2554.66,0.145665
2554.661,0.142935
2554.662,0.114075
2554.663,0.1014
2554.664,0.101595
2554.665,0.112125
2554.666,0.12636
2554.667,0.150735
2554.668,0.178815
2554.669,0.197535
2554.67,0.20377499999999998
2554.671,0.20787
2554.672,0.20377499999999998
2554.673,0.19422
2554.674,0.1911
2554.675,0.17667
2554.676,0.16536
2554.677,0.155025
2554.678,0.145665
2554.679,0.117975
2554.68,0.10764
2554.681,0.117585
2554.682,0.12792
2554.683,0.135135
2554.684,0.17043
2554.685,0.19616999999999998
2554.686,0.20787
2554.687,0.208455
2554.688,0.21118499999999998
2554.689,0.201435
2554.69,0.19539
2554.691,0.18603
2554.692,0.17511
2554.693,0.16419
2554.694,0.14859
2554.695,0.13533
2554.696,0.11680499999999999
2554.697,0.10374
2554.698,0.116415
2554.699,0.126555
2554.7,0.13688999999999998
2554.701,0.175695
2554.702,0.20163
2554.703,0.20124
2554.704,0.20377499999999998
2554.705,0.20377499999999998
2554.706,0.195
2554.707,0.186615
2554.708,0.18096
2554.709,0.160485
2554.71,0.158145
2554.711,0.14547
2554.712,0.12675
2554.713,0.103935
2554.714,0.108615
2554.715,0.11660999999999999
2554.716,0.13377
2554.717,0.156195
2554.718,0.1911
2554.719,0.204555
2554.72,0.21723
2554.721,0.210015
2554.722,0.20163
2554.723,0.195195
2554.724,0.191295
2554.725,0.17862
2554.726,0.16419
2554.727,0.15170999999999998
2554.728,0.14157
2554.729,0.116415
2554.73,0.106275
2554.731,0.10764
2554.732,0.116415
2554.733,0.12909
2554.734,0.163215
2554.735,0.18798
2554.736,0.19539
2554.737,0.20357999999999998
2554.738,0.19851
2554.739,0.188175
2554.74,0.186225
2554.741,0.17238
2554.742,0.16926
2554.743,0.15366
2554.744,0.140595
2554.745,0.123045
2554.746,0.10023
2554.747,0.093015
2554.748,0.107055
2554.749,0.11660999999999999
2554.75,0.132015
2554.751,0.163215
2554.752,0.195
2554.753,0.19539
2554.754,0.197535
2554.755,0.19539
2554.756,0.185055
2554.757,0.17667
2554.758,0.17043
2554.759,0.157755
2554.76,0.14547
2554.761,0.135135
2554.762,0.114075
2554.763,0.095355
2554.764,0.092625
2554.765,0.10335
2554.766,0.12050999999999999
2554.767,0.14079
2554.768,0.165945
2554.769,0.18603
2554.77,0.192075
2554.771,0.19032
2554.772,0.182715
2554.773,0.174915
2554.774,0.16711499999999999
2554.775,0.15834
2554.776,0.14429999999999998
2554.777,0.135135
2554.778,0.1248
2554.779,0.10023
2554.78,0.083655
2554.781,0.09437999999999999
2554.782,0.10178999999999999
2554.783,0.117975
2554.784,0.14508
2554.785,0.17823
2554.786,0.18603
2554.787,0.183105
2554.788,0.18134999999999998
2554.789,0.178815
2554.79,0.170625
2554.791,0.160485
2554.792,0.148005
2554.793,0.139815
2554.794,0.13104
2554.795,0.108615
2554.796,0.085215
2554.797,0.085215
2554.798,0.09516
2554.799,0.10296
2554.8,0.116415
2554.801,0.151515
2554.802,0.177255
2554.803,0.185055
2554.804,0.182715
2554.805,0.17979
2554.806,0.170625
2554.807,0.166335
2554.808,0.158925
2554.809,0.147615
2554.81,0.13299
2554.811,0.118365
2554.812,0.10062
2554.813,0.08385
2554.814,0.09048
2554.815,0.101595
2554.816,0.10881
2554.817,0.132015
2554.818,0.1638
2554.819,0.175695
2554.82,0.18603
2554.821,0.18291
2554.822,0.178815
2554.823,0.17004
2554.824,0.166335
2554.825,0.15405
2554.826,0.14157
2554.827,0.13299
2554.828,0.116415
2554.829,0.091845
2554.83,0.08502
2554.831,0.08716499999999999
2554.832,0.096525
2554.833,0.12050999999999999
2554.834,0.14547
2554.835,0.178035
2554.836,0.185055
2554.837,0.19071
2554.838,0.186615
2554.839,0.18447
2554.84,0.17628
2554.841,0.162435
2554.842,0.154245
2554.843,0.143325
2554.844,0.135135
2554.845,0.12050999999999999
2554.846,0.09555
2554.847,0.091455
2554.848,0.096525
2554.849,0.11329499999999999
2554.85,0.12792
2554.851,0.16419
2554.852,0.18875999999999998
2554.853,0.18875999999999998
2554.854,0.19305
2554.855,0.18895499999999998
2554.856,0.18525
2554.857,0.1755
2554.858,0.167895
2554.859,0.15678
2554.86,0.141765
2554.861,0.13143
2554.862,0.10803
2554.863,0.096135
2554.864,0.09555
2554.865,0.10374
2554.866,0.11427
2554.867,0.141375
2554.868,0.169455
2554.869,0.185055
2554.87,0.195195
2554.871,0.195195
2554.872,0.18525
2554.873,0.18291
2554.874,0.170625
2554.875,0.161265
2554.876,0.147615
2554.877,0.132015
2554.878,0.122655
2554.879,0.100035
2554.88,0.085605
2554.881,0.09457499999999999
2554.882,0.10549499999999999
2554.883,0.116415
2554.884,0.146445
2554.885,0.178815
2554.886,0.1911
2554.887,0.19227
2554.888,0.191295
2554.889,0.18369
2554.89,0.17862
2554.891,0.17004
2554.892,0.15366
2554.893,0.149955
2554.894,0.13299
2554.895,0.11680499999999999
2554.896,0.09165
2554.897,0.093015
2554.898,0.09984
2554.899,0.10803
2554.9,0.122655
2554.901,0.156
2554.902,0.183105
2554.903,0.18603
2554.904,0.18603
2554.905,0.185445
2554.906,0.17784
2554.907,0.165555
2554.908,0.15795
2554.909,0.149175
2554.91,0.13299
2554.911,0.121095
2554.912,0.097695
2554.913,0.08307
2554.914,0.085215
2554.915,0.091455
2554.916,0.10803
2554.917,0.126555
2554.918,0.158535
2554.919,0.173745
2554.92,0.177255
2554.921,0.17667
2554.922,0.17589
2554.923,0.16711499999999999
2554.924,0.15795
2554.925,0.153855
2554.926,0.13143
2554.927,0.1248
2554.928,0.107835
2554.929,0.086775
2554.93,0.078975
2554.931,0.08307
2554.932,0.095745
2554.933,0.107055
2554.934,0.139815
2554.935,0.16185
2554.936,0.178035
2554.937,0.178815
2554.938,0.176475
2554.939,0.17511
2554.94,0.16614
2554.941,0.160485
2554.942,0.149175
2554.943,0.13299
2554.944,0.12792
2554.945,0.112515
2554.946,0.093015
2554.947,0.08307
2554.948,0.089115
2554.949,0.098865
2554.95,0.1248
2554.951,0.148785
2554.952,0.176475
2554.953,0.18252
2554.954,0.183495
2554.955,0.17667
2554.956,0.17784
2554.957,0.167895
2554.958,0.14859
2554.959,0.146445
2554.96,0.13299
2554.961,0.12636
2554.962,0.10062
2554.963,0.086775
2554.964,0.092625
2554.965,0.09555
2554.966,0.103935
2554.967,0.132795
2554.968,0.157755
2554.969,0.175695
2554.97,0.183495
2554.971,0.18193499999999999
2554.972,0.178815
2554.973,0.171015
2554.974,0.163995
2554.975,0.15678
2554.976,0.133965
2554.977,0.13299
2554.978,0.11329499999999999
2554.979,0.09165
2554.98,0.08307
2554.981,0.093015
2554.982,0.09555
2554.983,0.11329499999999999
2554.984,0.138255
2554.985,0.16263
2554.986,0.176475
2554.987,0.17862
2554.988,0.176475
2554.989,0.17043
2554.99,0.16614
2554.991,0.15678
2554.992,0.1404
2554.993,0.128895
2554.994,0.121485
2554.995,0.100035
2554.996,0.078
2554.997,0.072735
2554.998,0.07917
2554.999,0.093015
2555.0,0.108225
2555.001,0.145275
2555.002,0.165555
2555.003,0.17277
2555.004,0.16926
2555.005,0.168285
2555.006,0.163995
2555.007,0.153855
2555.008,0.14235
2555.009,0.13299
2555.01,0.12363
2555.011,0.11622
2555.012,0.09067499999999999
2555.013,0.078975
2555.014,0.08268
2555.015,0.091455
2555.016,0.10491
2555.017,0.12831
2555.018,0.160095
2555.019,0.18173999999999998
2555.02,0.18603
2555.021,0.186615
2555.022,0.18291
2555.023,0.17667
2555.024,0.17121
2555.025,0.160095
2555.026,0.147615
2555.027,0.141375
2555.028,0.13182
2555.029,0.10023
2555.03,0.086385
2555.031,0.099255
2555.032,0.10803
2555.033,0.125775
2555.034,0.151515
2555.035,0.182715
2555.036,0.191685
2555.037,0.1911
2555.038,0.197535
2555.039,0.18525
2555.04,0.17862
2555.041,0.17043
2555.042,0.156975
2555.043,0.146055
2555.044,0.13923
2555.045,0.110955
2555.046,0.08931
2555.047,0.08619
2555.048,0.098865
2555.049,0.11622
2555.05,0.13182
2555.051,0.15873
2555.052,0.185445
2555.053,0.20377499999999998
2555.054,0.18914999999999998
2555.055,0.18914999999999998
2555.056,0.18291
2555.057,0.172575
2555.058,0.15795
2555.059,0.14937
2555.06,0.141375
2555.061,0.128895
2555.062,0.10647
2555.063,0.089505
2555.064,0.096525
2555.065,0.107055
2555.066,0.122655
2555.067,0.146445
2555.068,0.17355
2555.069,0.195195
2555.07,0.19539
2555.071,0.195975
2555.072,0.19071
2555.073,0.17784
2555.074,0.166335
2555.075,0.166335
2555.076,0.145275
2555.077,0.135135
2555.078,0.11895
2555.079,0.10178999999999999
2555.08,0.08892
2555.081,0.093405
2555.082,0.10608
2555.083,0.123045
2555.084,0.148785
2555.085,0.18291
2555.086,0.183885
2555.087,0.18914999999999998
2555.088,0.18875999999999998
2555.089,0.18291
2555.09,0.168285
2555.091,0.166335
2555.092,0.149175
2555.093,0.136305
2555.094,0.126945
2555.095,0.106275
2555.096,0.09086999999999999
2555.097,0.08112
2555.098,0.091455
2555.099,0.10647
2555.1,0.12050999999999999
2555.101,0.15288
2555.102,0.17043
2555.103,0.181155
2555.104,0.186615
2555.105,0.17413499999999998
2555.106,0.16809
2555.107,0.16302
2555.108,0.153855
2555.109,0.135525
2555.11,0.128895
2555.111,0.12031499999999999
2555.112,0.091845
2555.113,0.072735
2555.114,0.07995
2555.115,0.088335
2555.116,0.10686
2555.117,0.133575
2555.118,0.158145
2555.119,0.17667
2555.12,0.17823
2555.121,0.176475
2555.122,0.17511
2555.123,0.170235
2555.124,0.15678
2555.125,0.15170999999999998
2555.126,0.133575
2555.127,0.114855
2555.128,0.10608
2555.129,0.08307
2555.13,0.078
2555.131,0.085215
2555.132,0.10178999999999999
2555.133,0.108615
2555.134,0.142935
2555.135,0.168285
2555.136,0.17667
2555.137,0.18291
2555.138,0.17901
2555.139,0.17355
2555.14,0.16691999999999999
2555.141,0.15795
2555.142,0.14625
2555.143,0.132015
2555.144,0.12558
2555.145,0.10686
2555.146,0.086775
2555.147,0.07878
2555.148,0.091455
2555.149,0.10374
2555.15,0.117975
2555.151,0.153855
2555.152,0.18173999999999998
2555.153,0.189735
2555.154,0.185055
2555.155,0.18895499999999998
2555.156,0.172575
2555.157,0.16302
2555.158,0.15756
2555.159,0.145275
2555.16,0.14118
2555.161,0.1248
2555.162,0.10178999999999999
2555.163,0.08307
2555.164,0.09086999999999999
2555.165,0.10335
2555.166,0.11388
2555.167,0.14547
2555.168,0.167505
2555.169,0.182715
2555.17,0.18447
2555.171,0.18525
2555.172,0.183105
2555.173,0.17413499999999998
2555.174,0.16731
2555.175,0.156975
2555.176,0.140595
2555.177,0.128895
2555.178,0.11427
2555.179,0.089115
2555.18,0.07566
2555.181,0.085215
2555.182,0.08931
2555.183,0.10803
2555.184,0.136305
2555.185,0.166335
2555.186,0.169455
2555.187,0.17667
2555.188,0.170235
2555.189,0.163995
2555.19,0.16263
2555.191,0.15366
2555.192,0.139035
2555.193,0.12636
2555.194,0.117975
2555.195,0.09633
2555.196,0.07683
2555.197,0.07332
2555.198,0.085215
2555.199,0.091455
2555.2,0.108225
2555.201,0.14118
2555.202,0.16614
2555.203,0.17667
2555.204,0.17043
2555.205,0.171405
2555.206,0.156195
2555.207,0.147615
2555.208,0.13708499999999998
2555.209,0.125775
2555.21,0.11583
2555.211,0.11309999999999999
2555.212,0.085215
2555.213,0.069615
2555.214,0.07839
2555.215,0.08619
2555.216,0.098475
2555.217,0.1248
2555.218,0.153075
2555.219,0.16731
2555.22,0.173745
2555.221,0.17823
2555.222,0.166335
2555.223,0.15795
2555.224,0.15327
2555.225,0.147615
2555.226,0.13143
2555.227,0.118365
2555.228,0.10178999999999999
2555.229,0.08307
2555.23,0.07683
2555.231,0.082095
2555.232,0.097695
2555.233,0.110175
2555.234,0.135525
2555.235,0.166335
2555.236,0.169455
2555.237,0.172575
2555.238,0.17862
2555.239,0.17277
2555.24,0.1638
2555.241,0.150735
2555.242,0.145275
2555.243,0.13299
2555.244,0.121095
2555.245,0.110175
2555.246,0.088335
2555.247,0.085215
2555.248,0.093015
2555.249,0.10842
2555.25,0.126165
2555.251,0.153855
2555.252,0.178815
2555.253,0.191295
2555.254,0.191295
2555.255,0.1911
2555.256,0.172575
2555.257,0.17043
2555.258,0.16536
2555.259,0.14547
2555.26,0.139035
2555.261,0.135135
2555.262,0.10062
2555.263,0.08892
2555.264,0.096135
2555.265,0.107055
2555.266,0.12012
2555.267,0.14547
2555.268,0.16731
2555.269,0.18914999999999998
2555.27,0.19539
2555.271,0.19773
2555.272,0.186615
2555.273,0.19032
2555.274,0.17667
2555.275,0.17667
2555.276,0.15170999999999998
2555.277,0.141765
2555.278,0.128895
2555.279,0.10803
2555.28,0.097695
2555.281,0.10647
2555.282,0.115635
2555.283,0.136305
2555.284,0.166335
2555.285,0.187005
2555.286,0.195975
2555.287,0.20377499999999998
2555.288,0.20124
2555.289,0.195975
2555.29,0.183105
2555.291,0.18096
2555.292,0.166335
2555.293,0.15795
2555.294,0.15170999999999998
2555.295,0.12792
2555.296,0.107055
2555.297,0.107835
2555.298,0.11427
2555.299,0.132015
2555.3,0.14118
2555.301,0.185055
2555.302,0.20377499999999998
2555.303,0.210015
2555.304,0.20826
2555.305,0.20377499999999998
2555.306,0.202605
2555.307,0.19851
2555.308,0.183495
2555.309,0.167895
2555.31,0.16107
2555.311,0.148005
2555.312,0.122655
2555.313,0.10374
2555.314,0.11427
2555.315,0.121485
2555.316,0.13299
2555.317,0.16107
2555.318,0.18408
2555.319,0.20377499999999998
2555.32,0.20475
2555.321,0.208455
2555.322,0.20357999999999998
2555.323,0.19539
2555.324,0.185055
2555.325,0.178815
2555.326,0.16302
2555.327,0.15366
2555.328,0.135135
2555.329,0.11388
2555.33,0.100815
2555.331,0.110565
2555.332,0.12031499999999999
2555.333,0.13611
2555.334,0.17043
2555.335,0.1911
2555.336,0.20007
2555.337,0.2067
2555.338,0.20163
2555.339,0.19422
2555.34,0.191295
2555.341,0.18193499999999999
2555.342,0.16536
2555.343,0.15756
2555.344,0.14235
2555.345,0.1248
2555.346,0.10686
2555.347,0.102375
2555.348,0.110175
2555.349,0.124995
2555.35,0.140595
2555.351,0.172575
2555.352,0.19539
2555.353,0.201435
2555.354,0.191295
2555.355,0.19773
2555.356,0.18486
2555.357,0.176475
2555.358,0.17199
2555.359,0.15522
2555.36,0.14547
2555.361,0.14118
2555.362,0.10998
2555.363,0.09984
2555.364,0.10374
2555.365,0.11271
2555.366,0.12792
2555.367,0.148785
2555.368,0.17667
2555.369,0.18914999999999998
2555.37,0.197535
2555.371,0.194415
2555.372,0.18291
2555.373,0.18193499999999999
2555.374,0.17667
2555.375,0.16575
2555.376,0.15795
2555.377,0.141375
2555.378,0.122655
2555.379,0.103935
2555.38,0.09243
2555.381,0.100815
2555.382,0.11329499999999999
2555.383,0.128895
2555.384,0.158925
2555.385,0.18603
2555.386,0.19071
2555.387,0.20007
2555.388,0.195585
2555.389,0.191295
2555.39,0.185055
2555.391,0.172575
2555.392,0.158535
2555.393,0.147615
2555.394,0.13688999999999998
2555.395,0.118365
2555.396,0.097695
2555.397,0.09555
2555.398,0.102375
2555.399,0.11583
2555.4,0.127335
2555.401,0.16419
2555.402,0.191295
2555.403,0.19734
2555.404,0.19968
2555.405,0.191295
2555.406,0.186615
2555.407,0.17823
2555.408,0.16302
2555.409,0.153855
2555.41,0.141375
2555.411,0.13884
2555.412,0.107055
2555.413,0.091845
2555.414,0.097695
2555.415,0.10647
2555.416,0.12558
2555.417,0.142935
2555.418,0.175695
2555.419,0.192465
2555.42,0.195
2555.421,0.19305
2555.422,0.18914999999999998
2555.423,0.178815
2555.424,0.16672499999999998
2555.425,0.15795
2555.426,0.136305
2555.427,0.13611
2555.428,0.117585
2555.429,0.095745
2555.43,0.08716499999999999
2555.431,0.093405
2555.432,0.103935
2555.433,0.12792
2555.434,0.151515
2555.435,0.179595
2555.436,0.18291
2555.437,0.186615
2555.438,0.18291
2555.439,0.18252
2555.44,0.16536
2555.441,0.16419
2555.442,0.149565
2555.443,0.136305
2555.444,0.12792
2555.445,0.10491
2555.446,0.088335
2555.447,0.08502
2555.448,0.101595
2555.449,0.114075
2555.45,0.128895
2555.451,0.167895
2555.452,0.182715
2555.453,0.19032
2555.454,0.193245
2555.455,0.18895499999999998
2555.456,0.183495
2555.457,0.17823
2555.458,0.17043
2555.459,0.15795
2555.46,0.14429999999999998
2555.461,0.13688999999999998
2555.462,0.110175
2555.463,0.095355
2555.464,0.10062
2555.465,0.110175
2555.466,0.122655
2555.467,0.15795
2555.468,0.17901
2555.469,0.19539
2555.47,0.20163
2555.471,0.202215
2555.472,0.19851
2555.473,0.19032
2555.474,0.176865
2555.475,0.17043
2555.476,0.15756
2555.477,0.148005
2555.478,0.12675
2555.479,0.10803
2555.48,0.099255
2555.481,0.103155
2555.482,0.121095
2555.483,0.13533
2555.484,0.16652999999999998
2555.485,0.192465
2555.486,0.201435
2555.487,0.20377499999999998
2555.488,0.20748
2555.489,0.193245
2555.49,0.191295
2555.491,0.17979
2555.492,0.166335
2555.493,0.15444
2555.494,0.14547
2555.495,0.1209
2555.496,0.10178999999999999
2555.497,0.10198499999999999
2555.498,0.111345
2555.499,0.122655
2555.5,0.139035
2555.501,0.17082
2555.502,0.197535
2555.503,0.20357999999999998
2555.504,0.20007
2555.505,0.197535
2555.506,0.18914999999999998
2555.507,0.179595
2555.508,0.172965
2555.509,0.15795
2555.51,0.14937
2555.511,0.135135
2555.512,0.11329499999999999
2555.513,0.097695
2555.514,0.10608
2555.515,0.11271
2555.516,0.13104
2555.517,0.149175
2555.518,0.178815
2555.519,0.195195
2555.52,0.195
2555.521,0.19734
2555.522,0.195
2555.523,0.183105
2555.524,0.176865
2555.525,0.167895
2555.526,0.15288
2555.527,0.146055
2555.528,0.12675
2555.529,0.11232
2555.53,0.096135
2555.531,0.10764
2555.532,0.12031499999999999
2555.533,0.132015
2555.534,0.163995
2555.535,0.19227
2555.536,0.197535
2555.537,0.20631
2555.538,0.200655
2555.539,0.191685
2555.54,0.18486
2555.541,0.17667
2555.542,0.16731
2555.543,0.15756
2555.544,0.146055
2555.545,0.12909
2555.546,0.10803
2555.547,0.10686
2555.548,0.119535
2555.549,0.128505
2555.55,0.15170999999999998
2555.551,0.182715
2555.552,0.20124
2555.553,0.206115
2555.554,0.210015
2555.555,0.200655
2555.556,0.192465
2555.557,0.191295
2555.558,0.181155
2555.559,0.164775
2555.56,0.156
2555.561,0.146055
2555.562,0.12246
2555.563,0.11388
2555.564,0.115635
2555.565,0.126555
2555.566,0.142155
2555.567,0.16652999999999998
2555.568,0.195
2555.569,0.20377499999999998
2555.57,0.20514
2555.571,0.208455
2555.572,0.2028
2555.573,0.19149
2555.574,0.186615
2555.575,0.17667
2555.576,0.1638
2555.577,0.15639
2555.578,0.130065
2555.579,0.11466
2555.58,0.107835
2555.581,0.11778
2555.582,0.12285
2555.583,0.13845
2555.584,0.172575
2555.585,0.195585
2555.586,0.207675
2555.587,0.20865
2555.588,0.207675
2555.589,0.20007
2555.59,0.192855
2555.591,0.18173999999999998
2555.592,0.171405
2555.593,0.15795
2555.594,0.14859
2555.595,0.12831
2555.596,0.112515
2555.597,0.10491
2555.598,0.117975
2555.599,0.133575
2555.6,0.14547
2555.601,0.178815
2555.602,0.199875
2555.603,0.20435999999999999
2555.604,0.20377499999999998
2555.605,0.200655
2555.606,0.191295
2555.607,0.182715
2555.608,0.178035
2555.609,0.158145
2555.61,0.14547
2555.611,0.140595
2555.612,0.11309999999999999
2555.613,0.101595
2555.614,0.107055
2555.615,0.11309999999999999
2555.616,0.1287
2555.617,0.15170999999999998
2555.618,0.185055
2555.619,0.194415
2555.62,0.200655
2555.621,0.20163
2555.622,0.192855
2555.623,0.185445
2555.624,0.179205
2555.625,0.169455
2555.626,0.15795
2555.627,0.141375
2555.628,0.128895
2555.629,0.11309999999999999
2555.63,0.10178999999999999
2555.631,0.11427
2555.632,0.12070499999999999
2555.633,0.136305
2555.634,0.172575
2555.635,0.19422
2555.636,0.199875
2555.637,0.20475
2555.638,0.20787
2555.639,0.195195
2555.64,0.18759
2555.641,0.176475
2555.642,0.16536
2555.643,0.153855
2555.644,0.142935
2555.645,0.12636
2555.646,0.11232
2555.647,0.10686
2555.648,0.11388
2555.649,0.128895
2555.65,0.151515
2555.651,0.17511
2555.652,0.20046
2555.653,0.204555
2555.654,0.2067
2555.655,0.202215
2555.656,0.191295
2555.657,0.18291
2555.658,0.183105
2555.659,0.16302
2555.66,0.14547
2555.661,0.141375
2555.662,0.11544
2555.663,0.10296
2555.664,0.103935
2555.665,0.121095
2555.666,0.128895
2555.667,0.157755
2555.668,0.18291
2555.669,0.19636499999999998
2555.67,0.202215
2555.671,0.19851
2555.672,0.19071
2555.673,0.18369
2555.674,0.17355
2555.675,0.168285
2555.676,0.15366
2555.677,0.145275
2555.678,0.12070499999999999
2555.679,0.10374
2555.68,0.09126
2555.681,0.100815
2555.682,0.110175
2555.683,0.12558
2555.684,0.154635
2555.685,0.178815
2555.686,0.18486
2555.687,0.19032
2555.688,0.18914999999999998
2555.689,0.18173999999999998
2555.69,0.16887
2555.691,0.166335
2555.692,0.15170999999999998
2555.693,0.14079
2555.694,0.12986999999999999
2555.695,0.10939499999999999
2555.696,0.091845
2555.697,0.091455
2555.698,0.095355
2555.699,0.111345
2555.7,0.125775
2555.701,0.160095
2555.702,0.17862
2555.703,0.18291
2555.704,0.182715
2555.705,0.17413499999999998
2555.706,0.17432999999999998
2555.707,0.166335
2555.708,0.149565
2555.709,0.135135
2555.71,0.124995
2555.711,0.121095
2555.712,0.09282
2555.713,0.076635
2555.714,0.08307
2555.715,0.095745
2555.716,0.108615
2555.717,0.135135
2555.718,0.1638
2555.719,0.175695
2555.72,0.1794
2555.721,0.18252
2555.722,0.17628
2555.723,0.170625
2555.724,0.160095
2555.725,0.150735
2555.726,0.13611
2555.727,0.12675
2555.728,0.10686
2555.729,0.091455
2555.73,0.08268
2555.731,0.09126
2555.732,0.097695
2555.733,0.11388
2555.734,0.15015
2555.735,0.17452499999999999
2555.736,0.182715
2555.737,0.18875999999999998
2555.738,0.18525
2555.739,0.17862
2555.74,0.17628
2555.741,0.158535
2555.742,0.147615
2555.743,0.14079
2555.744,0.12792
2555.745,0.10374
2555.746,0.088335
2555.747,0.08892
2555.748,0.100035
2555.749,0.110175
2555.75,0.128895
2555.751,0.16224
2555.752,0.183495
2555.753,0.19071
2555.754,0.18914999999999998
2555.755,0.18173999999999998
2555.756,0.17667
2555.757,0.16926
2555.758,0.160095
2555.759,0.14625
2555.76,0.14079
2555.761,0.13104
2555.762,0.107835
2555.763,0.093015
2555.764,0.096525
2555.765,0.10686
2555.766,0.117975
2555.767,0.14898
2555.768,0.178815
2555.769,0.192465
2555.77,0.19539
2555.771,0.191295
2555.772,0.185055
2555.773,0.17823
2555.774,0.167505
2555.775,0.15756
2555.776,0.14313
2555.777,0.13377
2555.778,0.112515
2555.779,0.091845
2555.78,0.09555
2555.781,0.10062
2555.782,0.10764
2555.783,0.12792
2555.784,0.160095
2555.785,0.18134999999999998
2555.786,0.18934499999999999
2555.787,0.191295
2555.788,0.18681
2555.789,0.18291
2555.79,0.176865
2555.791,0.16302
2555.792,0.14313
2555.793,0.1365
2555.794,0.12519
2555.795,0.108615
2555.796,0.09126
2555.797,0.08775
2555.798,0.1014
2555.799,0.11427
2555.8,0.12909
2555.801,0.16672499999999998
2555.802,0.19071
2555.803,0.19539
2555.804,0.192075
2555.805,0.1911
2555.806,0.18291
2555.807,0.17238
2555.808,0.16926
2555.809,0.148785
2555.81,0.139035
2555.811,0.12792
2555.812,0.09555
2555.813,0.089895
2555.814,0.100035
2555.815,0.10296
2555.816,0.115635
2555.817,0.14625
2555.818,0.172575
2555.819,0.18759
2555.82,0.18934499999999999
2555.821,0.1911
2555.822,0.185055
2555.823,0.178815
2555.824,0.16926
2555.825,0.158535
2555.826,0.15132
2555.827,0.131235
2555.828,0.119145
2555.829,0.098865
2555.83,0.095745
2555.831,0.10491
2555.832,0.119535
2555.833,0.133575
2555.834,0.158535
2555.835,0.187005
2555.836,0.191295
2555.837,0.19734
2555.838,0.195
2555.839,0.192855
2555.84,0.178815
2555.841,0.170625
2555.842,0.158535
2555.843,0.151515
2555.844,0.13299
2555.845,0.12012
2555.846,0.09633
2555.847,0.096135
2555.848,0.11037
2555.849,0.128895
2555.85,0.14313
2555.851,0.179595
2555.852,0.199875
2555.853,0.202995
2555.854,0.197925
2555.855,0.20163
2555.856,0.185055
2555.857,0.185055
2555.858,0.175695
2555.859,0.163215
2555.86,0.150735
2555.861,0.14547
2555.862,0.11329499999999999
2555.863,0.10335
2555.864,0.10764
2555.865,0.119535
2555.866,0.12831
2555.867,0.15483
2555.868,0.18875999999999998
2555.869,0.201435
2555.87,0.20592
2555.871,0.206115
2555.872,0.192855
2555.873,0.185055
2555.874,0.17628
2555.875,0.16731
2555.876,0.15170999999999998
2555.877,0.14157
2555.878,0.12050999999999999
2555.879,0.10335
2555.88,0.09457499999999999
2555.881,0.10939499999999999
2555.882,0.11660999999999999
2555.883,0.132795
2555.884,0.165555
2555.885,0.186615
2555.886,0.192075
2555.887,0.192465
2555.888,0.191685
2555.889,0.178815
2555.89,0.17823
2555.891,0.17043
2555.892,0.157755
2555.893,0.146055
2555.894,0.13923
2555.895,0.117975
2555.896,0.09516
2555.897,0.095355
2555.898,0.108615
2555.899,0.12519
2555.9,0.143325
2555.901,0.175695
2555.902,0.191295
2555.903,0.198315
2555.904,0.195975
2555.905,0.194415
2555.906,0.185055
2555.907,0.180375
2555.908,0.171405
2555.909,0.16029
2555.91,0.147615
2555.911,0.135135
2555.912,0.11544
2555.913,0.10178999999999999
2555.914,0.100815
2555.915,0.116415
2555.916,0.128115
2555.917,0.156975
2555.918,0.19422
2555.919,0.19539
2555.92,0.20377499999999998
2555.921,0.19968
2555.922,0.19305
2555.923,0.187005
2555.924,0.18252
2555.925,0.170235
2555.926,0.156195
2555.927,0.146055
2555.928,0.13299
2555.929,0.10958999999999999
2555.93,0.10608
2555.931,0.11427
2555.932,0.130065
2555.933,0.14157
2555.934,0.176475
2555.935,0.199875
2555.936,0.20631
2555.937,0.20787
2555.938,0.20592
2555.939,0.20007
2555.94,0.190515
2555.941,0.178815
2555.942,0.170625
2555.943,0.16652999999999998
2555.944,0.15366
2555.945,0.128505
2555.946,0.107055
2555.947,0.114855
2555.948,0.122655
2555.949,0.140595
2555.95,0.160095
2555.951,0.191295
2555.952,0.208455
2555.953,0.21606
2555.954,0.215475
2555.955,0.21528
2555.956,0.20377499999999998
2555.957,0.20046
2555.958,0.192855
2555.959,0.175695
2555.96,0.166335
2555.961,0.15366
2555.962,0.13182
2555.963,0.11680499999999999
2555.964,0.12070499999999999
2555.965,0.136695
2555.966,0.15288
2555.967,0.178815
2555.968,0.20787
2555.969,0.22035
2555.97,0.22464
2555.971,0.220935
2555.972,0.21723
2555.973,0.20982
2555.974,0.19851
2555.975,0.18914999999999998
2555.976,0.178815
2555.977,0.166335
2555.978,0.153855
2555.979,0.13182
2555.98,0.129285
2555.981,0.135135
2555.982,0.14079
2555.983,0.165555
2555.984,0.197535
2555.985,0.21820499999999998
2555.986,0.22619999999999998
2555.987,0.23341499999999998
2555.988,0.23595
2555.989,0.222495
2555.99,0.21645
2555.991,0.2067
2555.992,0.19539
2555.993,0.185055
2555.994,0.17511
2555.995,0.151515
2555.996,0.14118
2555.997,0.136305
2555.998,0.15170999999999998
2555.999,0.163995
2556.0,0.19032
2556.001,0.21723
2556.002,0.23517
2556.003,0.245115
2556.004,0.24101999999999998
2556.005,0.24219
2556.006,0.2379
2556.007,0.220545
2556.008,0.215475
2556.009,0.197925
2556.01,0.191295
2556.011,0.17043
2556.012,0.15366
2556.013,0.13299
2556.014,0.148005
2556.015,0.153855
2556.016,0.171015
2556.017,0.198315
2556.018,0.22639499999999999
2556.019,0.23907
2556.02,0.24062999999999998
2556.021,0.24219
2556.022,0.23439
2556.023,0.227955
2556.024,0.21723
2556.025,0.20787
2556.026,0.19851
2556.027,0.185445
2556.028,0.16652999999999998
2556.029,0.14235
2556.03,0.139035
2556.031,0.14859
2556.032,0.16107
2556.033,0.177255
2556.034,0.20357999999999998
2556.035,0.232635
2556.036,0.23360999999999998
2556.037,0.236535
2556.038,0.23302499999999998
2556.039,0.22639499999999999
2556.04,0.220155
2556.041,0.20787
2556.042,0.19266
2556.043,0.18096
2556.044,0.17004
2556.045,0.15327
2556.046,0.1287
2556.047,0.132015
2556.048,0.14079
2556.049,0.15366
2556.05,0.17823
2556.051,0.20475
2556.052,0.222495
2556.053,0.222495
2556.054,0.23244
2556.055,0.22035
2556.056,0.21216
2556.057,0.20396999999999998
2556.058,0.199875
2556.059,0.178815
2556.06,0.171015
2556.061,0.15288
2556.062,0.128895
2556.063,0.11680499999999999
2556.064,0.12519
2556.065,0.13299
2556.066,0.13923
2556.067,0.17043
2556.068,0.20357999999999998
2556.069,0.216645
2556.07,0.21528
2556.071,0.21098999999999998
2556.072,0.20377499999999998
2556.073,0.19968
2556.074,0.192465
2556.075,0.175695
2556.076,0.164775
2556.077,0.15639
2556.078,0.14118
2556.079,0.11739
2556.08,0.11309999999999999
2556.081,0.12031499999999999
2556.082,0.13182
2556.083,0.148005
2556.084,0.17413499999999998
2556.085,0.201435
2556.086,0.20748
2556.087,0.21255
2556.088,0.21098999999999998
2556.089,0.20396999999999998
2556.09,0.191295
2556.091,0.18291
2556.092,0.17043
2556.093,0.158535
2556.094,0.15054
2556.095,0.12831
2556.096,0.11232
2556.097,0.11817
2556.098,0.1209
2556.099,0.13962
2556.1,0.164385
2556.101,0.19032
2556.102,0.20592
2556.103,0.21372
2556.104,0.213135
2556.105,0.2067
2556.106,0.195195
2556.107,0.191295
2556.108,0.18486
2556.109,0.166335
2556.11,0.156195
2556.111,0.147615
2556.112,0.11583
2556.113,0.103155
2556.114,0.11427
2556.115,0.1248
2556.116,0.13923
2556.117,0.163995
2556.118,0.192465
2556.119,0.2028
2556.12,0.2067
2556.121,0.20357999999999998
2556.122,0.19636499999999998
2556.123,0.18603
2556.124,0.17413499999999998
2556.125,0.166335
2556.126,0.149175
2556.127,0.14859
2556.128,0.119535
2556.129,0.103935
2556.13,0.09867
2556.131,0.105105
2556.132,0.117195
2556.133,0.133185
2556.134,0.16614
2556.135,0.188175
2556.136,0.197535
2556.137,0.19734
2556.138,0.195
2556.139,0.186225
2556.14,0.185055
2556.141,0.17413499999999998
2556.142,0.15795
2556.143,0.149175
2556.144,0.13299
2556.145,0.11544
2556.146,0.09867
2556.147,0.10608
2556.148,0.11329499999999999
2556.149,0.124995
2556.15,0.146055
2556.151,0.17667
2556.152,0.19305
2556.153,0.20046
2556.154,0.19695
2556.155,0.19188
2556.156,0.183495
2556.157,0.178815
2556.158,0.17413499999999998
2556.159,0.146055
2556.16,0.141375
2556.161,0.133575
2556.162,0.11115
2556.163,0.10062
2556.164,0.10549499999999999
2556.165,0.11622
2556.166,0.132015
2556.167,0.16419
2556.168,0.185055
2556.169,0.198315
2556.17,0.206895
2556.171,0.2067
2556.172,0.19227
2556.173,0.187005
2556.174,0.17667
2556.175,0.172575
2556.176,0.1638
2556.177,0.147615
2556.178,0.1287
2556.179,0.10803
2556.18,0.10647
2556.181,0.11660999999999999
2556.182,0.12207
2556.183,0.1404
2556.184,0.181155
2556.185,0.20377499999999998
2556.186,0.208065
2556.187,0.20787
2556.188,0.20787
2556.189,0.20377499999999998
2556.19,0.19227
2556.191,0.186615
2556.192,0.173745
2556.193,0.1638
2556.194,0.148785
2556.195,0.128115
2556.196,0.108225
2556.197,0.115635
2556.198,0.128895
2556.199,0.140595
2556.2,0.162435
2556.201,0.19539
2556.202,0.201825
2556.203,0.212355
2556.204,0.20982
2556.205,0.20377499999999998
2556.206,0.20163
2556.207,0.19539
2556.208,0.185055
2556.209,0.172965
2556.21,0.158145
2556.211,0.14449499999999998
2556.212,0.12050999999999999
2556.213,0.10803
2556.214,0.11271
2556.215,0.12050999999999999
2556.216,0.13923
2556.217,0.166335
2556.218,0.195195
2556.219,0.20787
2556.22,0.208455
2556.221,0.20377499999999998
2556.222,0.20357999999999998
2556.223,0.19227
2556.224,0.186225
2556.225,0.172575
2556.226,0.162435
2556.227,0.15327
2556.228,0.131235
2556.229,0.108615
2556.23,0.10374
2556.231,0.116415
2556.232,0.127335
2556.233,0.140595
2556.234,0.172575
2556.235,0.197535
2556.236,0.20319
2556.237,0.20787
2556.238,0.20357999999999998
2556.239,0.19616999999999998
2556.24,0.18914999999999998
2556.241,0.18096
2556.242,0.16614
2556.243,0.156
2556.244,0.14742
2556.245,0.122655
2556.246,0.103935
2556.247,0.110565
2556.248,0.12012
2556.249,0.140595
2556.25,0.16419
2556.251,0.18681
2556.252,0.201825
2556.253,0.21216
2556.254,0.206895
2556.255,0.20377499999999998
2556.256,0.19227
2556.257,0.19539
2556.258,0.18291
2556.259,0.166335
2556.26,0.15190499999999998
2556.261,0.13747499999999999
2556.262,0.11427
2556.263,0.103935
2556.264,0.109005
2556.265,0.12070499999999999
2556.266,0.13338
2556.267,0.16652999999999998
2556.268,0.187395
2556.269,0.20319
2556.27,0.210015
2556.271,0.20943
2556.272,0.200655
2556.273,0.200655
2556.274,0.188175
2556.275,0.169455
2556.276,0.164385
2556.277,0.147615
2556.278,0.130065
2556.279,0.110175
2556.28,0.103935
2556.281,0.11329499999999999
2556.282,0.1248
2556.283,0.135135
2556.284,0.176475
2556.285,0.19851
2556.286,0.208065
2556.287,0.20787
2556.288,0.20787
2556.289,0.202215
2556.29,0.19071
2556.291,0.18252
2556.292,0.16731
2556.293,0.158145
2556.294,0.153855
2556.295,0.12792
2556.296,0.11427
2556.297,0.109005
2556.298,0.126555
2556.299,0.14449499999999998
2556.3,0.16419
2556.301,0.19539
2556.302,0.208845
2556.303,0.216645
2556.304,0.216255
2556.305,0.213915
2556.306,0.20396999999999998
2556.307,0.19539
2556.308,0.185835
2556.309,0.172575
2556.31,0.166335
2556.311,0.142155
2556.312,0.127335
2556.313,0.12012
2556.314,0.12792
2556.315,0.13221
2556.316,0.150735
2556.317,0.175695
2556.318,0.210015
2556.319,0.21411
2556.32,0.22035
2556.321,0.220935
2556.322,0.21255
2556.323,0.20377499999999998
2556.324,0.195
2556.325,0.18486
2556.326,0.178815
2556.327,0.162435
2556.328,0.141375
2556.329,0.122655
2556.33,0.12070499999999999
2556.331,0.13104
2556.332,0.138255
2556.333,0.15366
2556.334,0.1911
2556.335,0.21411
2556.336,0.22658999999999999
2556.337,0.220545
2556.338,0.22035
2556.339,0.213915
2556.34,0.200655
2556.341,0.20007
2556.342,0.17862
2556.343,0.170625
2556.344,0.158925
2556.345,0.13923
2556.346,0.12558
2556.347,0.128895
2556.348,0.128895
2556.349,0.142935
2556.35,0.170625
2556.351,0.19968
2556.352,0.213135
2556.353,0.21917999999999999
2556.354,0.215475
2556.355,0.21157499999999999
2556.356,0.20787
2556.357,0.19305
2556.358,0.185055
2556.359,0.16711499999999999
2556.36,0.157755
2556.361,0.1404
2556.362,0.116415
2556.363,0.103935
2556.364,0.11817
2556.365,0.121095
2556.366,0.135525
2556.367,0.16711499999999999
2556.368,0.195
2556.369,0.20377499999999998
2556.37,0.20787
2556.371,0.207675
2556.372,0.200655
2556.373,0.18934499999999999
2556.374,0.183105
2556.375,0.16672499999999998
2556.376,0.155415
2556.377,0.14625
2556.378,0.128895
2556.379,0.10686
2556.38,0.103935
2556.381,0.11544
2556.382,0.129285
2556.383,0.1404
2556.384,0.172965
2556.385,0.197925
2556.386,0.20748
2556.387,0.200655
2556.388,0.199095
2556.389,0.195585
2556.39,0.185055
2556.391,0.17667
2556.392,0.158535
2556.393,0.15170999999999998
2556.394,0.135135
2556.395,0.110175
2556.396,0.09984
2556.397,0.09867
2556.398,0.114075
2556.399,0.12909
2556.4,0.153855
2556.401,0.18291
2556.402,0.20046
2556.403,0.20124
2556.404,0.19695
2556.405,0.197535
2556.406,0.191295
2556.407,0.182715
2556.408,0.17628
2556.409,0.160095
2556.41,0.145665
2556.411,0.12675
2556.412,0.10647
2556.413,0.1014
2556.414,0.10413
2556.415,0.117975
2556.416,0.128895
2556.417,0.15795
2556.418,0.185055
2556.419,0.192465
2556.42,0.19539
2556.421,0.192465
2556.422,0.18486
2556.423,0.178815
2556.424,0.16652999999999998
2556.425,0.15483
2556.426,0.145665
2556.427,0.133965
2556.428,0.11739
2556.429,0.095745
2556.43,0.093015
2556.431,0.1014
2556.432,0.11388
2556.433,0.12831
2556.434,0.1638
2556.435,0.185055
2556.436,0.19032
2556.437,0.19539
2556.438,0.18681
2556.439,0.17432999999999998
2556.44,0.171405
2556.441,0.160485
2556.442,0.141375
2556.443,0.13299
2556.444,0.12675
2556.445,0.10335
2556.446,0.08268
2556.447,0.08716499999999999
2556.448,0.09984
2556.449,0.111735
2556.45,0.13806
2556.451,0.16614
2556.452,0.17979
2556.453,0.18134999999999998
2556.454,0.18252
2556.455,0.17355
2556.456,0.169455
2556.457,0.161655
2556.458,0.153855
2556.459,0.132015
2556.46,0.128895
2556.461,0.10452
2556.462,0.08619
2556.463,0.073125
2556.464,0.08112
2556.465,0.095355
2556.466,0.107055
2556.467,0.13708499999999998
2556.468,0.16302
2556.469,0.17511
2556.47,0.172575
2556.471,0.176475
2556.472,0.167895
2556.473,0.160095
2556.474,0.14781
2556.475,0.135135
2556.476,0.124995
2556.477,0.11583
2556.478,0.09555
2556.479,0.08112
2556.48,0.078
2556.481,0.0897
2556.482,0.096525
2556.483,0.108225
2556.484,0.146835
2556.485,0.164775
2556.486,0.18291
2556.487,0.18134999999999998
2556.488,0.171015
2556.489,0.16107
2556.49,0.15327
2556.491,0.146835
2556.492,0.13182
2556.493,0.126555
2556.494,0.11388
2556.495,0.085605
2556.496,0.067665
2556.497,0.07488
2556.498,0.08931
2556.499,0.103155
2556.5,0.1248
2556.501,0.147615
2556.502,0.166335
2556.503,0.169455
2556.504,0.16711499999999999
2556.505,0.160095
2556.506,0.15756
2556.507,0.146055
2556.508,0.136695
2556.509,0.12012
2556.51,0.11817
2556.511,0.09321
2556.512,0.07293
2556.513,0.064155
2556.514,0.072735
2556.515,0.078195
2556.516,0.096525
2556.517,0.128895
2556.518,0.15327
2556.519,0.16107
2556.52,0.16263
2556.521,0.16224
2556.522,0.153855
2556.523,0.141375
2556.524,0.141375
2556.525,0.125775
2556.526,0.11583
2556.527,0.10803
2556.528,0.083655
2556.529,0.06123
2556.53,0.06552
2556.531,0.072735
2556.532,0.07878
2556.533,0.09808499999999999
2556.534,0.135135
2556.535,0.15678
2556.536,0.1638
2556.537,0.1638
2556.538,0.160095
2556.539,0.151515
2556.54,0.146055
2556.541,0.13611
2556.542,0.12050999999999999
2556.543,0.11076
2556.544,0.10178999999999999
2556.545,0.078975
2556.546,0.05889
2556.547,0.071175
2556.548,0.074295
2556.549,0.089115
2556.55,0.11309999999999999
2556.551,0.14118
2556.552,0.160095
2556.553,0.163215
2556.554,0.16419
2556.555,0.16536
2556.556,0.14859
2556.557,0.141765
2556.558,0.133185
2556.559,0.122655
2556.56,0.10549499999999999
2556.561,0.09555
2556.562,0.0702
2556.563,0.06318
2556.564,0.07683
2556.565,0.08307
2556.566,0.097695
2556.567,0.128895
2556.568,0.15366
2556.569,0.16302
2556.57,0.1638
2556.571,0.16711499999999999
2556.572,0.156195
2556.573,0.1482
2556.574,0.140595
2556.575,0.1326
2556.576,0.11427
2556.577,0.104325
2556.578,0.086385
2556.579,0.069615
2556.58,0.06591
2556.581,0.07995
2556.582,0.091845
2556.583,0.101595
2556.584,0.139035
2556.585,0.163215
2556.586,0.17043
2556.587,0.17238
2556.588,0.16652999999999998
2556.589,0.16536
2556.59,0.15288
2556.591,0.141375
2556.592,0.12986999999999999
2556.593,0.12285
2556.594,0.10764
2556.595,0.086775
2556.596,0.06825
2556.597,0.075075
2556.598,0.082095
2556.599,0.10023
2556.6,0.12714
2556.601,0.15170999999999998
2556.602,0.16652999999999998
2556.603,0.17413499999999998
2556.604,0.17238
2556.605,0.170235
2556.606,0.16263
2556.607,0.14547
2556.608,0.135525
2556.609,0.125775
2556.61,0.11622
2556.611,0.10335
2556.612,0.082095
2556.613,0.072735
2556.614,0.07683
2556.615,0.09243
2556.616,0.10764
2556.617,0.135135
2556.618,0.160485
2556.619,0.16263
2556.62,0.17355
2556.621,0.16809
2556.622,0.166335
2556.623,0.158535
2556.624,0.145275
2556.625,0.136305
2556.626,0.122655
2556.627,0.11309999999999999
2556.628,0.091455
2556.629,0.074295
2556.63,0.068055
2556.631,0.081315
2556.632,0.096525
2556.633,0.11778
2556.634,0.14313
2556.635,0.166335
2556.636,0.172575
2556.637,0.172965
2556.638,0.171015
2556.639,0.16302
2556.64,0.15170999999999998
2556.641,0.142935
2556.642,0.130455
2556.643,0.117585
2556.644,0.11037
2556.645,0.08716499999999999
2556.646,0.066885
2556.647,0.074295
2556.648,0.09067499999999999
2556.649,0.104325
2556.65,0.121485
2556.651,0.15483
2556.652,0.171015
2556.653,0.17413499999999998
2556.654,0.17511
2556.655,0.16302
2556.656,0.158535
2556.657,0.155415
2556.658,0.14508
2556.659,0.13182
2556.66,0.122655
2556.661,0.107055
2556.662,0.08463
2556.663,0.081315
2556.664,0.083655
2556.665,0.09555
2556.666,0.108225
2556.667,0.135135
2556.668,0.16419
2556.669,0.17277
2556.67,0.17862
2556.671,0.17628
2556.672,0.167895
2556.673,0.15795
2556.674,0.15483
2556.675,0.140595
2556.676,0.13143
2556.677,0.11388
2556.678,0.097695
2556.679,0.07878
2556.68,0.074295
2556.681,0.085605
2556.682,0.095745
2556.683,0.10335
2556.684,0.142935
2556.685,0.167895
2556.686,0.17823
2556.687,0.171015
2556.688,0.165555
2556.689,0.153855
2556.69,0.147615
2556.691,0.13377
2556.692,0.121485
2556.693,0.119535
2556.694,0.10647
2556.695,0.078
2556.696,0.06493499999999999
2556.697,0.063375
2556.698,0.069615
2556.699,0.085215
2556.7,0.11388
2556.701,0.139035
2556.702,0.15366
2556.703,0.156
2556.704,0.15795
2556.705,0.153855
2556.706,0.142935
2556.707,0.132015
2556.708,0.126555
2556.709,0.11037
2556.71,0.095745
2556.711,0.07683
2556.712,0.056355
2556.713,0.04563
2556.714,0.050894999999999996
2556.715,0.063375
2556.716,0.074295
2556.717,0.10374
2556.718,0.13143
2556.719,0.140595
2556.72,0.142935
2556.721,0.13611
2556.722,0.1287
2556.723,0.12246
2556.724,0.112515
2556.725,0.09808499999999999
2556.726,0.093015
2556.727,0.078975
2556.728,0.05811
2556.729,0.034125
2556.73,0.03315
2556.731,0.040755
2556.732,0.054015
2556.733,0.070395
2556.734,0.1014
2556.735,0.12519
2556.736,0.133575
2556.737,0.128895
2556.738,0.1287
2556.739,0.12050999999999999
2556.74,0.10803
2556.741,0.097695
2556.742,0.085215
2556.743,0.069615
2556.744,0.065715
2556.745,0.033735
2556.746,0.02067
2556.747,0.02691
2556.748,0.034125
2556.749,0.04563
2556.75,0.07059
2556.751,0.09633
2556.752,0.11309999999999999
2556.753,0.116415
2556.754,0.11739
2556.755,0.110565
2556.756,0.10335
2556.757,0.095745
2556.758,0.08696999999999999
2556.759,0.0702
2556.76,0.05967
2556.761,0.039195
2556.762,0.016575
2556.763,0.010335
2556.764,0.015795
2556.765,0.02886
2556.766,0.04641
2556.767,0.078
2556.768,0.10296
2556.769,0.11271
2556.77,0.11622
2556.771,0.110175
2556.772,0.10335
2556.773,0.093015
2556.774,0.083655
2556.775,0.07098
2556.776,0.05811
2556.777,0.04563
2556.778,0.029055
2556.779,0.016575
2556.78,0.010335
2556.781,0.017745
2556.782,0.03198
2556.783,0.04134
2556.784,0.08151
2556.785,0.10296
2556.786,0.10803
2556.787,0.108615
2556.788,0.097695
2556.789,0.093405
2556.79,0.08463
2556.791,0.076635
2556.792,0.06318
2556.793,0.05148
2556.794,0.04446
2556.795,0.010335
2556.796,-0.00468
2556.797,0.000975
2556.798,0.008385
2556.799,0.02496
2556.8,0.049335
2556.801,0.07254
2556.802,0.083655
2556.803,0.092625
2556.804,0.08619
2556.805,0.08112
2556.806,0.073515
2556.807,0.063375
2556.808,0.056549999999999996
2556.809,0.04095
2556.81,0.028274999999999998
2556.811,0.014235
2556.812,-0.013649999999999999
2556.813,-0.0234
2556.814,-0.013455
2556.815,-0.003705
2556.816,0.00819
2556.817,0.04251
2556.818,0.066495
2556.819,0.072735
2556.82,0.077025
2556.821,0.074685
2556.822,0.066495
2556.823,0.06396
2556.824,0.057135
2556.825,0.041535
2556.826,0.025155
2556.827,0.01755
2556.828,0.000195
2556.829,-0.02106
2556.83,-0.021645
2556.831,-0.016575
2556.832,-0.0042899999999999995
2556.833,0.004095
2556.834,0.04875
2556.835,0.066495
2556.836,0.073905
2556.837,0.066495
2556.838,0.066495
2556.839,0.05772
2556.84,0.05031
2556.841,0.04563
2556.842,0.035295
2556.843,0.02028
2556.844,0.010335
2556.845,-0.022815
2556.846,-0.03588
2556.847,-0.026715
2556.848,-0.01872
2556.849,-0.007215
2556.85,0.020864999999999998
2556.851,0.04992
2556.852,0.058304999999999996
2556.853,0.063375
2556.854,0.058695
2556.855,0.06006
2556.856,0.047775
2556.857,0.035295
2556.858,0.032175
2556.859,0.02067
2556.86,0.008385
2556.861,-0.013649999999999999
2556.862,-0.02847
2556.863,-0.039585
2556.864,-0.027299999999999998
2556.865,-0.01833
2556.866,-0.008385
2556.867,0.02847
2556.868,0.054015
2556.869,0.05811
2556.87,0.066495
2556.871,0.060254999999999996
2556.872,0.05694
2556.873,0.048165
2556.874,0.039975
2556.875,0.021645
2556.876,0.014235
2556.877,0.00819
2556.878,-0.009165
2556.879,-0.03315
2556.88,-0.03549
2556.881,-0.01677
2556.882,-0.007995
2556.883,0.011505
2556.884,0.04446
2556.885,0.064155
2556.886,0.071175
2556.887,0.068055
2556.888,0.06552
2556.889,0.06045
2556.89,0.052065
2556.891,0.05148
2556.892,0.034515
2556.893,0.02535
2556.894,0.016965
2556.895,-0.014624999999999999
2556.896,-0.023985
2556.897,-0.025544999999999998
2556.898,-0.00897
2556.899,0.005265
2556.9,0.03939
2556.901,0.06435
2556.902,0.078975
2556.903,0.08463
2556.904,0.085605
2556.905,0.07917
2556.906,0.07059
2556.907,0.06552
2556.908,0.05811
2556.909,0.04251
2556.91,0.0351
2556.911,0.016575
2556.912,-0.00819
2556.913,-0.02067
2556.914,-0.008385
2556.915,0.0039
2556.916,0.020475
2556.917,0.05187
2556.918,0.083655
2556.919,0.084045
2556.92,0.08931
2556.921,0.09555
2556.922,0.08931
2556.923,0.078
2556.924,0.07059
2556.925,0.060254999999999996
2556.926,0.040755
2556.927,0.032565
2556.928,0.010725
2556.929,0.00078
2556.93,-0.01053
2556.931,0.010335
2556.932,0.02028
2556.933,0.03276
2556.934,0.072735
2556.935,0.09555
2556.936,0.10491
2556.937,0.101595
2556.938,0.097695
2556.939,0.091455
2556.94,0.082875
2556.941,0.0702
2556.942,0.05811
2556.943,0.04758
2556.944,0.036855
2556.945,0.01326
2556.946,0.00156
2556.947,0.009944999999999999
2556.948,0.0156
2556.949,0.02574
2556.95,0.057915
2556.951,0.08151
2556.952,0.09789
2556.953,0.103155
2556.954,0.103935
2556.955,0.10178999999999999
2556.956,0.097695
2556.957,0.08268
2556.958,0.072735
2556.959,0.058695
2556.96,0.054015
2556.961,0.035295
2556.962,0.007995
2556.963,0.00741
2556.964,0.016575
2556.965,0.02535
2556.966,0.046605
2556.967,0.078
2556.968,0.09984
2556.969,0.106275
2556.97,0.112515
2556.971,0.110175
2556.972,0.098865
2556.973,0.093405
2556.974,0.08931
2556.975,0.072735
2556.976,0.06473999999999999
2556.977,0.05616
2556.978,0.037245
2556.979,0.013455
2556.98,0.011895
2556.981,0.020864999999999998
2556.982,0.035295
2556.983,0.057915
2556.984,0.08619
2556.985,0.11427
2556.986,0.117585
2556.987,0.116415
2556.988,0.103935
2556.989,0.10608
2556.99,0.100815
2556.991,0.08619
2556.992,0.074295
2556.993,0.067665
2556.994,0.060645
2556.995,0.03315
2556.996,0.022815
2556.997,0.02496
2556.998,0.03783
2556.999,0.047775
2557.0,0.08112
2557.001,0.110175
2557.002,0.12070499999999999
2557.003,0.12207
2557.004,0.121095
2557.005,0.116415
2557.006,0.110565
2557.007,0.103935
2557.008,0.09165
2557.009,0.07839
2557.01,0.067665
2557.011,0.04563
2557.012,0.029055
2557.013,0.02067
2557.014,0.03783
2557.015,0.045825
2557.016,0.06552
2557.017,0.09867
2557.018,0.121095
2557.019,0.122655
2557.02,0.12831
2557.021,0.128895
2557.022,0.126555
2557.023,0.11660999999999999
2557.024,0.107835
2557.025,0.092625
2557.026,0.08463
2557.027,0.070785
2557.028,0.05811
2557.029,0.04095
2557.03,0.03822
2557.031,0.05382
2557.032,0.069615
2557.033,0.08716499999999999
2557.034,0.116415
2557.035,0.135525
2557.036,0.150735
2557.037,0.151515
2557.038,0.14508
2557.039,0.135135
2557.04,0.12792
2557.041,0.12207
2557.042,0.107835
2557.043,0.10296
2557.044,0.091455
2557.045,0.0663
2557.046,0.05187
2557.047,0.056355
2557.048,0.066885
2557.049,0.085215
2557.05,0.11544
2557.051,0.148005
2557.052,0.15639
2557.053,0.15170999999999998
2557.054,0.16224
2557.055,0.15288
2557.056,0.146055
2557.057,0.13747499999999999
2557.058,0.12831
2557.059,0.117195
2557.06,0.110175
2557.061,0.091455
2557.062,0.07585499999999999
2557.063,0.066495
2557.064,0.07839
2557.065,0.09009
2557.066,0.10335
2557.067,0.135135
2557.068,0.166335
2557.069,0.170235
2557.07,0.173355
2557.071,0.170235
2557.072,0.158535
2557.073,0.158535
2557.074,0.147615
2557.075,0.135135
2557.076,0.12675
2557.077,0.116415
2557.078,0.10296
2557.079,0.07995
2557.08,0.07878
2557.081,0.08541
2557.082,0.103935
2557.083,0.132015
2557.084,0.153855
2557.085,0.176475
2557.086,0.18895499999999998
2557.087,0.18193499999999999
2557.088,0.178035
2557.089,0.171795
2557.09,0.16419
2557.091,0.158535
2557.092,0.141375
2557.093,0.13611
2557.094,0.12636
2557.095,0.09555
2557.096,0.08151
2557.097,0.09126
2557.098,0.10374
2557.099,0.116415
2557.1,0.14547
2557.101,0.172575
2557.102,0.187005
2557.103,0.188175
2557.104,0.18875999999999998
2557.105,0.180375
2557.106,0.17628
2557.107,0.1677
2557.108,0.156195
2557.109,0.146055
2557.11,0.128895
2557.111,0.11388
2557.112,0.097695
2557.113,0.08931
2557.114,0.10178999999999999
2557.115,0.10803
2557.116,0.128895
2557.117,0.153855
2557.118,0.183495
2557.119,0.19032
2557.12,0.18914999999999998
2557.121,0.186225
2557.122,0.18173999999999998
2557.123,0.16731
2557.124,0.160095
2557.125,0.146055
2557.126,0.13299
2557.127,0.12207
2557.128,0.107055
2557.129,0.086385
2557.13,0.091455
2557.131,0.100035
2557.132,0.11115
2557.133,0.128895
2557.134,0.164385
2557.135,0.18525
2557.136,0.185445
2557.137,0.18914999999999998
2557.138,0.183495
2557.139,0.17667
2557.14,0.172575
2557.141,0.166335
2557.142,0.15366
2557.143,0.143325
2557.144,0.135135
2557.145,0.11329499999999999
2557.146,0.10608
2557.147,0.11309999999999999
2557.148,0.119535
2557.149,0.13572
2557.15,0.17004
2557.151,0.191295
2557.152,0.20475
2557.153,0.20787
2557.154,0.20748
2557.155,0.20163
2557.156,0.20163
2557.157,0.19071
2557.158,0.17413499999999998
2557.159,0.166335
2557.16,0.15678
2557.161,0.13611
2557.162,0.116415
2557.163,0.11622
2557.164,0.119535
2557.165,0.128895
2557.166,0.145665
2557.167,0.17355
2557.168,0.20396999999999998
2557.169,0.20396999999999998
2557.17,0.20748
2557.171,0.213135
2557.172,0.2028
2557.173,0.192855
2557.174,0.18603
2557.175,0.170235
2557.176,0.153855
2557.177,0.156
2557.178,0.1287
2557.179,0.11622
2557.18,0.11622
2557.181,0.119535
2557.182,0.133185
2557.183,0.15132
2557.184,0.180375
2557.185,0.201435
2557.186,0.2067
2557.187,0.200655
2557.188,0.202215
2557.189,0.19734
2557.19,0.187005
2557.191,0.17667
2557.192,0.16419
2557.193,0.156
2557.194,0.14508
2557.195,0.12050999999999999
2557.196,0.103935
2557.197,0.108615
2557.198,0.12246
2557.199,0.13182
2557.2,0.166335
2557.201,0.194415
2557.202,0.201825
2557.203,0.20377499999999998
2557.204,0.206895
2557.205,0.19734
2557.206,0.18914999999999998
2557.207,0.18603
2557.208,0.17413499999999998
2557.209,0.157755
2557.21,0.149175
2557.211,0.12675
2557.212,0.110175
2557.213,0.10686
2557.214,0.11076
2557.215,0.12675
2557.216,0.13806
2557.217,0.17355
2557.218,0.20007
2557.219,0.20202
2557.22,0.20475
2557.221,0.206115
2557.222,0.20007
2557.223,0.192855
2557.224,0.183495
2557.225,0.173355
2557.226,0.157755
2557.227,0.148395
2557.228,0.13299
2557.229,0.112515
2557.23,0.109005
2557.231,0.125775
2557.232,0.13923
2557.233,0.16302
2557.234,0.18681
2557.235,0.20982
2557.236,0.212355
2557.237,0.21216
2557.238,0.20631
2557.239,0.202995
2557.24,0.19227
2557.241,0.179595
2557.242,0.166335
2557.243,0.15288
2557.244,0.150735
2557.245,0.12636
2557.246,0.11309999999999999
2557.247,0.111345
2557.248,0.128115
2557.249,0.14508
2557.25,0.17277
2557.251,0.198315
2557.252,0.20377499999999998
2557.253,0.21567
2557.254,0.213135
2557.255,0.20319
2557.256,0.195975
2557.257,0.18875999999999998
2557.258,0.17667
2557.259,0.16575
2557.26,0.148785
2557.261,0.13299
2557.262,0.116415
2557.263,0.11232
2557.264,0.12012
2557.265,0.13143
2557.266,0.147615
2557.267,0.17979
2557.268,0.20124
2557.269,0.208455
2557.27,0.210015
2557.271,0.21216
2557.272,0.20787
2557.273,0.197925
2557.274,0.18173999999999998
2557.275,0.16926
2557.276,0.15795
2557.277,0.150735
2557.278,0.132795
2557.279,0.107835
2557.28,0.11544
2557.281,0.12519
2557.282,0.133575
2557.283,0.158145
2557.284,0.187005
2557.285,0.208845
2557.286,0.215475
2557.287,0.22035
2557.288,0.213915
2557.289,0.204945
2557.29,0.19422
2557.291,0.18291
2557.292,0.175695
2557.293,0.16263
2557.294,0.15229499999999999
2557.295,0.121095
2557.296,0.11232
2557.297,0.114075
2557.298,0.12675
2557.299,0.14118
2557.3,0.169455
2557.301,0.191295
2557.302,0.21372
2557.303,0.208065
2557.304,0.208455
2557.305,0.20787
2557.306,0.201435
2557.307,0.191295
2557.308,0.18193499999999999
2557.309,0.16731
2557.31,0.153855
2557.311,0.135135
2557.312,0.117585
2557.313,0.107055
2557.314,0.121095
2557.315,0.1248
2557.316,0.14079
2557.317,0.18057
2557.318,0.20357999999999998
2557.319,0.20377499999999998
2557.32,0.20787
2557.321,0.20904
2557.322,0.20163
2557.323,0.185445
2557.324,0.183495
2557.325,0.17082
2557.326,0.1599
2557.327,0.153855
2557.328,0.12636
2557.329,0.110175
2557.33,0.11115
2557.331,0.116415
2557.332,0.13572
2557.333,0.163215
2557.334,0.18603
2557.335,0.206115
2557.336,0.2067
2557.337,0.210015
2557.338,0.201435
2557.339,0.19227
2557.34,0.190515
2557.341,0.178815
2557.342,0.16536
2557.343,0.157755
2557.344,0.14274
2557.345,0.11934
2557.346,0.10881
2557.347,0.11232
2557.348,0.1209
2557.349,0.138255
2557.35,0.166335
2557.351,0.195195
2557.352,0.20357999999999998
2557.353,0.20631
2557.354,0.2067
2557.355,0.19851
2557.356,0.18914999999999998
2557.357,0.18173999999999998
2557.358,0.166335
2557.359,0.15366
2557.36,0.15170999999999998
2557.361,0.1287
2557.362,0.110175
2557.363,0.10803
2557.364,0.11271
2557.365,0.12070499999999999
2557.366,0.13455
2557.367,0.172575
2557.368,0.191295
2557.369,0.20124
2557.37,0.20124
2557.371,0.20377499999999998
2557.372,0.191295
2557.373,0.183495
2557.374,0.17667
2557.375,0.16419
2557.376,0.15327
2557.377,0.13884
2557.378,0.121875
2557.379,0.106275
2557.38,0.097695
2557.381,0.107055
2557.382,0.12792
2557.383,0.147615
2557.384,0.1755
2557.385,0.19227
2557.386,0.19636499999999998
2557.387,0.20163
2557.388,0.19539
2557.389,0.182715
2557.39,0.179595
2557.391,0.17667
2557.392,0.15639
2557.393,0.145275
2557.394,0.138255
2557.395,0.11329499999999999
2557.396,0.100815
2557.397,0.108225
2557.398,0.122655
2557.399,0.128895
2557.4,0.15795
2557.401,0.18252
2557.402,0.19851
2557.403,0.206895
2557.404,0.201825
2557.405,0.19968
2557.406,0.191295
2557.407,0.188175
2557.408,0.176475
2557.409,0.16691999999999999
2557.41,0.157755
2557.411,0.141375
2557.412,0.11544
2557.413,0.107055
2557.414,0.117975
2557.415,0.128895
2557.416,0.14781
2557.417,0.186615
2557.418,0.20592
2557.419,0.222495
2557.42,0.21294
2557.421,0.216255
2557.422,0.21098999999999998
2557.423,0.199875
2557.424,0.1911
2557.425,0.172575
2557.426,0.16419
2557.427,0.153855
2557.428,0.13299
2557.429,0.122655
2557.43,0.11739
2557.431,0.12792
2557.432,0.139035
2557.433,0.156975
2557.434,0.192465
2557.435,0.20787
2557.436,0.21606
2557.437,0.210405
2557.438,0.208455
2557.439,0.197535
2557.44,0.185055
2557.441,0.172575
2557.442,0.163215
2557.443,0.151515
2557.444,0.142155
2557.445,0.116415
2557.446,0.10549499999999999
2557.447,0.111345
2557.448,0.130455
2557.449,0.13962
2557.45,0.171405
2557.451,0.19851
2557.452,0.213135
2557.453,0.21645
2557.454,0.22035
2557.455,0.21411
2557.456,0.20377499999999998
2557.457,0.198315
2557.458,0.18134999999999998
2557.459,0.17784
2557.46,0.160095
2557.461,0.147615
2557.462,0.1248
2557.463,0.12519
2557.464,0.13299
2557.465,0.14079
2557.466,0.15795
2557.467,0.194415
2557.468,0.22542
2557.469,0.229905
2557.47,0.22503
2557.471,0.22854
2557.472,0.21723
2557.473,0.208065
2557.474,0.20046
2557.475,0.18875999999999998
2557.476,0.178815
2557.477,0.17004
2557.478,0.14547
2557.479,0.135135
2557.48,0.13299
2557.481,0.146055
2557.482,0.160095
2557.483,0.190515
2557.484,0.208845
2557.485,0.23166
2557.486,0.23244
2557.487,0.23166
2557.488,0.22971
2557.489,0.22035
2557.49,0.216645
2557.491,0.206115
2557.492,0.185055
2557.493,0.18193499999999999
2557.494,0.16652999999999998
2557.495,0.145275
2557.496,0.132015
2557.497,0.141375
2557.498,0.15229499999999999
2557.499,0.170235
2557.5,0.195975
2557.501,0.21917999999999999
2557.502,0.22971
2557.503,0.22854
2557.504,0.23283
2557.505,0.22658999999999999
2557.506,0.221325
2557.507,0.20787
2557.508,0.195975
2557.509,0.19227
2557.51,0.18252
2557.511,0.163215
2557.512,0.135135
2557.513,0.128115
2557.514,0.13884
2557.515,0.148395
2557.516,0.163995
2557.517,0.20124
2557.518,0.220935
2557.519,0.22776
2557.52,0.222495
2557.521,0.222495
2557.522,0.219375
2557.523,0.208455
2557.524,0.20163
2557.525,0.185055
2557.526,0.173745
2557.527,0.166335
2557.528,0.142935
2557.529,0.1287
2557.53,0.125775
2557.531,0.13533
2557.532,0.157755
2557.533,0.18134999999999998
2557.534,0.201045
2557.535,0.220545
2557.536,0.228735
2557.537,0.228735
2557.538,0.22035
2557.539,0.220935
2557.54,0.21606
2557.541,0.20748
2557.542,0.19071
2557.543,0.18213
2557.544,0.16926
2557.545,0.141765
2557.546,0.132015
2557.547,0.13611
2557.548,0.15170999999999998
2557.549,0.16809
2557.55,0.192855
2557.551,0.228735
2557.552,0.23868
2557.553,0.24082499999999998
2557.554,0.23595
2557.555,0.23595
2557.556,0.22639499999999999
2557.557,0.216645
2557.558,0.2067
2557.559,0.19383
2557.56,0.18914999999999998
2557.561,0.16107
2557.562,0.14781
2557.563,0.14235
2557.564,0.153855
2557.565,0.16731
2557.566,0.17823
2557.567,0.220155
2557.568,0.24024
2557.569,0.25311
2557.57,0.253695
2557.571,0.245505
2557.572,0.24024
2557.573,0.23283
2557.574,0.22776
2557.575,0.20787
2557.576,0.20007
2557.577,0.18914999999999998
2557.578,0.163995
2557.579,0.14859
2557.58,0.156975
2557.581,0.166335
2557.582,0.183105
2557.583,0.20377499999999998
2557.584,0.228735
2557.585,0.24140999999999999
2557.586,0.24726
2557.587,0.2496
2557.588,0.24531
2557.589,0.24531
2557.59,0.228735
2557.591,0.22035
2557.592,0.20592
2557.593,0.191295
2557.594,0.178035
2557.595,0.16614
2557.596,0.142935
2557.597,0.153075
2557.598,0.16419
2557.599,0.18252
2557.6,0.21255
2557.601,0.234975
2557.602,0.24531
2557.603,0.256035
2557.604,0.25155
2557.605,0.242385
2557.606,0.232635
2557.607,0.220545
2557.608,0.20865
2557.609,0.20163
2557.61,0.18486
2557.611,0.16672499999999998
2557.612,0.15054
2557.613,0.142935
2557.614,0.15405
2557.615,0.163995
2557.616,0.179595
2557.617,0.21411
2557.618,0.23907
2557.619,0.242775
2557.62,0.24297
2557.621,0.24101999999999998
2557.622,0.234195
2557.623,0.222495
2557.624,0.217035
2557.625,0.20748
2557.626,0.191685
2557.627,0.18603
2557.628,0.16302
2557.629,0.14468999999999999
2557.63,0.147615
2557.631,0.156975
2557.632,0.17043
2557.633,0.192855
2557.634,0.222885
2557.635,0.23595
2557.636,0.24453
2557.637,0.24492
2557.638,0.241995
2557.639,0.236535
2557.64,0.222495
2557.641,0.21606
2557.642,0.206115
2557.643,0.195195
2557.644,0.18914999999999998
2557.645,0.16302
2557.646,0.141375
2557.647,0.156975
2557.648,0.16419
2557.649,0.17413499999999998
2557.65,0.20592
2557.651,0.236145
2557.652,0.24531
2557.653,0.25311
2557.654,0.257595
2557.655,0.24121499999999998
2557.656,0.24043499999999998
2557.657,0.23127
2557.658,0.21606
2557.659,0.2028
2557.66,0.191295
2557.661,0.17355
2557.662,0.148395
2557.663,0.143325
2557.664,0.160095
2557.665,0.163215
2557.666,0.17823
2557.667,0.216255
2557.668,0.24024
2557.669,0.245895
2557.67,0.24999
2557.671,0.245505
2557.672,0.238875
2557.673,0.23907
2557.674,0.22561499999999998
2557.675,0.20787
2557.676,0.1911
2557.677,0.185055
2557.678,0.166335
2557.679,0.148785
2557.68,0.155415
2557.681,0.15678
2557.682,0.17413499999999998
2557.683,0.19968
2557.684,0.22971
2557.685,0.2496
2557.686,0.25116
2557.687,0.25973999999999997
2557.688,0.25662
2557.689,0.245895
2557.69,0.236145
2557.691,0.22639499999999999
2557.692,0.209235
2557.693,0.19539
2557.694,0.17452499999999999
2557.695,0.158535
2557.696,0.143325
2557.697,0.148785
2557.698,0.16458
2557.699,0.18096
2557.7,0.210015
2557.701,0.234195
2557.702,0.24842999999999998
2557.703,0.254085
2557.704,0.251355
2557.705,0.24784499999999998
2557.706,0.241605
2557.707,0.22815
2557.708,0.21372
2557.709,0.2028
2557.71,0.19227
2557.711,0.17784
2557.712,0.15327
2557.713,0.153855
2557.714,0.16731
2557.715,0.176475
2557.716,0.191295
2557.717,0.23088
2557.718,0.24531
2557.719,0.2652
2557.72,0.26286
2557.721,0.25623
2557.722,0.24531
2557.723,0.231855
2557.724,0.219375
2557.725,0.213525
2557.726,0.201435
2557.727,0.192855
2557.728,0.17004
2557.729,0.149175
2557.73,0.147615
2557.731,0.1638
2557.732,0.176475
2557.733,0.20046
2557.734,0.23127
2557.735,0.250575
2557.736,0.24999
2557.737,0.254475
2557.738,0.2496
2557.739,0.23341499999999998
2557.74,0.22658999999999999
2557.741,0.222495
2557.742,0.200655
2557.743,0.19032
2557.744,0.167895
2557.745,0.148785
2557.746,0.13923
2557.747,0.15229499999999999
2557.748,0.153855
2557.749,0.172575
2557.75,0.201435
2557.751,0.22639499999999999
2557.752,0.22893
2557.753,0.239655
2557.754,0.238875
2557.755,0.2379
2557.756,0.23166
2557.757,0.21606
2557.758,0.20592
2557.759,0.197535
2557.76,0.185055
2557.761,0.16302
2557.762,0.142935
2557.763,0.145665
2557.764,0.15483
2557.765,0.16731
2557.766,0.17511
2557.767,0.21372
2557.768,0.228735
2557.769,0.24531
2557.77,0.238095
2557.771,0.23868
2557.772,0.23341499999999998
2557.773,0.22464
2557.774,0.217815
2557.775,0.20396999999999998
2557.776,0.192855
2557.777,0.192855
2557.778,0.15795
2557.779,0.150735
2557.78,0.150735
2557.781,0.160095
2557.782,0.16536
2557.783,0.19616999999999998
2557.784,0.224835
2557.785,0.236145
2557.786,0.24531
2557.787,0.24842999999999998
2557.788,0.245115
2557.789,0.231855
2557.79,0.222495
2557.791,0.214305
2557.792,0.20787
2557.793,0.201435
2557.794,0.183885
2557.795,0.156
2557.796,0.14235
2557.797,0.15639
2557.798,0.165555
2557.799,0.177255
2557.8,0.20631
2557.801,0.24121499999999998
2557.802,0.249795
2557.803,0.24531
2557.804,0.24531
2557.805,0.24101999999999998
2557.806,0.228735
2557.807,0.22035
2557.808,0.20787
2557.809,0.20202
2557.81,0.18525
2557.811,0.166335
2557.812,0.14547
2557.813,0.143325
2557.814,0.15327
2557.815,0.17082
2557.816,0.187005
2557.817,0.220155
2557.818,0.24121499999999998
2557.819,0.253695
2557.82,0.25233
2557.821,0.25038
2557.822,0.23341499999999998
2557.823,0.23244
2557.824,0.222495
2557.825,0.21606
2557.826,0.20124
2557.827,0.19071
2557.828,0.15795
2557.829,0.14547
2557.83,0.150735
2557.831,0.166335
2557.832,0.17784
2557.833,0.20357999999999998
2557.834,0.23302499999999998
2557.835,0.250575
2557.836,0.25584
2557.837,0.25038
2557.838,0.23868
2557.839,0.232635
2557.84,0.22658999999999999
2557.841,0.21528
2557.842,0.2028
2557.843,0.191295
2557.844,0.17823
2557.845,0.15132
2557.846,0.143325
2557.847,0.158145
2557.848,0.172575
2557.849,0.185055
2557.85,0.210015
2557.851,0.234975
2557.852,0.231855
2557.853,0.24101999999999998
2557.854,0.244335
2557.855,0.236145
2557.856,0.22698
2557.857,0.21723
2557.858,0.207675
2557.859,0.19851
2557.86,0.19071
2557.861,0.16652999999999998
2557.862,0.149175
2557.863,0.145275
2557.864,0.15756
2557.865,0.172185
2557.866,0.18291
2557.867,0.21996
2557.868,0.249795
2557.869,0.25233
2557.87,0.25116
2557.871,0.25389
2557.872,0.24531
2557.873,0.23478
2557.874,0.22658999999999999
2557.875,0.213135
2557.876,0.19539
2557.877,0.191295
2557.878,0.169455
2557.879,0.157755
2557.88,0.158145
2557.881,0.16419
2557.882,0.186615
2557.883,0.21216
2557.884,0.238875
2557.885,0.24999
2557.886,0.25311
2557.887,0.25973999999999997
2557.888,0.251745
2557.889,0.24082499999999998
2557.89,0.23380499999999999
2557.891,0.22893
2557.892,0.210015
2557.893,0.19851
2557.894,0.18252
2557.895,0.16536
2557.896,0.15229499999999999
2557.897,0.160095
2557.898,0.167895
2557.899,0.185055
2557.9,0.21723
2557.901,0.245115
2557.902,0.251745
2557.903,0.253695
2557.904,0.253695
2557.905,0.24121499999999998
2557.906,0.23244
2557.907,0.228735
2557.908,0.21606
2557.909,0.20377499999999998
2557.91,0.18895499999999998
2557.911,0.176865
2557.912,0.14937
2557.913,0.153855
2557.914,0.15931499999999998
2557.915,0.16711499999999999
2557.916,0.18173999999999998
2557.917,0.213915
2557.918,0.24140999999999999
2557.919,0.253695
2557.92,0.25116
2557.921,0.242385
2557.922,0.236535
2557.923,0.231075
2557.924,0.21606
2557.925,0.20377499999999998
2557.926,0.191295
2557.927,0.18173999999999998
2557.928,0.15132
2557.929,0.139815
2557.93,0.147615
2557.931,0.149175
2557.932,0.16419
2557.933,0.195585
2557.934,0.22580999999999998
2557.935,0.24414
2557.936,0.247455
2557.937,0.24531
2557.938,0.2379
2557.939,0.23341499999999998
2557.94,0.21996
2557.941,0.21372
2557.942,0.19032
2557.943,0.185445
2557.944,0.17004
2557.945,0.141375
2557.946,0.13688999999999998
2557.947,0.151515
2557.948,0.15483
2557.949,0.16614
2557.95,0.20007
2557.951,0.228735
2557.952,0.23595
2557.953,0.236145
2557.954,0.234975
2557.955,0.227175
2557.956,0.22035
2557.957,0.210015
2557.958,0.19539
2557.959,0.185055
2557.96,0.17823
2557.961,0.158535
2557.962,0.1404
2557.963,0.13299
2557.964,0.14508
2557.965,0.153465
2557.966,0.172575
2557.967,0.206895
2557.968,0.22815
2557.969,0.238875
2557.97,0.23302499999999998
2557.971,0.23166
2557.972,0.22035
2557.973,0.215475
2557.974,0.20377499999999998
2557.975,0.19344
2557.976,0.18193499999999999
2557.977,0.17043
2557.978,0.145665
2557.979,0.13104
2557.98,0.13611
2557.981,0.140595
2557.982,0.15483
2557.983,0.186615
2557.984,0.21255
2557.985,0.224835
2557.986,0.23166
2557.987,0.22893
2557.988,0.22542
2557.989,0.21411
2557.99,0.20377499999999998
2557.991,0.20124
2557.992,0.18096
2557.993,0.173355
2557.994,0.160095
2557.995,0.13611
2557.996,0.12558
2557.997,0.128895
2557.998,0.141375
2557.999,0.158535
2558.0,0.19968
2558.001,0.216255
2558.002,0.22639499999999999
2558.003,0.224835
2558.004,0.22854
2558.005,0.217425
2558.006,0.21723
2558.007,0.202995
2558.008,0.19227
2558.009,0.18193499999999999
2558.01,0.17043
2558.011,0.1482
2558.012,0.135135
2558.013,0.13377
2558.014,0.141375
2558.015,0.14859
2558.016,0.16691999999999999
2558.017,0.20475
2558.018,0.220935
2558.019,0.23283
2558.02,0.228735
2558.021,0.22464
2558.022,0.21996
2558.023,0.210405
2558.024,0.206115
2558.025,0.185055
2558.026,0.18252
2558.027,0.16731
2558.028,0.142935
2558.029,0.130455
2558.03,0.135135
2558.031,0.148005
2558.032,0.15795
2558.033,0.183495
2558.034,0.21372
2558.035,0.224835
2558.036,0.231075
2558.037,0.22815
2558.038,0.222495
2558.039,0.213915
2558.04,0.20377499999999998
2558.041,0.19539
2558.042,0.178815
2558.043,0.17004
2558.044,0.15756
2558.045,0.13143
2558.046,0.119535
2558.047,0.13143
2558.048,0.13806
2558.049,0.15483
2558.05,0.18173999999999998
2558.051,0.20748
2558.052,0.216255
2558.053,0.220935
2558.054,0.22035
2558.055,0.216255
2558.056,0.21098999999999998
2558.057,0.19773
2558.058,0.185055
2558.059,0.17511
2558.06,0.16575
2558.061,0.141375
2558.062,0.131235
2558.063,0.122655
2558.064,0.13377
2558.065,0.145665
2558.066,0.166335
2558.067,0.19851
2558.068,0.22035
2558.069,0.22658999999999999
2558.07,0.217815
2558.071,0.220155
2558.072,0.21372
2558.073,0.2028
2558.074,0.19227
2558.075,0.18096
2558.076,0.172575
2558.077,0.16965
2558.078,0.13611
2558.079,0.122655
2558.08,0.127335
2558.081,0.139815
2558.082,0.148005
2558.083,0.18134999999999998
2558.084,0.20377499999999998
2558.085,0.22035
2558.086,0.22113
2558.087,0.222495
2558.088,0.216645
2558.089,0.20124
2558.09,0.20046
2558.091,0.189735
2558.092,0.17413499999999998
2558.093,0.163995
2558.094,0.14157
2558.095,0.125775
2558.096,0.11680499999999999
2558.097,0.128895
2558.098,0.136695
2558.099,0.15756
2558.1,0.19032
2558.101,0.216645
2558.102,0.22035
2558.103,0.220155
2558.104,0.217425
2558.105,0.21567
2558.106,0.20631
2558.107,0.197535
2558.108,0.17979
2558.109,0.17355
2558.11,0.16419
2558.111,0.146055
2558.112,0.126555
2558.113,0.12050999999999999
2558.114,0.12675
2558.115,0.14547
2558.116,0.1638
2558.117,0.195975
2558.118,0.21801
2558.119,0.216645
2558.12,0.21996
2558.121,0.216255
2558.122,0.20357999999999998
2558.123,0.194415
2558.124,0.18895499999999998
2558.125,0.172575
2558.126,0.160095
2558.127,0.15834
2558.128,0.12792
2558.129,0.110565
2558.13,0.11427
2558.131,0.122655
2558.132,0.1326
2558.133,0.16302
2558.134,0.183885
2558.135,0.20124
2558.136,0.199875
2558.137,0.20357999999999998
2558.138,0.193245
2558.139,0.183105
2558.14,0.16926
2558.141,0.16419
2558.142,0.140595
2558.143,0.13221
2558.144,0.11271
2558.145,0.09457499999999999
2558.146,0.078975
2558.147,0.08541
2558.148,0.093405
2558.149,0.10881
2558.15,0.141375
2558.151,0.17043
2558.152,0.167895
2558.153,0.17043
2558.154,0.16731
2558.155,0.158535
2558.156,0.148005
2558.157,0.135135
2558.158,0.12519
2558.159,0.112515
2558.16,0.10608
2558.161,0.080145
2558.162,0.0624
2558.163,0.056355
2558.164,0.06844499999999999
2558.165,0.073125
2558.166,0.0975
2558.167,0.125775
2558.168,0.147615
2558.169,0.163995
2558.17,0.16224
2558.171,0.156
2558.172,0.15288
2558.173,0.139035
2558.174,0.13727999999999999
2558.175,0.12050999999999999
2558.176,0.110175
2558.177,0.103935
2558.178,0.076635
2558.179,0.058499999999999996
2558.18,0.064155
2558.181,0.072735
2558.182,0.08619
2558.183,0.116415
2558.184,0.141375
2558.185,0.156195
2558.186,0.15756
2558.187,0.15190499999999998
2558.188,0.15170999999999998
2558.189,0.145275
2558.19,0.132795
2558.191,0.12675
2558.192,0.10608
2558.193,0.097695
2558.194,0.074295
2558.195,0.06123
2558.196,0.05616
2558.197,0.056549999999999996
2558.198,0.06669
2558.199,0.086775
2558.2,0.11427
2558.201,0.14118
2558.202,0.14547
2558.203,0.15756
2558.204,0.149175
2558.205,0.1404
2558.206,0.1287
2558.207,0.128115
2558.208,0.114075
2558.209,0.10764
2558.21,0.09165
2558.211,0.06747
2558.212,0.047775
2558.213,0.050505
2558.214,0.055185
2558.215,0.066495
2558.216,0.086775
2558.217,0.115635
2558.218,0.135135
2558.219,0.14235
2558.22,0.14157
2558.221,0.1404
2558.222,0.12363
2558.223,0.116415
2558.224,0.107055
2558.225,0.091455
2558.226,0.08502
2558.227,0.076635
2558.228,0.047775
2558.229,0.03003
2558.23,0.035295
2558.231,0.045434999999999996
2558.232,0.058695
2558.233,0.086775
2558.234,0.11660999999999999
2558.235,0.131235
2558.236,0.132795
2558.237,0.12831
2558.238,0.126555
2558.239,0.11739
2558.24,0.103935
2558.241,0.097695
2558.242,0.07878
2558.243,0.07566
2558.244,0.053235
2558.245,0.032175
2558.246,0.02496
2558.247,0.029055
2558.248,0.03939
2558.249,0.05811
2558.25,0.09067499999999999
2558.251,0.11388
2558.252,0.11622
2558.253,0.12031499999999999
2558.254,0.12050999999999999
2558.255,0.110175
2558.256,0.103155
2558.257,0.095745
2558.258,0.08307
2558.259,0.071175
2558.26,0.06435
2558.261,0.033735
2558.262,0.02067
2558.263,0.016575
2558.264,0.029055
2558.265,0.03939
2558.266,0.058695
2558.267,0.091845
2558.268,0.10803
2558.269,0.116415
2558.27,0.11544
2558.271,0.11271
2558.272,0.10374
2558.273,0.093015
2558.274,0.091455
2558.275,0.07839
2558.276,0.066495
2558.277,0.06045
2558.278,0.03159
2558.279,0.019305
2558.28,0.02067
2558.281,0.03627
2558.282,0.051675
2558.283,0.07137
2558.284,0.103935
2558.285,0.12050999999999999
2558.286,0.11660999999999999
2558.287,0.11739
2558.288,0.11309999999999999
2558.289,0.10998
2558.29,0.100035
2558.291,0.088335
2558.292,0.07683
2558.293,0.06435
2558.294,0.0507
2558.295,0.02535
2558.296,0.02028
2558.297,0.026715
2558.298,0.042705
2558.299,0.057915
2558.3,0.08619
2558.301,0.115635
2558.302,0.12031499999999999
2558.303,0.12636
2558.304,0.12753
2558.305,0.12070499999999999
2558.306,0.110565
2558.307,0.104325
2558.308,0.093015
2558.309,0.078975
2558.31,0.072735
2558.311,0.046215
2558.312,0.03627
2558.313,0.03003
2558.314,0.043095
2558.315,0.058695
2558.316,0.078975
2558.317,0.10374
2558.318,0.128115
2558.319,0.135135
2558.32,0.12675
2558.321,0.12675
2558.322,0.11817
2558.323,0.10803
2558.324,0.100815
2558.325,0.085215
2558.326,0.076635
2558.327,0.067665
2558.328,0.04251
2558.329,0.03198
2558.33,0.035295
2558.331,0.04095
2558.332,0.062595
2558.333,0.082875
2558.334,0.11427
2558.335,0.12675
2558.336,0.13065
2558.337,0.132795
2558.338,0.13143
2558.339,0.119535
2558.34,0.108615
2558.341,0.09984
2558.342,0.08696999999999999
2558.343,0.078195
2558.344,0.05967
2558.345,0.035295
2558.346,0.03471
2558.347,0.03627
2558.348,0.05187
2558.349,0.06747
2558.35,0.097695
2558.351,0.12285
2558.352,0.12636
2558.353,0.132015
2558.354,0.12558
2558.355,0.12129
2558.356,0.11544
2558.357,0.112515
2558.358,0.09633
2558.359,0.091455
2558.36,0.068055
2558.361,0.05772
2558.362,0.036855
2558.363,0.036074999999999996
2558.364,0.04563
2558.365,0.058695
2558.366,0.07683
2558.367,0.10803
2558.368,0.13182
2558.369,0.135135
2558.37,0.13923
2558.371,0.13299
2558.372,0.122655
2558.373,0.12050999999999999
2558.374,0.110175
2558.375,0.09555
2558.376,0.08326499999999999
2558.377,0.07878
2558.378,0.05343
2558.379,0.039975
2558.38,0.04524
2558.381,0.05343
2558.382,0.0663
2558.383,0.100815
2558.384,0.12012
2558.385,0.13688999999999998
2558.386,0.14079
2558.387,0.14079
2558.388,0.13299
2558.389,0.129285
2558.39,0.122655
2558.391,0.11660999999999999
2558.392,0.096525
2558.393,0.089115
2558.394,0.07585499999999999
2558.395,0.05304
2558.396,0.04095
2558.397,0.047775
2558.398,0.063375
2558.399,0.0819
2558.4,0.11154
2558.401,0.14235
2558.402,0.14742
2558.403,0.15288
2558.404,0.14547
2558.405,0.14313
2558.406,0.132795
2558.407,0.1326
2558.408,0.11680499999999999
2558.409,0.103935
2558.41,0.091845
2558.411,0.071565
2558.412,0.057525
2558.413,0.05694
2558.414,0.06435
2558.415,0.078975
2558.416,0.103155
2558.417,0.13143
2558.418,0.14547
2558.419,0.156195
2558.42,0.156195
2558.421,0.148005
2558.422,0.14079
2558.423,0.133185
2558.424,0.1248
2558.425,0.11115
2558.426,0.097695
2558.427,0.09126
2558.428,0.06435
2558.429,0.05304
2558.43,0.054015
2558.431,0.066495
2558.432,0.08892
2558.433,0.11037
2558.434,0.13923
2558.435,0.149955
2558.436,0.15327
2558.437,0.15288
2558.438,0.142935
2558.439,0.135135
2558.44,0.125775
2558.441,0.115635
2558.442,0.103935
2558.443,0.101595
2558.444,0.07059
2558.445,0.057135
2558.446,0.05343
2558.447,0.058695
2558.448,0.07293
2558.449,0.09165
2558.45,0.13143
2558.451,0.148785
2558.452,0.156195
2558.453,0.16302
2558.454,0.158535
2558.455,0.145665
2558.456,0.145665
2558.457,0.14118
2558.458,0.1248
2558.459,0.10881
2558.46,0.103155
2558.461,0.0819
2558.462,0.068055
2558.463,0.067275
2558.464,0.0819
2558.465,0.08619
2558.466,0.11544
2558.467,0.14508
2558.468,0.163995
2558.469,0.170235
2558.47,0.172575
2558.471,0.16614
2558.472,0.16107
2558.473,0.15170999999999998
2558.474,0.14235
2558.475,0.132015
2558.476,0.12070499999999999
2558.477,0.108225
2558.478,0.078975
2558.479,0.066495
2558.48,0.071565
2558.481,0.09048
2558.482,0.10608
2558.483,0.125775
2558.484,0.156
2558.485,0.171015
2558.486,0.17511
2558.487,0.175695
2558.488,0.173355
2558.489,0.16731
2558.49,0.15795
2558.491,0.13884
2558.492,0.1326
2558.493,0.11680499999999999
2558.494,0.107055
2558.495,0.08502
2558.496,0.078
2558.497,0.089115
2558.498,0.100815
2558.499,0.11583
2558.5,0.142935
2558.501,0.170625
2558.502,0.176865
2558.503,0.18096
2558.504,0.18252
2558.505,0.172575
2558.506,0.16652999999999998
2558.507,0.16263
2558.508,0.145665
2558.509,0.1326
2558.51,0.12246
2558.511,0.10023
2558.512,0.08326499999999999
2558.513,0.085215
2558.514,0.09126
2558.515,0.108225
2558.516,0.133185
2558.517,0.16419
2558.518,0.18096
2558.519,0.185055
2558.52,0.1833
2558.521,0.17784
2558.522,0.167505
2558.523,0.16536
2558.524,0.15756
2558.525,0.141375
2558.526,0.132795
2558.527,0.12070499999999999
2558.528,0.09555
2558.529,0.085215
2558.53,0.09067499999999999
2558.531,0.10608
2558.532,0.116415
2558.533,0.142935
2558.534,0.171015
2558.535,0.185055
2558.536,0.19227
2558.537,0.191295
2558.538,0.18291
2558.539,0.17862
2558.54,0.168675
2558.541,0.15795
2558.542,0.142935
2558.543,0.13299
2558.544,0.116415
2558.545,0.09555
2558.546,0.09555
2558.547,0.103935
2558.548,0.116415
2558.549,0.135135
2558.55,0.16614
2558.551,0.19227
2558.552,0.20163
2558.553,0.195195
2558.554,0.195975
2558.555,0.18934499999999999
2558.556,0.17979
2558.557,0.17706
2558.558,0.16302
2558.559,0.14859
2558.56,0.139035
2558.561,0.11739
2558.562,0.10608
2558.563,0.10803
2558.564,0.116415
2558.565,0.13299
2558.566,0.15795
2558.567,0.19032
2558.568,0.20826
2558.569,0.207675
2558.57,0.21216
2558.571,0.2067
2558.572,0.19636499999999998
2558.573,0.191685
2558.574,0.18291
2558.575,0.166335
2558.576,0.15405
2558.577,0.147615
2558.578,0.12636
2558.579,0.10958999999999999
2558.58,0.116415
2558.581,0.12675
2558.582,0.141375
2558.583,0.171015
2558.584,0.20163
2558.585,0.21528
2558.586,0.220545
2558.587,0.21645
2558.588,0.207675
2558.589,0.20396999999999998
2558.59,0.1911
2558.591,0.186615
2558.592,0.171405
2558.593,0.16029
2558.594,0.14235
2558.595,0.12558
2558.596,0.116415
2558.597,0.12909
2558.598,0.140595
2558.599,0.158925
2558.6,0.18934499999999999
2558.601,0.217815
2558.602,0.214695
2558.603,0.21645
2558.604,0.22503
2558.605,0.216255
2558.606,0.210015
2558.607,0.200655
2558.608,0.18486
2558.609,0.17355
2558.61,0.16614
2558.611,0.1404
2558.612,0.12636
2558.613,0.124995
2558.614,0.13377
2558.615,0.142545
2558.616,0.170625
2558.617,0.197535
2558.618,0.217815
2558.619,0.222495
2558.62,0.22464
2558.621,0.22035
2558.622,0.21216
2558.623,0.20357999999999998
2558.624,0.19616999999999998
2558.625,0.178815
2558.626,0.17121
2558.627,0.16302
2558.628,0.136695
2558.629,0.1287
2558.63,0.13143
2558.631,0.14079
2558.632,0.160095
2558.633,0.18173999999999998
2558.634,0.210405
2558.635,0.22464
2558.636,0.22658999999999999
2558.637,0.22658999999999999
2558.638,0.22561499999999998
2558.639,0.216255
2558.64,0.20748
2558.641,0.191295
2558.642,0.17628
2558.643,0.170235
2558.644,0.153855
2558.645,0.133575
2558.646,0.132795
2558.647,0.141375
2558.648,0.148785
2558.649,0.169455
2558.65,0.20377499999999998
2558.651,0.229125
2558.652,0.23907
2558.653,0.23283
2558.654,0.231075
2558.655,0.229125
2558.656,0.221325
2558.657,0.21411
2558.658,0.191295
2558.659,0.18291
2558.66,0.171405
2558.661,0.148785
2558.662,0.135915
2558.663,0.139035
2558.664,0.15366
2558.665,0.163215
2558.666,0.19071
2558.667,0.216255
2558.668,0.24101999999999998
2558.669,0.242385
2558.67,0.235365
2558.671,0.23595
2558.672,0.23244
2558.673,0.21996
2558.674,0.207675
2558.675,0.200655
2558.676,0.183105
2558.677,0.17667
2558.678,0.147615
2558.679,0.13884
2558.68,0.14118
2558.681,0.15327
2558.682,0.167895
2558.683,0.19539
2558.684,0.22464
2558.685,0.235365
2558.686,0.238875
2558.687,0.23439
2558.688,0.23595
2558.689,0.22464
2558.69,0.22035
2558.691,0.21098999999999998
2558.692,0.197535
2558.693,0.18875999999999998
2558.694,0.16652999999999998
2558.695,0.14157
2558.696,0.1404
2558.697,0.153855
2558.698,0.15873
2558.699,0.178815
2558.7,0.21411
2558.701,0.24101999999999998
2558.702,0.242775
2558.703,0.24121499999999998
2558.704,0.236535
2558.705,0.22971
2558.706,0.22035
2558.707,0.219375
2558.708,0.200655
2558.709,0.186615
2558.71,0.177255
2558.711,0.1599
2558.712,0.13708499999999998
2558.713,0.14079
2558.714,0.15678
2558.715,0.162435
2558.716,0.19071
2558.717,0.22074
2558.718,0.23302499999999998
2558.719,0.24024
2558.72,0.241995
2558.721,0.23244
2558.722,0.226785
2558.723,0.21723
2558.724,0.205335
2558.725,0.195
2558.726,0.18173999999999998
2558.727,0.170235
2558.728,0.14118
2558.729,0.135135
2558.73,0.1404
2558.731,0.141375
2558.732,0.15795
2558.733,0.18954
2558.734,0.21606
2558.735,0.22971
2558.736,0.23166
2558.737,0.22893
2558.738,0.22619999999999998
2558.739,0.214305
2558.74,0.20748
2558.741,0.19227
2558.742,0.1833
2558.743,0.172575
2558.744,0.151515
2558.745,0.135135
2558.746,0.1287
2558.747,0.1404
2558.748,0.15132
2558.749,0.166335
2558.75,0.197535
2558.751,0.21996
2558.752,0.22658999999999999
2558.753,0.235755
2558.754,0.222495
2558.755,0.221715
2558.756,0.21372
2558.757,0.208455
2558.758,0.186615
2558.759,0.17901
2558.76,0.16711499999999999
2558.761,0.141375
2558.762,0.12675
2558.763,0.13182
2558.764,0.13923
2558.765,0.157755
2558.766,0.17784
2558.767,0.20904
2558.768,0.22561499999999998
2558.769,0.222495
2558.77,0.23244
2558.771,0.22347
2558.772,0.216255
2558.773,0.20748
2558.774,0.200655
2558.775,0.18895499999999998
2558.776,0.173355
2558.777,0.16107
2558.778,0.135135
2558.779,0.127335
2558.78,0.13611
2558.781,0.145275
2558.782,0.15639
2558.783,0.183495
2558.784,0.215475
2558.785,0.22658999999999999
2558.786,0.23283
2558.787,0.22854
2558.788,0.22035
2558.789,0.215475
2558.79,0.21372
2558.791,0.191295
2558.792,0.18369
2558.793,0.172575
2558.794,0.15366
2558.795,0.136695
2558.796,0.132795
2558.797,0.14391
2558.798,0.15756
2558.799,0.1638
2558.8,0.2067
2558.801,0.231855
2558.802,0.24043499999999998
2558.803,0.24101999999999998
2558.804,0.238095
2558.805,0.22776
2558.806,0.22035
2558.807,0.208455
2558.808,0.195585
2558.809,0.183885
2558.81,0.177255
2558.811,0.155415
2558.812,0.14118
2558.813,0.13611
2558.814,0.14859
2558.815,0.16263
2558.816,0.185835
2558.817,0.20787
2558.818,0.23088
2558.819,0.236145
2558.82,0.23380499999999999
2558.821,0.228735
2558.822,0.21820499999999998
2558.823,0.2106
2558.824,0.20787
2558.825,0.189735
2558.826,0.18252
2558.827,0.16419
2558.828,0.143325
2558.829,0.133965
2558.83,0.135135
2558.831,0.147615
2558.832,0.166335
2558.833,0.19266
2558.834,0.22191
2558.835,0.22854
2558.836,0.22893
2558.837,0.231855
2558.838,0.229125
2558.839,0.222495
2558.84,0.207675
2558.841,0.19773
2558.842,0.19032
2558.843,0.178425
2558.844,0.16263
2558.845,0.140985
2558.846,0.135135
2558.847,0.14429999999999998
2558.848,0.156195
2558.849,0.172575
2558.85,0.20377499999999998
2558.851,0.231855
2558.852,0.23321999999999998
2558.853,0.24492
2558.854,0.234975
2558.855,0.22893
2558.856,0.2223
2558.857,0.213915
2558.858,0.197535
2558.859,0.188175
2558.86,0.172575
2558.861,0.15405
2558.862,0.13767
2558.863,0.14157
2558.864,0.149175
2558.865,0.16419
2558.866,0.186615
2558.867,0.217815
2558.868,0.234975
2558.869,0.24531
2558.87,0.238875
2558.871,0.23946
2558.872,0.22542
2558.873,0.21411
2558.874,0.214695
2558.875,0.19539
2558.876,0.185055
2558.877,0.17238
2558.878,0.14859
2558.879,0.13884
2558.88,0.14547
2558.881,0.153855
2558.882,0.17043
2558.883,0.195975
2558.884,0.220935
2558.885,0.24062999999999998
2558.886,0.24062999999999998
2558.887,0.236535
2558.888,0.23302499999999998
2558.889,0.223275
2558.89,0.21216
2558.891,0.200655
2558.892,0.18603
2558.893,0.178815
2558.894,0.16419
2558.895,0.14157
2558.896,0.133575
2558.897,0.14781
2558.898,0.158145
2558.899,0.171015
2558.9,0.210015
2558.901,0.23283
2558.902,0.23517
2558.903,0.2379
2558.904,0.232635
2558.905,0.22503
2558.906,0.22035
2558.907,0.20982
2558.908,0.19968
2558.909,0.185055
2558.91,0.181155
2558.911,0.15327
2558.912,0.136305
2558.913,0.141375
2558.914,0.15327
2558.915,0.166335
2558.916,0.190515
2558.917,0.21996
2558.918,0.236535
2558.919,0.24492
2558.92,0.23907
2558.921,0.231855
2558.922,0.22815
2558.923,0.220935
2558.924,0.216255
2558.925,0.20163
2558.926,0.191295
2558.927,0.17979
2558.928,0.151515
2558.929,0.143325
2558.93,0.151515
2558.931,0.16107
2558.932,0.17589
2558.933,0.20124
2558.934,0.23244
2558.935,0.24062999999999998
2558.936,0.24140999999999999
2558.937,0.242775
2558.938,0.239265
2558.939,0.23595
2558.94,0.21957
2558.941,0.21255
2558.942,0.200655
2558.943,0.190905
2558.944,0.16926
2558.945,0.146055
2558.946,0.141765
2558.947,0.160095
2558.948,0.16731
2558.949,0.185055
2558.95,0.217815
2558.951,0.24121499999999998
2558.952,0.249015
2558.953,0.245895
2558.954,0.245895
2558.955,0.24043499999999998
2558.956,0.23302499999999998
2558.957,0.22971
2558.958,0.208455
2558.959,0.195975
2558.96,0.18934499999999999
2558.961,0.169455
2558.962,0.15190499999999998
2558.963,0.153075
2558.964,0.16731
2558.965,0.17979
2558.966,0.20357999999999998
2558.967,0.23127
2558.968,0.24219
2558.969,0.2535
2558.97,0.2535
2558.971,0.24531
2558.972,0.23907
2558.973,0.23478
2558.974,0.220935
2558.975,0.206895
2558.976,0.201435
2558.977,0.185055
2558.978,0.166335
2558.979,0.15170999999999998
2558.98,0.15405
2558.981,0.16672499999999998
2558.982,0.17823
2558.983,0.213915
2558.984,0.236535
2558.985,0.245895
2558.986,0.25623
2558.987,0.25155
2558.988,0.24121499999999998
2558.989,0.23595
2558.99,0.23166
2558.991,0.21294
2558.992,0.2067
2558.993,0.189735
2558.994,0.171405
2558.995,0.15170999999999998
2558.996,0.14547
2558.997,0.15795
2558.998,0.171015
2558.999,0.18291
2559.0,0.22658999999999999
2559.001,0.241995
2559.002,0.24726
2559.003,0.2535
2559.004,0.24823499999999998
2559.005,0.23751
2559.006,0.232635
2559.007,0.220935
2559.008,0.21333
2559.009,0.199095
2559.01,0.185055
2559.011,0.164775
2559.012,0.153855
2559.013,0.15327
2559.014,0.160095
2559.015,0.172965
2559.016,0.20163
2559.017,0.234195
2559.018,0.245895
2559.019,0.25038
2559.02,0.242775
2559.021,0.24121499999999998
2559.022,0.229125
2559.023,0.22639499999999999
2559.024,0.213915
2559.025,0.201825
2559.026,0.19071
2559.027,0.17413499999999998
2559.028,0.15170999999999998
2559.029,0.14235
2559.03,0.146055
2559.031,0.16029
2559.032,0.171015
2559.033,0.20046
2559.034,0.23244
2559.035,0.24414
2559.036,0.24219
2559.037,0.2379
2559.038,0.23283
2559.039,0.22503
2559.04,0.21723
2559.041,0.206505
2559.042,0.19616999999999998
2559.043,0.183495
2559.044,0.166335
2559.045,0.15288
2559.046,0.14235
2559.047,0.153855
2559.048,0.163215
2559.049,0.172965
2559.05,0.217815
2559.051,0.2379
2559.052,0.247455
2559.053,0.24726
2559.054,0.238875
2559.055,0.23088
2559.056,0.22776
2559.057,0.21645
2559.058,0.21216
2559.059,0.20007
2559.06,0.18895499999999998
2559.061,0.160095
2559.062,0.145275
2559.063,0.14508
2559.064,0.158145
2559.065,0.17413499999999998
2559.066,0.19227
2559.067,0.22542
2559.068,0.24219
2559.069,0.24531
2559.07,0.24531
2559.071,0.236535
2559.072,0.228735
2559.073,0.224445
2559.074,0.213135
2559.075,0.20357999999999998
2559.076,0.191295
2559.077,0.170235
2559.078,0.148785
2559.079,0.147615
2559.08,0.153855
2559.081,0.15795
2559.082,0.17277
2559.083,0.197535
2559.084,0.224835
2559.085,0.22971
2559.086,0.23380499999999999
2559.087,0.24024
2559.088,0.227175
2559.089,0.224835
2559.09,0.213915
2559.091,0.197925
2559.092,0.186225
2559.093,0.18486
2559.094,0.160095
2559.095,0.141375
2559.096,0.13533
2559.097,0.148005
2559.098,0.163215
2559.099,0.17784
2559.1,0.208845
2559.101,0.23595
2559.102,0.236925
2559.103,0.23907
2559.104,0.238095
2559.105,0.228735
2559.106,0.2223
2559.107,0.21372
2559.108,0.198705
2559.109,0.185445
2559.11,0.18096
2559.111,0.156975
2559.112,0.142935
2559.113,0.142935
2559.114,0.15170999999999998
2559.115,0.16575
2559.116,0.18798
2559.117,0.21957
2559.118,0.236535
2559.119,0.235755
2559.12,0.237315
2559.121,0.22658999999999999
2559.122,0.22269
2559.123,0.21294
2559.124,0.20357999999999998
2559.125,0.18895499999999998
2559.126,0.18193499999999999
2559.127,0.15756
2559.128,0.13611
2559.129,0.128895
2559.13,0.13611
2559.131,0.148785
2559.132,0.160485
2559.133,0.192075
2559.134,0.21996
2559.135,0.22893
2559.136,0.228735
2559.137,0.228735
2559.138,0.222495
2559.139,0.216255
2559.14,0.20396999999999998
2559.141,0.194415
2559.142,0.18603
2559.143,0.17043
2559.144,0.15327
2559.145,0.1326
2559.146,0.12519
2559.147,0.139035
2559.148,0.15015
2559.149,0.16419
2559.15,0.195585
2559.151,0.21645
2559.152,0.22658999999999999
2559.153,0.21917999999999999
2559.154,0.220155
2559.155,0.20787
2559.156,0.20319
2559.157,0.191295
2559.158,0.185055
2559.159,0.172965
2559.16,0.163215
2559.161,0.135525
2559.162,0.12246
2559.163,0.12031499999999999
2559.164,0.133575
2559.165,0.147615
2559.166,0.178815
2559.167,0.195585
2559.168,0.213135
2559.169,0.21411
2559.17,0.217815
2559.171,0.206895
2559.172,0.200655
2559.173,0.19968
2559.174,0.185835
2559.175,0.169455
2559.176,0.15795
2559.177,0.141375
2559.178,0.12070499999999999
2559.179,0.10803
2559.18,0.11739
2559.181,0.125385
2559.182,0.147615
2559.183,0.176475
2559.184,0.20377499999999998
2559.185,0.21021
2559.186,0.21255
2559.187,0.208455
2559.188,0.202995
2559.189,0.191295
2559.19,0.18193499999999999
2559.191,0.171015
2559.192,0.162435
2559.193,0.142545
2559.194,0.131235
2559.195,0.110175
2559.196,0.11271
2559.197,0.11660999999999999
2559.198,0.126555
2559.199,0.14547
2559.2,0.1833
2559.201,0.208455
2559.202,0.21996
2559.203,0.217815
2559.204,0.216255
2559.205,0.20592
2559.206,0.201435
2559.207,0.191295
2559.208,0.17277
2559.209,0.16419
2559.21,0.158145
2559.211,0.135135
2559.212,0.11680499999999999
2559.213,0.12050999999999999
2559.214,0.131235
2559.215,0.14859
2559.216,0.172575
2559.217,0.19812
2559.218,0.217425
2559.219,0.22074
2559.22,0.222495
2559.221,0.22035
2559.222,0.20787
2559.223,0.19851
2559.224,0.191295
2559.225,0.17628
2559.226,0.166335
2559.227,0.15288
2559.228,0.12714
2559.229,0.12050999999999999
2559.23,0.122655
2559.231,0.13494
2559.232,0.15170999999999998
2559.233,0.17901
2559.234,0.20592
2559.235,0.210015
2559.236,0.21606
2559.237,0.210015
2559.238,0.2028
2559.239,0.19851
2559.24,0.18914999999999998
2559.241,0.17628
2559.242,0.163215
2559.243,0.153855
2559.244,0.131235
2559.245,0.11388
2559.246,0.10178999999999999
2559.247,0.117975
2559.248,0.12675
2559.249,0.14235
2559.25,0.178815
2559.251,0.20357999999999998
2559.252,0.208455
2559.253,0.20631
2559.254,0.202215
2559.255,0.193245
2559.256,0.185055
2559.257,0.178035
2559.258,0.160875
2559.259,0.149175
2559.26,0.14235
2559.261,0.11290499999999999
2559.262,0.100815
2559.263,0.103935
2559.264,0.11427
2559.265,0.13143
2559.266,0.15795
2559.267,0.1872
2559.268,0.20592
2559.269,0.207675
2559.27,0.198705
2559.271,0.19636499999999998
2559.272,0.191295
2559.273,0.175695
2559.274,0.17004
2559.275,0.153855
2559.276,0.15288
2559.277,0.1248
2559.278,0.104715
2559.279,0.093015
2559.28,0.10296
2559.281,0.106275
2559.282,0.130455
2559.283,0.156195
2559.284,0.18291
2559.285,0.18914999999999998
2559.286,0.197535
2559.287,0.19539
2559.288,0.186615
2559.289,0.18291
2559.29,0.171405
2559.291,0.153855
2559.292,0.142155
2559.293,0.132015
2559.294,0.11583
2559.295,0.09009
2559.296,0.089115
2559.297,0.106275
2559.298,0.115635
2559.299,0.13104
2559.3,0.16575
2559.301,0.18895499999999998
2559.302,0.19734
2559.303,0.191295
2559.304,0.192465
2559.305,0.182715
2559.306,0.172575
2559.307,0.166335
2559.308,0.147615
2559.309,0.136695
2559.31,0.132795
2559.311,0.103545
2559.312,0.086775
2559.313,0.091455
2559.314,0.10413
2559.315,0.11622
2559.316,0.139035
2559.317,0.16652999999999998
2559.318,0.183495
2559.319,0.18914999999999998
2559.32,0.186615
2559.321,0.18173999999999998
2559.322,0.170625
2559.323,0.16575
2559.324,0.154635
2559.325,0.14429999999999998
2559.326,0.131235
2559.327,0.11115
2559.328,0.09555
2559.329,0.091845
2559.33,0.10062
2559.331,0.10491
2559.332,0.12636
2559.333,0.150735
2559.334,0.17393999999999998
2559.335,0.175695
2559.336,0.183105
2559.337,0.185055
2559.338,0.18291
2559.339,0.17043
2559.34,0.15795
2559.341,0.142935
2559.342,0.13377
2559.343,0.12363
2559.344,0.103935
2559.345,0.078975
2559.346,0.078975
2559.347,0.09067499999999999
2559.348,0.103935
2559.349,0.11622
2559.35,0.15483
2559.351,0.17043
2559.352,0.17901
2559.353,0.179205
2559.354,0.17355
2559.355,0.166335
2559.356,0.16302
2559.357,0.146445
2559.358,0.135135
2559.359,0.126555
2559.36,0.11934
2559.361,0.08268
2559.362,0.07566
2559.363,0.076635
2559.364,0.091455
2559.365,0.103935
2559.366,0.12519
2559.367,0.15288
2559.368,0.166335
2559.369,0.16419
2559.37,0.171405
2559.371,0.16263
2559.372,0.15327
2559.373,0.14547
2559.374,0.139815
2559.375,0.12558
2559.376,0.11329499999999999
2559.377,0.091455
2559.378,0.07254
2559.379,0.07059
2559.38,0.071175
2559.381,0.07917
2559.382,0.100815
2559.383,0.131235
2559.384,0.14781
2559.385,0.15015
2559.386,0.15931499999999998
2559.387,0.166335
2559.388,0.15678
2559.389,0.153465
2559.39,0.135135
2559.391,0.12050999999999999
2559.392,0.10881
2559.393,0.10062
2559.394,0.078975
2559.395,0.05499
2559.396,0.05187
2559.397,0.066495
2559.398,0.07878
2559.399,0.09555
2559.4,0.128895
2559.401,0.15327
2559.402,0.15327
2559.403,0.153855
2559.404,0.148785
2559.405,0.14079
2559.406,0.12986999999999999
2559.407,0.12675
2559.408,0.107835
2559.409,0.097695
2559.41,0.096135
2559.411,0.066495
2559.412,0.050115
2559.413,0.05421
2559.414,0.06279
2559.415,0.07878
2559.416,0.103155
2559.417,0.12675
2559.418,0.141375
2559.419,0.147615
2559.42,0.151515
2559.421,0.14157
2559.422,0.128895
2559.423,0.122655
2559.424,0.11427
2559.425,0.09555
2559.426,0.08326499999999999
2559.427,0.06591
2559.428,0.045825
2559.429,0.035295
2559.43,0.04563
2559.431,0.056549999999999996
2559.432,0.069615
2559.433,0.10686
2559.434,0.12012
2559.435,0.128895
2559.436,0.136695
2559.437,0.133575
2559.438,0.13182
2559.439,0.121095
2559.44,0.11329499999999999
2559.441,0.09789
2559.442,0.08775
2559.443,0.07585499999999999
2559.444,0.05694
2559.445,0.03627
2559.446,0.029055
2559.447,0.03939
2559.448,0.05772
2559.449,0.070395
2559.45,0.100815
2559.451,0.121095
2559.452,0.1287
2559.453,0.125775
2559.454,0.12012
2559.455,0.11739
2559.456,0.103545
2559.457,0.097695
2559.458,0.079365
2559.459,0.067275
2559.46,0.060254999999999996
2559.461,0.035295
2559.462,0.029055
2559.463,0.02535
2559.464,0.032955
2559.465,0.053235
2559.466,0.07878
2559.467,0.10803
2559.468,0.110175
2559.469,0.12050999999999999
2559.47,0.121485
2559.471,0.12050999999999999
2559.472,0.103935
2559.473,0.09555
2559.474,0.085995
2559.475,0.073125
2559.476,0.06279
2559.477,0.04329
2559.478,0.029055
2559.479,0.015795
2559.48,0.02496
2559.481,0.0312
2559.482,0.04992
2559.483,0.08268
2559.484,0.10178999999999999
2559.485,0.110175
2559.486,0.11583
2559.487,0.11309999999999999
2559.488,0.10803
2559.489,0.10023
2559.49,0.096135
2559.491,0.08112
2559.492,0.06493499999999999
2559.493,0.05811
2559.494,0.032175
2559.495,0.014624999999999999
2559.496,0.019695
2559.497,0.029055
2559.498,0.033345
2559.499,0.06396
2559.5,0.09711
2559.501,0.117585
2559.502,0.12519
2559.503,0.12168
2559.504,0.114075
2559.505,0.11232
2559.506,0.1014
2559.507,0.09048
2559.508,0.07917
2559.509,0.069615
2559.51,0.066495
2559.511,0.032565
2559.512,0.016575
2559.513,0.03003
2559.514,0.037245
2559.515,0.054015
2559.516,0.08307
2559.517,0.10764
2559.518,0.12050999999999999
2559.519,0.12986999999999999
2559.52,0.12363
2559.521,0.124995
2559.522,0.110955
2559.523,0.10178999999999999
2559.524,0.08326499999999999
2559.525,0.078195
2559.526,0.070785
2559.527,0.0507
2559.528,0.030615
2559.529,0.02496
2559.53,0.030615
2559.531,0.04563
2559.532,0.056549999999999996
2559.533,0.09243
2559.534,0.117195
2559.535,0.125775
2559.536,0.128115
2559.537,0.128895
2559.538,0.12050999999999999
2559.539,0.11232
2559.54,0.10198499999999999
2559.541,0.09067499999999999
2559.542,0.07878
2559.543,0.06591
2559.544,0.046605
2559.545,0.0312
2559.546,0.028274999999999998
2559.547,0.041535
2559.548,0.056355
2559.549,0.069615
2559.55,0.10335
2559.551,0.12792
2559.552,0.13494
2559.553,0.132015
2559.554,0.128895
2559.555,0.12246
2559.556,0.108225
2559.557,0.103935
2559.558,0.093015
2559.559,0.089115
2559.56,0.07585499999999999
2559.561,0.047775
2559.562,0.03939
2559.563,0.042315
2559.564,0.0507
2559.565,0.063375
2559.566,0.089115
2559.567,0.116415
2559.568,0.135135
2559.569,0.133575
2559.57,0.13688999999999998
2559.571,0.12947999999999998
2559.572,0.12031499999999999
2559.573,0.11622
2559.574,0.100815
2559.575,0.091065
2559.576,0.086775
2559.577,0.062009999999999996
2559.578,0.041535
2559.579,0.033345
2559.58,0.04056
2559.581,0.046215
2559.582,0.066495
2559.583,0.10374
2559.584,0.126555
2559.585,0.128895
2559.586,0.13611
2559.587,0.13299
2559.588,0.12792
2559.589,0.118365
2559.59,0.108615
2559.591,0.09457499999999999
2559.592,0.078975
2559.593,0.073905
2559.594,0.056355
2559.595,0.04056
2559.596,0.03159
2559.597,0.041535
2559.598,0.05811
2559.599,0.071175
2559.6,0.10764
2559.601,0.1326
2559.602,0.135135
2559.603,0.13299
2559.604,0.128895
2559.605,0.117975
2559.606,0.115635
2559.607,0.103935
2559.608,0.093015
2559.609,0.082875
2559.61,0.072735
2559.611,0.04563
2559.612,0.041535
2559.613,0.040755
2559.614,0.05343
2559.615,0.06357
2559.616,0.092625
2559.617,0.11660999999999999
2559.618,0.13377
2559.619,0.12909
2559.62,0.135135
2559.621,0.12986999999999999
2559.622,0.12129
2559.623,0.116415
2559.624,0.102375
2559.625,0.08931
2559.626,0.08307
2559.627,0.060645
2559.628,0.042315
2559.629,0.035295
2559.63,0.043484999999999996
2559.631,0.05382
2559.632,0.07137
2559.633,0.100035
2559.634,0.13299
2559.635,0.135135
2559.636,0.140595
2559.637,0.1404
2559.638,0.128115
2559.639,0.12031499999999999
2559.64,0.110565
2559.641,0.096525
2559.642,0.091455
2559.643,0.078975
2559.644,0.060254999999999996
2559.645,0.046605
2559.646,0.035295
2559.647,0.05187
2559.648,0.06747
2559.649,0.086775
2559.65,0.11739
2559.651,0.14118
2559.652,0.141765
2559.653,0.14235
2559.654,0.141765
2559.655,0.13299
2559.656,0.128115
2559.657,0.10803
2559.658,0.10178999999999999
2559.659,0.096915
2559.66,0.09048
2559.661,0.060254999999999996
2559.662,0.046215
2559.663,0.05031
2559.664,0.058695
2559.665,0.07371
2559.666,0.10491
2559.667,0.13533
2559.668,0.14625
2559.669,0.147615
2559.67,0.14859
2559.671,0.135525
2559.672,0.133965
2559.673,0.12986999999999999
2559.674,0.11427
2559.675,0.10178999999999999
2559.676,0.095355
2559.677,0.078
2559.678,0.056355
2559.679,0.05187
2559.68,0.061815
2559.681,0.0702
2559.682,0.09243
2559.683,0.12675
2559.684,0.14859
2559.685,0.154245
2559.686,0.156
2559.687,0.153855
2559.688,0.148395
2559.689,0.14547
2559.69,0.133575
2559.691,0.121095
2559.692,0.11544
2559.693,0.10413
2559.694,0.085215
2559.695,0.063375
2559.696,0.06747
2559.697,0.073125
2559.698,0.089115
2559.699,0.10764
2559.7,0.141375
2559.701,0.16419
2559.702,0.166335
2559.703,0.17043
2559.704,0.16652999999999998
2559.705,0.154245
2559.706,0.151515
2559.707,0.13611
2559.708,0.128895
2559.709,0.115635
2559.71,0.10608
2559.711,0.078
2559.712,0.06279
2559.713,0.070785
2559.714,0.082095
2559.715,0.09555
2559.716,0.1248
2559.717,0.15229499999999999
2559.718,0.16711499999999999
2559.719,0.172575
2559.72,0.17199
2559.721,0.166335
2559.722,0.158535
2559.723,0.150735
2559.724,0.13923
2559.725,0.12636
2559.726,0.11680499999999999
2559.727,0.10178999999999999
2559.728,0.07917
2559.729,0.074685
2559.73,0.078975
2559.731,0.095745
2559.732,0.11115
2559.733,0.145275
2559.734,0.16614
2559.735,0.16614
2559.736,0.167505
2559.737,0.169455
2559.738,0.157755
2559.739,0.153855
2559.74,0.14586
2559.741,0.132015
2559.742,0.114855
2559.743,0.10374
2559.744,0.08268
2559.745,0.068055
2559.746,0.066495
2559.747,0.07995
2559.748,0.09165
2559.749,0.116415
2559.75,0.14449499999999998
2559.751,0.16575
2559.752,0.1677
2559.753,0.16652999999999998
2559.754,0.163215
2559.755,0.15327
2559.756,0.151515
2559.757,0.13611
2559.758,0.121485
2559.759,0.11115
2559.76,0.10374
2559.761,0.071175
2559.762,0.066495
2559.763,0.07371
2559.764,0.085215
2559.765,0.097695
2559.766,0.121485
2559.767,0.156975
2559.768,0.16419
2559.769,0.170235
2559.77,0.16731
2559.771,0.16419
2559.772,0.156
2559.773,0.14547
2559.774,0.12986999999999999
2559.775,0.12246
2559.776,0.10803
2559.777,0.09086999999999999
2559.778,0.070395
2559.779,0.066495
2559.78,0.072735
2559.781,0.08268
2559.782,0.09633
2559.783,0.135135
2559.784,0.16224
2559.785,0.16575
2559.786,0.167895
2559.787,0.166335
2559.788,0.1599
2559.789,0.15756
2559.79,0.146445
2559.791,0.136695
2559.792,0.11505
2559.793,0.10803
2559.794,0.085215
2559.795,0.0702
2559.796,0.070395
2559.797,0.07995
2559.798,0.097695
2559.799,0.114075
2559.8,0.150345
2559.801,0.166335
2559.802,0.175695
2559.803,0.16672499999999998
2559.804,0.167895
2559.805,0.160485
2559.806,0.153855
2559.807,0.14235
2559.808,0.13143
2559.809,0.121095
2559.81,0.107835
2559.811,0.08307
2559.812,0.068055
2559.813,0.077025
2559.814,0.086775
2559.815,0.10491
2559.816,0.135135
2559.817,0.15795
2559.818,0.17628
2559.819,0.178815
2559.82,0.17901
2559.821,0.17355
2559.822,0.16224
2559.823,0.160095
2559.824,0.14898
2559.825,0.136305
2559.826,0.13182
2559.827,0.110175
2559.828,0.08931
2559.829,0.086775
2559.83,0.09457499999999999
2559.831,0.103935
2559.832,0.1248
2559.833,0.156
2559.834,0.178815
2559.835,0.18603
2559.836,0.1911
2559.837,0.191685
2559.838,0.18173999999999998
2559.839,0.178815
2559.84,0.16302
2559.841,0.149175
2559.842,0.13611
2559.843,0.126555
2559.844,0.11115
2559.845,0.091455
2559.846,0.091455
2559.847,0.10491
2559.848,0.11388
2559.849,0.13767
2559.85,0.17043
2559.851,0.18914999999999998
2559.852,0.19539
2559.853,0.19227
2559.854,0.191685
2559.855,0.18291
2559.856,0.17413499999999998
2559.857,0.17043
2559.858,0.15288
2559.859,0.142935
2559.86,0.128895
2559.861,0.10939499999999999
2559.862,0.100035
2559.863,0.103935
2559.864,0.11329499999999999
2559.865,0.13299
2559.866,0.15327
2559.867,0.18603
2559.868,0.195195
2559.869,0.19851
2559.87,0.20357999999999998
2559.871,0.19636499999999998
2559.872,0.18895499999999998
2559.873,0.178815
2559.874,0.17043
2559.875,0.156195
2559.876,0.14625
2559.877,0.13143
2559.878,0.10803
2559.879,0.110175
2559.88,0.117195
2559.881,0.126555
2559.882,0.138255
2559.883,0.17413499999999998
2559.884,0.20124
2559.885,0.210015
2559.886,0.21411
2559.887,0.210015
2559.888,0.20163
2559.889,0.201435
2559.89,0.191295
2559.891,0.17667
2559.892,0.16263
2559.893,0.15327
2559.894,0.14235
2559.895,0.1248
2559.896,0.121485
2559.897,0.132015
2559.898,0.14235
2559.899,0.172575
2559.9,0.20124
2559.901,0.219375
2559.902,0.224835
2559.903,0.222495
2559.904,0.21645
2559.905,0.21411
2559.906,0.2067
2559.907,0.200655
2559.908,0.18134999999999998
2559.909,0.16926
2559.91,0.16652999999999998
2559.911,0.138255
2559.912,0.128895
2559.913,0.133965
2559.914,0.14547
2559.915,0.156975
2559.916,0.19032
2559.917,0.216255
2559.918,0.22658999999999999
2559.919,0.22932
2559.92,0.22658999999999999
2559.921,0.2223
2559.922,0.219375
2559.923,0.20748
2559.924,0.195975
2559.925,0.18193499999999999
2559.926,0.171015
2559.927,0.15327
2559.928,0.13182
2559.929,0.1287
2559.93,0.131235
2559.931,0.14781
2559.932,0.163995
2559.933,0.195195
2559.934,0.219375
2559.935,0.22658999999999999
2559.936,0.231075
2559.937,0.228735
2559.938,0.216255
2559.939,0.21645
2559.94,0.20377499999999998
2559.941,0.183885
2559.942,0.17667
2559.943,0.170235
2559.944,0.146835
2559.945,0.129285
2559.946,0.128115
2559.947,0.133575
2559.948,0.150735
2559.949,0.172575
2559.95,0.20377499999999998
2559.951,0.223275
2559.952,0.231855
2559.953,0.22561499999999998
2559.954,0.22503
2559.955,0.216645
2559.956,0.20943
2559.957,0.20377499999999998
2559.958,0.183495
2559.959,0.176475
2559.96,0.15795
2559.961,0.133575
2559.962,0.12636
2559.963,0.131235
2559.964,0.141375
2559.965,0.155025
2559.966,0.18173999999999998
2559.967,0.20787
2559.968,0.223665
2559.969,0.228735
2559.97,0.22503
2559.971,0.21606
2559.972,0.21372
2559.973,0.19734
2559.974,0.186225
2559.975,0.1755
2559.976,0.17043
2559.977,0.149175
2559.978,0.13143
2559.979,0.12831
2559.98,0.139035
2559.981,0.141765
2559.982,0.15873
2559.983,0.19539
2559.984,0.21723
2559.985,0.22542
2559.986,0.228735
2559.987,0.22619999999999998
2559.988,0.224835
2559.989,0.21118499999999998
2559.99,0.20319
2559.991,0.185055
2559.992,0.172575
2559.993,0.16652999999999998
2559.994,0.145275
2559.995,0.12636
2559.996,0.128895
2559.997,0.13533
2559.998,0.15366
2559.999,0.17277
2560.0,0.20357999999999998
2560.001,0.21723
2560.002,0.22561499999999998
2560.003,0.228735
2560.004,0.227955
2560.005,0.216255
2560.006,0.20787
2560.007,0.197535
2560.008,0.18525
2560.009,0.178035
2560.01,0.160095
2560.011,0.13299
2560.012,0.128895
2560.013,0.1248
2560.014,0.138255
2560.015,0.15170999999999998
2560.016,0.18291
2560.017,0.208065
2560.018,0.22035
2560.019,0.22503
2560.02,0.222495
2560.021,0.217815
2560.022,0.20787
2560.023,0.20748
2560.024,0.18895499999999998
2560.025,0.17667
2560.026,0.168285
2560.027,0.15288
2560.028,0.133575
2560.029,0.13143
2560.03,0.13708499999999998
2560.031,0.14742
2560.032,0.163215
2560.033,0.19636499999999998
2560.034,0.216255
2560.035,0.220155
2560.036,0.22503
2560.037,0.223275
2560.038,0.217815
2560.039,0.20475
2560.04,0.20007
2560.041,0.18193499999999999
2560.042,0.173745
2560.043,0.17043
2560.044,0.139425
2560.045,0.12675
2560.046,0.13104
2560.047,0.136305
2560.048,0.147615
2560.049,0.1677
2560.05,0.19851
2560.051,0.21294
2560.052,0.217815
2560.053,0.220935
2560.054,0.208065
2560.055,0.20319
2560.056,0.197535
2560.057,0.185055
2560.058,0.172575
2560.059,0.16419
2560.06,0.15132
2560.061,0.1248
2560.062,0.11934
2560.063,0.123825
2560.064,0.13611
2560.065,0.14547
2560.066,0.17979
2560.067,0.21098999999999998
2560.068,0.217425
2560.069,0.217815
2560.07,0.21801
2560.071,0.208845
2560.072,0.20592
2560.073,0.19383
2560.074,0.185055
2560.075,0.17043
2560.076,0.15795
2560.077,0.141765
2560.078,0.12050999999999999
2560.079,0.115635
2560.08,0.126555
2560.081,0.13611
2560.082,0.149175
2560.083,0.182715
2560.084,0.213135
2560.085,0.21645
2560.086,0.20865
2560.087,0.21411
2560.088,0.209625
2560.089,0.19734
2560.09,0.18914999999999998
2560.091,0.172575
2560.092,0.17043
2560.093,0.15366
2560.094,0.12967499999999998
2560.095,0.11622
2560.096,0.11622
2560.097,0.12285
2560.098,0.141375
2560.099,0.166335
2560.1,0.191295
2560.101,0.20357999999999998
2560.102,0.21216
2560.103,0.21606
2560.104,0.20787
2560.105,0.20319
2560.106,0.192465
2560.107,0.18252
2560.108,0.170625
2560.109,0.157755
2560.11,0.14313
2560.111,0.12421499999999999
2560.112,0.11232
2560.113,0.11583
2560.114,0.127335
2560.115,0.14079
2560.116,0.166335
2560.117,0.192465
2560.118,0.210405
2560.119,0.205335
2560.12,0.21079499999999998
2560.121,0.195975
2560.122,0.193635
2560.123,0.185055
2560.124,0.17355
2560.125,0.16224
2560.126,0.157755
2560.127,0.13494
2560.128,0.115635
2560.129,0.108225
2560.13,0.11817
2560.131,0.128895
2560.132,0.142935
2560.133,0.18096
2560.134,0.2028
2560.135,0.208065
2560.136,0.20982
2560.137,0.21255
2560.138,0.199875
2560.139,0.191685
2560.14,0.18603
2560.141,0.17238
2560.142,0.16614
2560.143,0.15327
2560.144,0.128895
2560.145,0.117975
2560.146,0.116415
2560.147,0.128895
2560.148,0.135135
2560.149,0.16672499999999998
2560.15,0.18934499999999999
2560.151,0.21079499999999998
2560.152,0.20787
2560.153,0.20416499999999999
2560.154,0.2067
2560.155,0.197535
2560.156,0.191295
2560.157,0.18291
2560.158,0.16575
2560.159,0.15483
2560.16,0.141375
2560.161,0.116415
2560.162,0.10217999999999999
2560.163,0.114465
2560.164,0.118365
2560.165,0.135135
2560.166,0.16536
2560.167,0.19032
2560.168,0.2028
2560.169,0.2067
2560.17,0.20748
2560.171,0.19539
2560.172,0.19071
2560.173,0.178815
2560.174,0.167895
2560.175,0.160875
2560.176,0.14547
2560.177,0.12675
2560.178,0.11388
2560.179,0.10647
2560.18,0.114855
2560.181,0.12519
2560.182,0.13923
2560.183,0.17355
2560.184,0.19812
2560.185,0.20046
2560.186,0.2067
2560.187,0.20124
2560.188,0.18603
2560.189,0.18193499999999999
2560.19,0.178035
2560.191,0.16419
2560.192,0.147615
2560.193,0.139815
2560.194,0.116415
2560.195,0.10062
2560.196,0.10803
2560.197,0.110175
2560.198,0.131235
2560.199,0.157365
2560.2,0.18875999999999998
2560.201,0.201435
2560.202,0.20357999999999998
2560.203,0.208065
2560.204,0.20592
2560.205,0.20124
2560.206,0.19227
2560.207,0.18642
2560.208,0.17121
2560.209,0.16029
2560.21,0.147615
2560.211,0.12207
2560.212,0.11427
2560.213,0.119535
2560.214,0.13455
2560.215,0.148395
2560.216,0.17121
2560.217,0.201435
2560.218,0.21567
2560.219,0.220545
2560.22,0.21567
2560.221,0.20787
2560.222,0.195975
2560.223,0.19344
2560.224,0.1794
2560.225,0.168285
2560.226,0.15678
2560.227,0.14508
2560.228,0.12050999999999999
2560.229,0.114075
2560.23,0.125775
2560.231,0.135135
2560.232,0.149565
2560.233,0.183495
2560.234,0.21216
2560.235,0.21606
2560.236,0.217035
2560.237,0.220155
2560.238,0.206895
2560.239,0.20592
2560.24,0.191295
2560.241,0.174915
2560.242,0.16419
2560.243,0.15756
2560.244,0.12675
2560.245,0.11544
2560.246,0.11739
2560.247,0.125775
2560.248,0.14508
2560.249,0.162045
2560.25,0.18798
2560.251,0.20787
2560.252,0.21528
2560.253,0.21528
2560.254,0.210015
2560.255,0.19851
2560.256,0.19071
2560.257,0.18895499999999998
2560.258,0.16672499999999998
2560.259,0.153855
2560.26,0.14118
2560.261,0.117975
2560.262,0.10549499999999999
2560.263,0.11309999999999999
2560.264,0.117975
2560.265,0.135135
2560.266,0.16575
2560.267,0.19032
2560.268,0.195195
2560.269,0.20748
2560.27,0.20163
2560.271,0.199875
2560.272,0.185055
2560.273,0.178815
2560.274,0.166335
2560.275,0.15911999999999998
2560.276,0.149175
2560.277,0.12909
2560.278,0.103935
2560.279,0.10647
2560.28,0.11427
2560.281,0.12031499999999999
2560.282,0.13923
2560.283,0.172575
2560.284,0.199095
2560.285,0.20377499999999998
2560.286,0.206115
2560.287,0.20124
2560.288,0.19539
2560.289,0.18525
2560.29,0.17199
2560.291,0.166335
2560.292,0.151515
2560.293,0.142935
2560.294,0.11622
2560.295,0.100035
2560.296,0.10491
2560.297,0.11329499999999999
2560.298,0.12519
2560.299,0.15288
2560.3,0.17706
2560.301,0.19539
2560.302,0.20787
2560.303,0.20357999999999998
2560.304,0.19734
2560.305,0.19032
2560.306,0.178815
2560.307,0.171015
2560.308,0.149565
2560.309,0.14547
2560.31,0.125775
2560.311,0.107055
2560.312,0.100035
2560.313,0.100815
2560.314,0.107835
2560.315,0.12285
2560.316,0.158145
2560.317,0.178815
2560.318,0.186225
2560.319,0.193245
2560.32,0.192465
2560.321,0.18291
2560.322,0.178815
2560.323,0.163995
2560.324,0.15170999999999998
2560.325,0.13884
2560.326,0.128895
2560.327,0.110175
2560.328,0.08619
2560.329,0.082095
2560.33,0.09243
2560.331,0.109005
2560.332,0.12050999999999999
2560.333,0.157755
2560.334,0.180375
2560.335,0.183495
2560.336,0.189735
2560.337,0.18193499999999999
2560.338,0.17277
2560.339,0.17043
2560.34,0.16224
2560.341,0.145665
2560.342,0.13377
2560.343,0.12831
2560.344,0.10764
2560.345,0.086775
2560.346,0.08931
2560.347,0.096135
2560.348,0.10764
2560.349,0.13533
2560.35,0.167895
2560.351,0.17667
2560.352,0.18134999999999998
2560.353,0.18603
2560.354,0.17979
2560.355,0.171405
2560.356,0.166335
2560.357,0.156
2560.358,0.136305
2560.359,0.12831
2560.36,0.109005
2560.361,0.09126
2560.362,0.07371
2560.363,0.082875
2560.364,0.09165
2560.365,0.107055
2560.366,0.135135
2560.367,0.158535
2560.368,0.165555
2560.369,0.175695
2560.37,0.171015
2560.371,0.166335
2560.372,0.160875
2560.373,0.151515
2560.374,0.13533
2560.375,0.12986999999999999
2560.376,0.11388
2560.377,0.09555
2560.378,0.072735
2560.379,0.06747
2560.38,0.078975
2560.381,0.0858
2560.382,0.101595
2560.383,0.14118
2560.384,0.16575
2560.385,0.167895
2560.386,0.167505
2560.387,0.164775
2560.388,0.156975
2560.389,0.15678
2560.39,0.14547
2560.391,0.128115
2560.392,0.116025
2560.393,0.10608
2560.394,0.082095
2560.395,0.06396
2560.396,0.068055
2560.397,0.072735
2560.398,0.09067499999999999
2560.399,0.1248
2560.4,0.147615
2560.401,0.164385
2560.402,0.170235
2560.403,0.16887
2560.404,0.166335
2560.405,0.153855
2560.406,0.14859
2560.407,0.13377
2560.408,0.12012
2560.409,0.11622
2560.41,0.09516
2560.411,0.07585499999999999
2560.412,0.066495
2560.413,0.074295
2560.414,0.082875
2560.415,0.097695
2560.416,0.12675
2560.417,0.14937
2560.418,0.15795
2560.419,0.16575
2560.42,0.16302
2560.421,0.161655
2560.422,0.153855
2560.423,0.14157
2560.424,0.12986999999999999
2560.425,0.119535
2560.426,0.11388
2560.427,0.088335
2560.428,0.06942
2560.429,0.069615
2560.43,0.07644
2560.431,0.086385
2560.432,0.10374
2560.433,0.13923
2560.434,0.153855
2560.435,0.16731
2560.436,0.163215
2560.437,0.15795
2560.438,0.153855
2560.439,0.141375
2560.44,0.13708499999999998
2560.441,0.12675
2560.442,0.110175
2560.443,0.095745
2560.444,0.078975
2560.445,0.05811
2560.446,0.061425
2560.447,0.07059
2560.448,0.089505
2560.449,0.11583
2560.45,0.13884
2560.451,0.156195
2560.452,0.15756
2560.453,0.153855
2560.454,0.15366
2560.455,0.141765
2560.456,0.138255
2560.457,0.12986999999999999
2560.458,0.11037
2560.459,0.10608
2560.46,0.083655
2560.461,0.063375
2560.462,0.05499
2560.463,0.06591
2560.464,0.071175
2560.465,0.08931
2560.466,0.118365
2560.467,0.14781
2560.468,0.150735
2560.469,0.15678
2560.47,0.15483
2560.471,0.14547
2560.472,0.143715
2560.473,0.134355
2560.474,0.11309999999999999
2560.475,0.10062
2560.476,0.091455
2560.477,0.078975
2560.478,0.05616
2560.479,0.05499
2560.48,0.0624
2560.481,0.07293
2560.482,0.08775
2560.483,0.12031499999999999
2560.484,0.14157
2560.485,0.14547
2560.486,0.153855
2560.487,0.14449499999999998
2560.488,0.133185
2560.489,0.1287
2560.49,0.12519
2560.491,0.11309999999999999
2560.492,0.095745
2560.493,0.091455
2560.494,0.066885
2560.495,0.05304
2560.496,0.05811
2560.497,0.06591
2560.498,0.078195
2560.499,0.10335
2560.5,0.131235
2560.501,0.149175
2560.502,0.153075
2560.503,0.153855
2560.504,0.149175
2560.505,0.14118
2560.506,0.128895
2560.507,0.12070499999999999
2560.508,0.108615
2560.509,0.103155
2560.51,0.07683
2560.511,0.05811
2560.512,0.050115
2560.513,0.058695
2560.514,0.069615
2560.515,0.084045
2560.516,0.11544
2560.517,0.1404
2560.518,0.14625
2560.519,0.15132
2560.52,0.15288
2560.521,0.147615
2560.522,0.13611
2560.523,0.1326
2560.524,0.11329499999999999
2560.525,0.10686
2560.526,0.09555
2560.527,0.08268
2560.528,0.05811
2560.529,0.051675
2560.53,0.066885
2560.531,0.073125
2560.532,0.09086999999999999
2560.533,0.132015
2560.534,0.15483
2560.535,0.1599
2560.536,0.157755
2560.537,0.15366
2560.538,0.150735
2560.539,0.1404
2560.54,0.134745
2560.541,0.11544
2560.542,0.108615
2560.543,0.100035
2560.544,0.068055
2560.545,0.05811
2560.546,0.06396
2560.547,0.07566
2560.548,0.085215
2560.549,0.110175
2560.55,0.14118
2560.551,0.153855
2560.552,0.156975
2560.553,0.15366
2560.554,0.15209999999999999
2560.555,0.142545
2560.556,0.13923
2560.557,0.1287
2560.558,0.11427
2560.559,0.10803
2560.56,0.081705
2560.561,0.065715
2560.562,0.05616
2560.563,0.066885
2560.564,0.07371
2560.565,0.09321
2560.566,0.121095
2560.567,0.148005
2560.568,0.148785
2560.569,0.158535
2560.57,0.158145
2560.571,0.149175
2560.572,0.139035
2560.573,0.136305
2560.574,0.121095
2560.575,0.10647
2560.576,0.096135
2560.577,0.07644
2560.578,0.058695
2560.579,0.057915
2560.58,0.06747
2560.581,0.07878
2560.582,0.095355
2560.583,0.132015
2560.584,0.153855
2560.585,0.1599
2560.586,0.15639
2560.587,0.15639
2560.588,0.14547
2560.589,0.141375
2560.59,0.1326
2560.591,0.11739
2560.592,0.10881
2560.593,0.10178999999999999
2560.594,0.072735
2560.595,0.054015
2560.596,0.0624
2560.597,0.071565
2560.598,0.08307
2560.599,0.114075
2560.6,0.14118
2560.601,0.153855
2560.602,0.154245
2560.603,0.1599
2560.604,0.15170999999999998
2560.605,0.145275
2560.606,0.138255
2560.607,0.13182
2560.608,0.11660999999999999
2560.609,0.10803
2560.61,0.087555
2560.611,0.066495
2560.612,0.06318
2560.613,0.071955
2560.614,0.079365
2560.615,0.09555
2560.616,0.12363
2560.617,0.153075
2560.618,0.15190499999999998
2560.619,0.16419
2560.62,0.156975
2560.621,0.153855
2560.622,0.14508
2560.623,0.139035
2560.624,0.123045
2560.625,0.112515
2560.626,0.10178999999999999
2560.627,0.085995
2560.628,0.06045
2560.629,0.062595
2560.63,0.07176
2560.631,0.08307
2560.632,0.10062
2560.633,0.135135
2560.634,0.157755
2560.635,0.163215
2560.636,0.157755
2560.637,0.158535
2560.638,0.153075
2560.639,0.141375
2560.64,0.1287
2560.641,0.11329499999999999
2560.642,0.103545
2560.643,0.09086999999999999
2560.644,0.064155
2560.645,0.054015
2560.646,0.05772
2560.647,0.064155
2560.648,0.08151
2560.649,0.104325
2560.65,0.1326
2560.651,0.14449499999999998
2560.652,0.145275
2560.653,0.146055
2560.654,0.139425
2560.655,0.13455
2560.656,0.12363
2560.657,0.11329499999999999
2560.658,0.097695
2560.659,0.085215
2560.66,0.0663
2560.661,0.050115
2560.662,0.04095
2560.663,0.045434999999999996
2560.664,0.05343
2560.665,0.06747
2560.666,0.09555
2560.667,0.121095
2560.668,0.13299
2560.669,0.135525
2560.67,0.1365
2560.671,0.12792
2560.672,0.12070499999999999
2560.673,0.10686
2560.674,0.09555
2560.675,0.07917
2560.676,0.072735
2560.677,0.05382
2560.678,0.03315
2560.679,0.029249999999999998
2560.68,0.03666
2560.681,0.05304
2560.682,0.070395
2560.683,0.100815
2560.684,0.12012
2560.685,0.12636
2560.686,0.125775
2560.687,0.11739
2560.688,0.107055
2560.689,0.103935
2560.69,0.09086999999999999
2560.691,0.077025
2560.692,0.063375
2560.693,0.05382
2560.694,0.033735
2560.695,0.016575
2560.696,0.01599
2560.697,0.02847
2560.698,0.04251
2560.699,0.070395
2560.7,0.095745
2560.701,0.10998
2560.702,0.11309999999999999
2560.703,0.11309999999999999
2560.704,0.108615
2560.705,0.100035
2560.706,0.091455
2560.707,0.083655
2560.708,0.06435
2560.709,0.058695
2560.71,0.035295
2560.711,0.019695
2560.712,0.00819
2560.713,0.01755
2560.714,0.03198
2560.715,0.038415
2560.716,0.07293
2560.717,0.10062
2560.718,0.10062
2560.719,0.107055
2560.72,0.10881
2560.721,0.098475
2560.722,0.096915
2560.723,0.08502
2560.724,0.072735
2560.725,0.05694
2560.726,0.050894999999999996
2560.727,0.03198
2560.728,0.00507
2560.729,0.008775
2560.73,0.0156
2560.731,0.029055
2560.732,0.043095
2560.733,0.076245
2560.734,0.092625
2560.735,0.10608
2560.736,0.102375
2560.737,0.09984
2560.738,0.087945
2560.739,0.08326499999999999
2560.74,0.075075
2560.741,0.05811
2560.742,0.04524
2560.743,0.03939
2560.744,0.010725
2560.745,-0.0042899999999999995
2560.746,-0.0042899999999999995
2560.747,0.00702
2560.748,0.02067
2560.749,0.0507
2560.75,0.072735
2560.751,0.086385
2560.752,0.093405
2560.753,0.09204
2560.754,0.085215
2560.755,0.078975
2560.756,0.06747
2560.757,0.06435
2560.758,0.04056
2560.759,0.035295
2560.76,0.00819
2560.761,-0.014235
2560.762,-0.01677
2560.763,-0.011505
2560.764,0.007995
2560.765,0.018135
2560.766,0.056355
2560.767,0.078975
2560.768,0.08307
2560.769,0.085215
2560.77,0.085215
2560.771,0.074685
2560.772,0.06435
2560.773,0.057135
2560.774,0.047775
2560.775,0.02769
2560.776,0.021255
2560.777,0.00507
2560.778,-0.01677
2560.779,-0.02301
2560.78,-0.01053
2560.781,0.00507
2560.782,0.01599
2560.783,0.054015
2560.784,0.078975
2560.785,0.085215
2560.786,0.078975
2560.787,0.07878
2560.788,0.07137
2560.789,0.06435
2560.79,0.05889
2560.791,0.041535
2560.792,0.02886
2560.793,0.02574
2560.794,0.002535
2560.795,-0.02067
2560.796,-0.01092
2560.797,0.00156
2560.798,0.015015
2560.799,0.037245
2560.8,0.06844499999999999
2560.801,0.09048
2560.802,0.08814
2560.803,0.09321
2560.804,0.08385
2560.805,0.077025
2560.806,0.066105
2560.807,0.063375
2560.808,0.050115
2560.809,0.039195
2560.81,0.02028
2560.811,-0.01053
2560.812,-0.008385
2560.813,-0.00585
2560.814,0.011115
2560.815,0.031395
2560.816,0.06006
2560.817,0.092625
2560.818,0.08619
2560.819,0.1014
2560.82,0.091455
2560.821,0.08385
2560.822,0.07585499999999999
2560.823,0.07059
2560.824,0.058695
2560.825,0.05304
2560.826,0.04095
2560.827,0.023205
2560.828,0.001755
2560.829,0.00039
2560.83,0.014235
2560.831,0.02652
2560.832,0.04329
2560.833,0.078975
2560.834,0.097695
2560.835,0.10803
2560.836,0.103935
2560.837,0.101595
2560.838,0.091455
2560.839,0.08658
2560.84,0.07683
2560.841,0.06396
2560.842,0.05616
2560.843,0.04563
2560.844,0.018135
2560.845,0.005655
2560.846,0.016965
2560.847,0.02535
2560.848,0.037245
2560.849,0.06747
2560.85,0.09165
2560.851,0.10764
2560.852,0.10803
2560.853,0.108225
2560.854,0.10062
2560.855,0.100815
2560.856,0.08931
2560.857,0.08112
2560.858,0.067275
2560.859,0.057915
2560.86,0.03315
2560.861,0.02067
2560.862,0.010335
2560.863,0.01755
2560.864,0.032955
2560.865,0.046605
2560.866,0.070785
2560.867,0.1014
2560.868,0.10178999999999999
2560.869,0.11427
2560.87,0.10998
2560.871,0.10374
2560.872,0.09516
2560.873,0.08892
2560.874,0.07644
2560.875,0.0663
2560.876,0.054599999999999996
2560.877,0.029445
2560.878,0.01287
2560.879,0.016575
2560.88,0.02886
2560.881,0.041535
2560.882,0.055185
2560.883,0.091455
2560.884,0.111345
2560.885,0.12050999999999999
2560.886,0.116415
2560.887,0.121095
2560.888,0.107835
2560.889,0.10939499999999999
2560.89,0.09048
2560.891,0.078195
2560.892,0.070395
2560.893,0.061425
2560.894,0.03393
2560.895,0.02574
2560.896,0.029055
2560.897,0.039195
2560.898,0.05694
2560.899,0.08326499999999999
2560.9,0.11271
2560.901,0.12636
2560.902,0.1326
2560.903,0.1287
2560.904,0.12363
2560.905,0.11680499999999999
2560.906,0.108615
2560.907,0.10198499999999999
2560.908,0.086775
2560.909,0.08326499999999999
2560.91,0.06473999999999999
2560.911,0.045434999999999996
2560.912,0.033735
2560.913,0.04095
2560.914,0.050894999999999996
2560.915,0.066495
2560.916,0.09555
2560.917,0.1248
2560.918,0.13611
2560.919,0.13923
2560.92,0.136695
2560.921,0.13299
2560.922,0.125775
2560.923,0.123045
2560.924,0.110955
2560.925,0.097695
2560.926,0.09048
2560.927,0.062595
2560.928,0.04563
2560.929,0.041925
2560.93,0.051675
2560.931,0.06903
2560.932,0.085215
2560.933,0.11427
2560.934,0.136695
2560.935,0.146055
2560.936,0.149175
2560.937,0.142935
2560.938,0.13299
2560.939,0.12675
2560.94,0.119535
2560.941,0.103155
2560.942,0.09633
2560.943,0.088335
2560.944,0.06123
2560.945,0.05148
2560.946,0.05811
2560.947,0.06396
2560.948,0.07917
2560.949,0.107055
2560.95,0.132015
2560.951,0.15054
2560.952,0.15190499999999998
2560.953,0.156
2560.954,0.153855
2560.955,0.14313
2560.956,0.128895
2560.957,0.12636
2560.958,0.11232
2560.959,0.100035
2560.96,0.08307
2560.961,0.060254999999999996
2560.962,0.058695
2560.963,0.068055
2560.964,0.078
2560.965,0.09516
2560.966,0.126555
2560.967,0.156195
2560.968,0.153855
2560.969,0.160095
2560.97,0.16107
2560.971,0.153075
2560.972,0.14547
2560.973,0.135135
2560.974,0.12792
2560.975,0.116415
2560.976,0.10217999999999999
2560.977,0.088335
2560.978,0.060254999999999996
2560.979,0.060645
2560.98,0.077415
2560.981,0.089115
2560.982,0.107055
2560.983,0.138255
2560.984,0.16029
2560.985,0.167895
2560.986,0.16536
2560.987,0.16302
2560.988,0.158145
2560.989,0.153855
2560.99,0.14508
2560.991,0.12909
2560.992,0.118365
2560.993,0.110175
2560.994,0.085605
2560.995,0.065715
2560.996,0.078975
2560.997,0.09067499999999999
2560.998,0.100425
2560.999,0.128115
2561.0,0.15483
2561.001,0.169455
2561.002,0.17784
2561.003,0.17413499999999998
2561.004,0.17413499999999998
2561.005,0.16185
2561.006,0.153855
2561.007,0.14859
2561.008,0.135135
2561.009,0.122655
2561.01,0.106275
2561.011,0.082875
2561.012,0.078975
2561.013,0.08112
2561.014,0.095745
2561.015,0.11309999999999999
2561.016,0.14859
2561.017,0.175695
2561.018,0.178815
2561.019,0.18603
2561.02,0.183885
2561.021,0.17432999999999998
2561.022,0.171405
2561.023,0.160875
2561.024,0.15170999999999998
2561.025,0.141375
2561.026,0.128895
2561.027,0.10647
2561.028,0.091845
2561.029,0.09243
2561.03,0.10608
2561.031,0.11271
2561.032,0.13299
2561.033,0.16672499999999998
2561.034,0.19032
2561.035,0.195585
2561.036,0.19578
2561.037,0.19227
2561.038,0.183495
2561.039,0.17589
2561.04,0.16224
2561.041,0.147615
2561.042,0.14157
2561.043,0.135135
2561.044,0.107055
2561.045,0.093015
2561.046,0.10062
2561.047,0.114075
2561.048,0.122655
2561.049,0.147615
2561.05,0.17862
2561.051,0.191295
2561.052,0.195
2561.053,0.195975
2561.054,0.184665
2561.055,0.178815
2561.056,0.167895
2561.057,0.16302
2561.058,0.147615
2561.059,0.141375
2561.06,0.1248
2561.061,0.10491
2561.062,0.09867
2561.063,0.107055
2561.064,0.11544
2561.065,0.1287
2561.066,0.16224
2561.067,0.183105
2561.068,0.19071
2561.069,0.20046
2561.07,0.19539
2561.071,0.191685
2561.072,0.182715
2561.073,0.168285
2561.074,0.15950999999999999
2561.075,0.149175
2561.076,0.1404
2561.077,0.12012
2561.078,0.10335
2561.079,0.10062
2561.08,0.106665
2561.081,0.12792
2561.082,0.14547
2561.083,0.172575
2561.084,0.19539
2561.085,0.197535
2561.086,0.202215
2561.087,0.19227
2561.088,0.183495
2561.089,0.176865
2561.09,0.168675
2561.091,0.153855
2561.092,0.142155
2561.093,0.13455
2561.094,0.10647
2561.095,0.103935
2561.096,0.097695
2561.097,0.114075
2561.098,0.12636
2561.099,0.15366
2561.1,0.185055
2561.101,0.19734
2561.102,0.20163
2561.103,0.19851
2561.104,0.195585
2561.105,0.188175
2561.106,0.178815
2561.107,0.17667
2561.108,0.156975
2561.109,0.149955
2561.11,0.128115
2561.111,0.107055
2561.112,0.097695
2561.113,0.11680499999999999
2561.114,0.126555
2561.115,0.139035
2561.116,0.17511
2561.117,0.197535
2561.118,0.20046
2561.119,0.208065
2561.12,0.201825
2561.121,0.19636499999999998
2561.122,0.18914999999999998
2561.123,0.18134999999999998
2561.124,0.170235
2561.125,0.154245
2561.126,0.15366
2561.127,0.13104
2561.128,0.10803
2561.129,0.110175
2561.13,0.1248
2561.131,0.133185
2561.132,0.154245
2561.133,0.192075
2561.134,0.206895
2561.135,0.21528
2561.136,0.21411
2561.137,0.214695
2561.138,0.206895
2561.139,0.19539
2561.14,0.191685
2561.141,0.17823
2561.142,0.16614
2561.143,0.15873
2561.144,0.12753
2561.145,0.11309999999999999
2561.146,0.12675
2561.147,0.138255
2561.148,0.15327
2561.149,0.17667
2561.15,0.20787
2561.151,0.22035
2561.152,0.22658999999999999
2561.153,0.221325
2561.154,0.21567
2561.155,0.213915
2561.156,0.200655
2561.157,0.195
2561.158,0.17862
2561.159,0.16672499999999998
2561.16,0.148785
2561.161,0.13182
2561.162,0.128115
2561.163,0.135135
2561.164,0.14547
2561.165,0.158535
2561.166,0.19539
2561.167,0.220935
2561.168,0.22639499999999999
2561.169,0.22854
2561.17,0.227955
2561.171,0.222495
2561.172,0.21723
2561.173,0.207675
2561.174,0.192855
2561.175,0.18837
2561.176,0.17199
2561.177,0.148785
2561.178,0.13143
2561.179,0.133575
2561.18,0.148005
2561.181,0.160875
2561.182,0.18252
2561.183,0.21820499999999998
2561.184,0.232635
2561.185,0.236145
2561.186,0.23595
2561.187,0.229905
2561.188,0.220935
2561.189,0.213135
2561.19,0.20163
2561.191,0.19851
2561.192,0.184665
2561.193,0.176475
2561.194,0.15170999999999998
2561.195,0.14079
2561.196,0.141765
2561.197,0.15795
2561.198,0.167505
2561.199,0.195195
2561.2,0.22542
2561.201,0.235365
2561.202,0.234975
2561.203,0.234975
2561.204,0.23166
2561.205,0.22074
2561.206,0.219375
2561.207,0.20475
2561.208,0.19461
2561.209,0.18193499999999999
2561.21,0.166335
2561.211,0.14547
2561.212,0.14235
2561.213,0.148005
2561.214,0.163995
2561.215,0.172575
2561.216,0.21098999999999998
2561.217,0.23341499999999998
2561.218,0.23673
2561.219,0.24492
2561.22,0.23907
2561.221,0.23517
2561.222,0.23399999999999999
2561.223,0.21645
2561.224,0.202215
2561.225,0.195975
2561.226,0.178815
2561.227,0.160095
2561.228,0.145665
2561.229,0.145665
2561.23,0.156975
2561.231,0.17004
2561.232,0.187005
2561.233,0.22035
2561.234,0.235755
2561.235,0.2496
2561.236,0.24492
2561.237,0.234975
2561.238,0.234975
2561.239,0.22542
2561.24,0.21762
2561.241,0.20163
2561.242,0.191295
2561.243,0.17823
2561.244,0.154245
2561.245,0.147615
2561.246,0.148785
2561.247,0.158145
2561.248,0.17043
2561.249,0.19539
2561.25,0.22854
2561.251,0.24492
2561.252,0.24121499999999998
2561.253,0.24453
2561.254,0.24101999999999998
2561.255,0.236145
2561.256,0.215475
2561.257,0.213915
2561.258,0.20377499999999998
2561.259,0.1911
2561.26,0.164775
2561.261,0.146055
2561.262,0.146055
2561.263,0.14781
2561.264,0.160095
2561.265,0.176475
2561.266,0.214695
2561.267,0.23907
2561.268,0.235755
2561.269,0.2496
2561.27,0.236535
2561.271,0.23751
2561.272,0.223665
2561.273,0.21996
2561.274,0.20377499999999998
2561.275,0.193245
2561.276,0.183495
2561.277,0.16614
2561.278,0.14547
2561.279,0.142155
2561.28,0.166335
2561.281,0.17043
2561.282,0.20007
2561.283,0.227955
2561.284,0.24101999999999998
2561.285,0.24297
2561.286,0.242385
2561.287,0.234975
2561.288,0.230295
2561.289,0.222105
2561.29,0.21411
2561.291,0.194415
2561.292,0.185055
2561.293,0.178035
2561.294,0.149175
2561.295,0.13708499999999998
2561.296,0.14313
2561.297,0.156
2561.298,0.168285
2561.299,0.195975
2561.3,0.222495
2561.301,0.23283
2561.302,0.23907
2561.303,0.234975
2561.304,0.22658999999999999
2561.305,0.21723
2561.306,0.208845
2561.307,0.20046
2561.308,0.18173999999999998
2561.309,0.171015
2561.31,0.15639
2561.311,0.133965
2561.312,0.128895
2561.313,0.13299
2561.314,0.14742
2561.315,0.158535
2561.316,0.195195
2561.317,0.21645
2561.318,0.222105
2561.319,0.228735
2561.32,0.222495
2561.321,0.206895
2561.322,0.20163
2561.323,0.192855
2561.324,0.1755
2561.325,0.166335
2561.326,0.14859
2561.327,0.131235
2561.328,0.115635
2561.329,0.115635
2561.33,0.11427
2561.331,0.13182
2561.332,0.15795
2561.333,0.185055
2561.334,0.20592
2561.335,0.2067
2561.336,0.210015
2561.337,0.20787
2561.338,0.195975
2561.339,0.191295
2561.34,0.178815
2561.341,0.166335
2561.342,0.158145
2561.343,0.14547
2561.344,0.121095
2561.345,0.11544
2561.346,0.122655
2561.347,0.1326
2561.348,0.14508
2561.349,0.17628
2561.35,0.20319
2561.351,0.21294
2561.352,0.21294
2561.353,0.216255
2561.354,0.20787
2561.355,0.20357999999999998
2561.356,0.192855
2561.357,0.18291
2561.358,0.169455
2561.359,0.16419
2561.36,0.141375
2561.361,0.122655
2561.362,0.111345
2561.363,0.12050999999999999
2561.364,0.13182
2561.365,0.147615
2561.366,0.18134999999999998
2561.367,0.201825
2561.368,0.207675
2561.369,0.21372
2561.37,0.21411
2561.371,0.20163
2561.372,0.19675499999999999
2561.373,0.18369
2561.374,0.172575
2561.375,0.1638
2561.376,0.15366
2561.377,0.1287
2561.378,0.115635
2561.379,0.117585
2561.38,0.1248
2561.381,0.141375
2561.382,0.16302
2561.383,0.19149
2561.384,0.202215
2561.385,0.21372
2561.386,0.215475
2561.387,0.207675
2561.388,0.19539
2561.389,0.195585
2561.39,0.18525
2561.391,0.16575
2561.392,0.15795
2561.393,0.14547
2561.394,0.11934
2561.395,0.107055
2561.396,0.11232
2561.397,0.12050999999999999
2561.398,0.136695
2561.399,0.16731
2561.4,0.18447
2561.401,0.195585
2561.402,0.200265
2561.403,0.197535
2561.404,0.197535
2561.405,0.191295
2561.406,0.176865
2561.407,0.161655
2561.408,0.153465
2561.409,0.142935
2561.41,0.12792
2561.411,0.10608
2561.412,0.097695
2561.413,0.10803
2561.414,0.12050999999999999
2561.415,0.13299
2561.416,0.167505
2561.417,0.193245
2561.418,0.20163
2561.419,0.195195
2561.42,0.199875
2561.421,0.18447
2561.422,0.18173999999999998
2561.423,0.171015
2561.424,0.157755
2561.425,0.14508
2561.426,0.1404
2561.427,0.11232
2561.428,0.096135
2561.429,0.09243
2561.43,0.10608
2561.431,0.127335
2561.432,0.14547
2561.433,0.170235
2561.434,0.18914999999999998
2561.435,0.191295
2561.436,0.193245
2561.437,0.191295
2561.438,0.182715
2561.439,0.17355
2561.44,0.16224
2561.441,0.153075
2561.442,0.135135
2561.443,0.122655
2561.444,0.10178999999999999
2561.445,0.08775
2561.446,0.091845
2561.447,0.11037
2561.448,0.121095
2561.449,0.14742
2561.45,0.171015
2561.451,0.183885
2561.452,0.18895499999999998
2561.453,0.18914999999999998
2561.454,0.183495
2561.455,0.173745
2561.456,0.16614
2561.457,0.153855
2561.458,0.145275
2561.459,0.13299
2561.46,0.113685
2561.461,0.091455
2561.462,0.083655
2561.463,0.09165
2561.464,0.09789
2561.465,0.12285
2561.466,0.153855
2561.467,0.176865
2561.468,0.18369
2561.469,0.18759
2561.47,0.185055
2561.471,0.17901
2561.472,0.17043
2561.473,0.160095
2561.474,0.147615
2561.475,0.13299
2561.476,0.12558
2561.477,0.106665
2561.478,0.083655
2561.479,0.089115
2561.48,0.093015
2561.481,0.11427
2561.482,0.13611
2561.483,0.166335
2561.484,0.176475
2561.485,0.182715
2561.486,0.18252
2561.487,0.18173999999999998
2561.488,0.171405
2561.489,0.163215
2561.49,0.15229499999999999
2561.491,0.132795
2561.492,0.12675
2561.493,0.11680499999999999
2561.494,0.09048
2561.495,0.078975
2561.496,0.082095
2561.497,0.09594
2561.498,0.11309999999999999
2561.499,0.136695
2561.5,0.167505
2561.501,0.17667
2561.502,0.17862
2561.503,0.176475
2561.504,0.166335
2561.505,0.163995
2561.506,0.15327
2561.507,0.1404
2561.508,0.12831
2561.509,0.12363
2561.51,0.107055
2561.511,0.08268
2561.512,0.08502
2561.513,0.08931
2561.514,0.09633
2561.515,0.11680499999999999
2561.516,0.151515
2561.517,0.176475
2561.518,0.176865
2561.519,0.18096
2561.52,0.17823
2561.521,0.17121
2561.522,0.16614
2561.523,0.15366
2561.524,0.140595
2561.525,0.12986999999999999
2561.526,0.117585
2561.527,0.095745
2561.528,0.08112
2561.529,0.08151
2561.53,0.091845
2561.531,0.10413
2561.532,0.128895
2561.533,0.16536
2561.534,0.183495
2561.535,0.183105
2561.536,0.183495
2561.537,0.18193499999999999
2561.538,0.17043
2561.539,0.160875
2561.54,0.156
2561.541,0.136305
2561.542,0.1287
2561.543,0.11622
2561.544,0.091455
2561.545,0.085215
2561.546,0.085605
2561.547,0.10178999999999999
2561.548,0.114075
2561.549,0.14157
2561.55,0.173745
2561.551,0.18291
2561.552,0.185055
2561.553,0.19032
2561.554,0.17862
2561.555,0.172575
2561.556,0.162435
2561.557,0.146055
2561.558,0.13688999999999998
2561.559,0.128115
2561.56,0.108615
2561.561,0.088335
2561.562,0.0819
2561.563,0.091845
2561.564,0.10764
2561.565,0.117975
2561.566,0.153855
2561.567,0.17413499999999998
2561.568,0.18291
2561.569,0.18447
2561.57,0.178815
2561.571,0.17043
2561.572,0.16224
2561.573,0.154245
2561.574,0.142935
2561.575,0.12675
2561.576,0.11329499999999999
2561.577,0.09437999999999999
2561.578,0.080145
2561.579,0.08151
2561.58,0.089115
2561.581,0.1014
2561.582,0.128895
2561.583,0.15756
2561.584,0.167895
2561.585,0.172965
2561.586,0.171795
2561.587,0.17043
2561.588,0.16224
2561.589,0.15366
2561.59,0.14235
2561.591,0.126555
2561.592,0.11427
2561.593,0.1014
2561.594,0.078975
2561.595,0.066495
2561.596,0.07371
2561.597,0.08268
2561.598,0.09984
2561.599,0.12363
2561.6,0.15054
2561.601,0.163995
2561.602,0.16731
2561.603,0.166335
2561.604,0.157755
2561.605,0.143325
2561.606,0.14235
2561.607,0.1287
2561.608,0.117195
2561.609,0.108615
2561.61,0.086775
2561.611,0.06825
2561.612,0.063375
2561.613,0.072735
2561.614,0.084045
2561.615,0.10178999999999999
2561.616,0.135135
2561.617,0.16302
2561.618,0.1716
2561.619,0.166335
2561.62,0.16224
2561.621,0.153855
2561.622,0.14508
2561.623,0.14235
2561.624,0.12285
2561.625,0.11309999999999999
2561.626,0.098865
2561.627,0.078975
2561.628,0.06591
2561.629,0.0702
2561.63,0.07585499999999999
2561.631,0.08931
2561.632,0.11329499999999999
2561.633,0.141765
2561.634,0.16224
2561.635,0.163215
2561.636,0.16614
2561.637,0.162435
2561.638,0.15756
2561.639,0.148005
2561.64,0.13923
2561.641,0.12031499999999999
2561.642,0.11388
2561.643,0.10062
2561.644,0.076635
2561.645,0.063375
2561.646,0.073125
2561.647,0.082095
2561.648,0.09984
2561.649,0.128895
2561.65,0.153465
2561.651,0.16419
2561.652,0.17511
2561.653,0.17413499999999998
2561.654,0.16419
2561.655,0.15795
2561.656,0.147615
2561.657,0.133575
2561.658,0.1248
2561.659,0.119535
2561.66,0.091455
2561.661,0.070785
2561.662,0.068055
2561.663,0.08326499999999999
2561.664,0.093015
2561.665,0.103935
2561.666,0.13923
2561.667,0.163995
2561.668,0.17238
2561.669,0.166335
2561.67,0.16302
2561.671,0.16302
2561.672,0.15366
2561.673,0.1404
2561.674,0.1326
2561.675,0.12675
2561.676,0.108615
2561.677,0.09165
2561.678,0.070785
2561.679,0.079365
2561.68,0.08619
2561.681,0.102375
2561.682,0.1248
2561.683,0.15170999999999998
2561.684,0.170625
2561.685,0.17667
2561.686,0.17667
2561.687,0.17043
2561.688,0.166335
2561.689,0.153855
2561.69,0.14859
2561.691,0.12831
2561.692,0.128895
2561.693,0.109005
2561.694,0.09243
2561.695,0.08619
2561.696,0.091455
2561.697,0.10178999999999999
2561.698,0.117195
2561.699,0.153855
2561.7,0.172575
2561.701,0.185055
2561.702,0.18895499999999998
2561.703,0.18291
2561.704,0.18252
2561.705,0.178035
2561.706,0.171015
2561.707,0.15405
2561.708,0.145665
2561.709,0.13688999999999998
2561.71,0.115635
2561.711,0.095745
2561.712,0.09437999999999999
2561.713,0.10335
2561.714,0.116415
2561.715,0.12986999999999999
2561.716,0.16419
2561.717,0.1911
2561.718,0.20046
2561.719,0.200655
2561.72,0.192855
2561.721,0.186615
2561.722,0.1794
2561.723,0.16691999999999999
2561.724,0.15795
2561.725,0.14781
2561.726,0.14157
2561.727,0.11739
2561.728,0.09984
2561.729,0.10803
2561.73,0.11388
2561.731,0.132795
2561.732,0.156975
2561.733,0.18134999999999998
2561.734,0.20377499999999998
2561.735,0.206115
2561.736,0.2067
2561.737,0.202215
2561.738,0.195975
2561.739,0.18914999999999998
2561.74,0.18096
2561.741,0.163995
2561.742,0.15170999999999998
2561.743,0.13494
2561.744,0.116415
2561.745,0.10764
2561.746,0.109005
2561.747,0.12031499999999999
2561.748,0.133575
2561.749,0.16614
2561.75,0.19227
2561.751,0.19968
2561.752,0.20377499999999998
2561.753,0.2067
2561.754,0.199485
2561.755,0.191295
2561.756,0.18291
2561.757,0.16887
2561.758,0.15756
2561.759,0.150735
2561.76,0.128895
2561.761,0.110175
2561.762,0.10803
2561.763,0.116415
2561.764,0.12363
2561.765,0.13708499999999998
2561.766,0.17667
2561.767,0.20124
2561.768,0.2067
2561.769,0.20046
2561.77,0.19968
2561.771,0.190515
2561.772,0.18291
2561.773,0.17862
2561.774,0.163995
2561.775,0.15483
2561.776,0.147615
2561.777,0.12050999999999999
2561.778,0.1014
2561.779,0.10452
2561.78,0.11739
2561.781,0.13708499999999998
2561.782,0.16263
2561.783,0.18895499999999998
2561.784,0.208455
2561.785,0.20826
2561.786,0.20787
2561.787,0.20592
2561.788,0.195975
2561.789,0.188175
2561.79,0.18291
2561.791,0.169455
2561.792,0.158925
2561.793,0.136305
2561.794,0.126555
2561.795,0.11329499999999999
2561.796,0.11895
2561.797,0.12831
2561.798,0.14625
2561.799,0.175695
2561.8,0.207675
2561.801,0.214695
2561.802,0.217425
2561.803,0.21645
2561.804,0.21294
2561.805,0.206895
2561.806,0.197535
2561.807,0.185055
2561.808,0.177255
2561.809,0.166335
2561.81,0.14508
2561.811,0.128115
2561.812,0.11660999999999999
2561.813,0.130065
2561.814,0.142155
2561.815,0.156195
2561.816,0.193245
2561.817,0.21528
2561.818,0.22561499999999998
2561.819,0.22464
2561.82,0.220935
2561.821,0.206895
2561.822,0.20357999999999998
2561.823,0.199095
2561.824,0.183105
2561.825,0.17004
2561.826,0.163995
2561.827,0.141375
2561.828,0.12070499999999999
2561.829,0.12636
2561.83,0.13611
2561.831,0.146055
2561.832,0.17784
2561.833,0.200655
2561.834,0.216255
2561.835,0.21801
2561.836,0.220545
2561.837,0.216255
2561.838,0.206115
2561.839,0.20377499999999998
2561.84,0.195195
2561.841,0.178815
2561.842,0.167895
2561.843,0.15132
2561.844,0.126945
2561.845,0.113685
2561.846,0.12558
2561.847,0.13533
2561.848,0.15054
2561.849,0.1755
2561.85,0.206115
2561.851,0.208455
2561.852,0.215475
2561.853,0.21294
2561.854,0.2067
2561.855,0.20007
2561.856,0.191295
2561.857,0.17667
2561.858,0.16419
2561.859,0.153855
2561.86,0.132795
2561.861,0.11739
2561.862,0.10686
2561.863,0.11622
2561.864,0.132015
2561.865,0.142545
2561.866,0.178815
2561.867,0.202215
2561.868,0.2067
2561.869,0.208455
2561.87,0.20475
2561.871,0.195
2561.872,0.186615
2561.873,0.17784
2561.874,0.16536
2561.875,0.14586
2561.876,0.14118
2561.877,0.116415
2561.878,0.107055
2561.879,0.11115
2561.88,0.126165
2561.881,0.132795
2561.882,0.160095
2561.883,0.19032
2561.884,0.20475
2561.885,0.20982
2561.886,0.20787
2561.887,0.202995
2561.888,0.19305
2561.889,0.18291
2561.89,0.176475
2561.891,0.15366
2561.892,0.149175
2561.893,0.133575
2561.894,0.11544
2561.895,0.108225
2561.896,0.108615
2561.897,0.12421499999999999
2561.898,0.14118
2561.899,0.17745
2561.9,0.20787
2561.901,0.20377499999999998
2561.902,0.20865
2561.903,0.21567
2561.904,0.20163
2561.905,0.19539
2561.906,0.184665
2561.907,0.178035
2561.908,0.16302
2561.909,0.153855
2561.91,0.140595
2561.911,0.114075
2561.912,0.107055
2561.913,0.12050999999999999
2561.914,0.13299
2561.915,0.14157
2561.916,0.18193499999999999
2561.917,0.20631
2561.918,0.215475
2561.919,0.21294
2561.92,0.20787
2561.921,0.20357999999999998
2561.922,0.195
2561.923,0.18525
2561.924,0.169065
2561.925,0.1638
2561.926,0.153075
2561.927,0.12831
2561.928,0.108615
2561.929,0.116415
2561.93,0.116415
2561.931,0.13494
2561.932,0.156975
2561.933,0.186615
2561.934,0.20377499999999998
2561.935,0.20592
2561.936,0.20396999999999998
2561.937,0.2028
2561.938,0.19032
2561.939,0.187395
2561.94,0.179595
2561.941,0.16536
2561.942,0.155025
2561.943,0.13688999999999998
2561.944,0.108225
2561.945,0.10335
2561.946,0.107055
2561.947,0.12070499999999999
2561.948,0.139425
2561.949,0.17043
2561.95,0.192465
2561.951,0.195975
2561.952,0.20592
2561.953,0.201435
2561.954,0.19305
2561.955,0.183105
2561.956,0.183105
2561.957,0.16731
2561.958,0.150735
2561.959,0.14508
2561.96,0.117585
2561.961,0.09984
2561.962,0.100815
2561.963,0.11388
2561.964,0.12558
2561.965,0.135135
2561.966,0.164775
2561.967,0.191685
2561.968,0.192855
2561.969,0.199875
2561.97,0.190515
2561.971,0.183885
2561.972,0.177255
2561.973,0.168285
2561.974,0.153855
2561.975,0.13806
2561.976,0.1287
2561.977,0.103935
2561.978,0.091455
2561.979,0.097695
2561.98,0.103155
2561.981,0.11660999999999999
2561.982,0.14079
2561.983,0.16263
2561.984,0.17979
2561.985,0.185055
2561.986,0.183495
2561.987,0.176475
2561.988,0.166335
2561.989,0.16731
2561.99,0.158535
2561.991,0.140595
2561.992,0.1326
2561.993,0.11329499999999999
2561.994,0.091455
2561.995,0.08229
2561.996,0.09165
2561.997,0.09867
2561.998,0.114075
2561.999,0.149175
2562.0,0.175695
2562.001,0.17784
2562.002,0.178035
2562.003,0.179205
2562.004,0.17432999999999998
2562.005,0.166335
2562.006,0.160095
2562.007,0.14547
2562.008,0.13377
2562.009,0.12831
2562.01,0.10686
2562.011,0.09086999999999999
2562.012,0.078975
2562.013,0.08892
2562.014,0.102375
2562.015,0.114855
2562.016,0.149175
2562.017,0.170625
2562.018,0.17784
2562.019,0.17667
2562.02,0.178815
2562.021,0.16497
2562.022,0.166335
2562.023,0.151515
2562.024,0.14196
2562.025,0.126555
2562.026,0.122655
2562.027,0.09633
2562.028,0.074685
2562.029,0.08326499999999999
2562.03,0.08775
2562.031,0.110175
2562.032,0.13182
2562.033,0.163995
2562.034,0.17628
2562.035,0.172965
2562.036,0.17355
2562.037,0.17355
2562.038,0.16458
2562.039,0.15970499999999999
2562.04,0.147615
2562.041,0.132015
2562.042,0.124995
2562.043,0.103155
2562.044,0.08541
2562.045,0.078975
2562.046,0.08307
2562.047,0.091845
2562.048,0.10803
2562.049,0.140595
2562.05,0.16419
2562.051,0.173355
2562.052,0.176475
2562.053,0.17862
2562.054,0.16263
2562.055,0.15873
2562.056,0.153855
2562.057,0.138255
2562.058,0.12050999999999999
2562.059,0.11388
2562.06,0.096135
2562.061,0.078195
2562.062,0.07059
2562.063,0.085215
2562.064,0.091455
2562.065,0.108615
2562.066,0.14449499999999998
2562.067,0.16302
2562.068,0.17432999999999998
2562.069,0.171015
2562.07,0.165555
2562.071,0.15795
2562.072,0.15288
2562.073,0.141765
2562.074,0.129285
2562.075,0.103935
2562.076,0.101595
2562.077,0.073125
2562.078,0.064155
2562.079,0.066495
2562.08,0.074295
2562.081,0.091455
2562.082,0.12050999999999999
2562.083,0.141375
2562.084,0.15795
2562.085,0.160095
2562.086,0.1638
2562.087,0.157755
2562.088,0.14508
2562.089,0.13494
2562.09,0.133575
2562.091,0.114075
2562.092,0.103935
2562.093,0.086775
2562.094,0.060254999999999996
2562.095,0.057135
2562.096,0.06318
2562.097,0.072735
2562.098,0.085995
2562.099,0.116415
2562.1,0.14781
2562.101,0.148785
2562.102,0.15327
2562.103,0.15170999999999998
2562.104,0.14508
2562.105,0.13299
2562.106,0.128115
2562.107,0.109005
2562.108,0.097695
2562.109,0.08619
2562.11,0.066495
2562.111,0.045434999999999996
2562.112,0.04251
2562.113,0.05616
2562.114,0.066495
2562.115,0.082875
2562.116,0.11388
2562.117,0.135915
2562.118,0.147615
2562.119,0.146055
2562.12,0.136695
2562.121,0.12675
2562.122,0.12050999999999999
2562.123,0.116415
2562.124,0.09867
2562.125,0.083655
2562.126,0.082095
2562.127,0.043095
2562.128,0.036465
2562.129,0.039195
2562.13,0.04992
2562.131,0.06318
2562.132,0.08892
2562.133,0.10998
2562.134,0.12285
2562.135,0.132795
2562.136,0.126555
2562.137,0.126555
2562.138,0.11309999999999999
2562.139,0.10803
2562.14,0.100815
2562.141,0.085605
2562.142,0.07683
2562.143,0.060254999999999996
2562.144,0.03159
2562.145,0.03276
2562.146,0.0351
2562.147,0.042705
2562.148,0.06279
2562.149,0.091845
2562.15,0.117975
2562.151,0.12519
2562.152,0.13611
2562.153,0.13143
2562.154,0.12558
2562.155,0.117585
2562.156,0.10608
2562.157,0.091455
2562.158,0.085605
2562.159,0.07059
2562.16,0.054015
2562.161,0.032955
2562.162,0.03003
2562.163,0.03939
2562.164,0.05382
2562.165,0.066495
2562.166,0.10413
2562.167,0.1248
2562.168,0.131235
2562.169,0.1248
2562.17,0.12675
2562.171,0.12031499999999999
2562.172,0.11388
2562.173,0.10608
2562.174,0.08619
2562.175,0.08151
2562.176,0.0663
2562.177,0.039975
2562.178,0.02067
2562.179,0.03159
2562.18,0.041729999999999996
2562.181,0.054015
2562.182,0.082095
2562.183,0.10803
2562.184,0.124995
2562.185,0.12675
2562.186,0.135135
2562.187,0.12031499999999999
2562.188,0.118755
2562.189,0.10998
2562.19,0.10062
2562.191,0.08268
2562.192,0.078
2562.193,0.05967
2562.194,0.036465
2562.195,0.022815
2562.196,0.039
2562.197,0.043095
2562.198,0.067665
2562.199,0.091455
2562.2,0.117585
2562.201,0.124995
2562.202,0.1326
2562.203,0.131235
2562.204,0.12031499999999999
2562.205,0.11388
2562.206,0.10803
2562.207,0.091455
2562.208,0.082095
2562.209,0.071175
2562.21,0.0507
2562.211,0.039195
2562.212,0.030225
2562.213,0.039585
2562.214,0.05694
2562.215,0.066495
2562.216,0.10296
2562.217,0.128115
2562.218,0.13182
2562.219,0.12986999999999999
2562.22,0.12792
2562.221,0.12012
2562.222,0.11388
2562.223,0.10178999999999999
2562.224,0.08931
2562.225,0.07683
2562.226,0.069615
2562.227,0.051675
2562.228,0.03393
2562.229,0.035295
2562.23,0.047775
2562.231,0.06435
2562.232,0.09243
2562.233,0.116415
2562.234,0.135915
2562.235,0.13611
2562.236,0.14235
2562.237,0.125775
2562.238,0.119535
2562.239,0.119535
2562.24,0.11076
2562.241,0.09243
2562.242,0.082095
2562.243,0.06123
2562.244,0.039585
2562.245,0.033345
2562.246,0.045434999999999996
2562.247,0.05382
2562.248,0.068055
2562.249,0.10023
2562.25,0.122655
2562.251,0.1287
2562.252,0.13104
2562.253,0.134355
2562.254,0.12675
2562.255,0.115635
2562.256,0.107055
2562.257,0.093015
2562.258,0.085215
2562.259,0.071175
2562.26,0.05811
2562.261,0.037245
2562.262,0.03198
2562.263,0.04407
2562.264,0.06045
2562.265,0.078975
2562.266,0.11037
2562.267,0.12519
2562.268,0.136695
2562.269,0.133185
2562.27,0.127335
2562.271,0.1248
2562.272,0.11427
2562.273,0.10803
2562.274,0.08696999999999999
2562.275,0.076635
2562.276,0.078975
2562.277,0.04446
2562.278,0.032175
2562.279,0.0351
2562.28,0.046215
2562.281,0.064155
2562.282,0.09067499999999999
2562.283,0.112515
2562.284,0.13143
2562.285,0.13611
2562.286,0.133185
2562.287,0.128115
2562.288,0.116415
2562.289,0.110565
2562.29,0.10413
2562.291,0.085215
2562.292,0.077415
2562.293,0.057525
2562.294,0.040755
2562.295,0.027885
2562.296,0.036465
2562.297,0.05304
2562.298,0.0663
2562.299,0.100425
2562.3,0.116415
2562.301,0.12675
2562.302,0.1326
2562.303,0.124995
2562.304,0.11622
2562.305,0.111735
2562.306,0.10764
2562.307,0.09243
2562.308,0.080535
2562.309,0.072735
2562.31,0.05304
2562.311,0.032955
2562.312,0.035295
2562.313,0.04251
2562.314,0.05382
2562.315,0.067275
2562.316,0.10647
2562.317,0.128895
2562.318,0.132795
2562.319,0.13299
2562.32,0.12558
2562.321,0.11427
2562.322,0.108615
2562.323,0.103935
2562.324,0.085215
2562.325,0.0819
2562.326,0.06591
2562.327,0.046605
2562.328,0.029055
2562.329,0.03393
2562.33,0.046215
2562.331,0.06435
2562.332,0.08892
2562.333,0.11680499999999999
2562.334,0.13104
2562.335,0.13182
2562.336,0.13143
2562.337,0.122655
2562.338,0.11817
2562.339,0.106665
2562.34,0.10549499999999999
2562.341,0.091455
2562.342,0.08268
2562.343,0.05811
2562.344,0.04251
2562.345,0.0351
2562.346,0.04251
2562.347,0.05382
2562.348,0.071175
2562.349,0.103935
2562.35,0.132795
2562.351,0.13923
2562.352,0.14079
2562.353,0.13611
2562.354,0.132795
2562.355,0.12246
2562.356,0.12050999999999999
2562.357,0.10178999999999999
2562.358,0.08931
2562.359,0.0819
2562.36,0.06279
2562.361,0.040755
2562.362,0.041145
2562.363,0.046215
2562.364,0.0663
2562.365,0.08931
2562.366,0.12050999999999999
2562.367,0.13611
2562.368,0.139035
2562.369,0.13923
2562.37,0.13299
2562.371,0.12831
2562.372,0.12050999999999999
2562.373,0.11427
2562.374,0.101595
2562.375,0.08736
2562.376,0.08112
2562.377,0.05811
2562.378,0.041729999999999996
2562.379,0.047775
2562.38,0.06435
2562.381,0.07449
2562.382,0.103935
2562.383,0.128895
2562.384,0.13923
2562.385,0.14235
2562.386,0.146445
2562.387,0.141375
2562.388,0.135135
2562.389,0.128895
2562.39,0.12050999999999999
2562.391,0.110175
2562.392,0.09555
2562.393,0.078195
2562.394,0.057135
2562.395,0.045434999999999996
2562.396,0.058695
2562.397,0.070395
2562.398,0.08307
2562.399,0.119535
2562.4,0.145275
2562.401,0.14547
2562.402,0.15678
2562.403,0.15327
2562.404,0.146055
2562.405,0.138255
2562.406,0.13182
2562.407,0.11427
2562.408,0.104325
2562.409,0.09633
2562.41,0.072735
2562.411,0.05187
2562.412,0.059085
2562.413,0.070395
2562.414,0.08151
2562.415,0.102375
2562.416,0.13104
2562.417,0.15366
2562.418,0.156975
2562.419,0.1638
2562.42,0.15756
2562.421,0.148785
2562.422,0.140595
2562.423,0.135135
2562.424,0.116025
2562.425,0.107055
2562.426,0.10178999999999999
2562.427,0.07683
2562.428,0.061425
2562.429,0.067665
2562.43,0.07644
2562.431,0.09048
2562.432,0.12070499999999999
2562.433,0.15190499999999998
2562.434,0.161655
2562.435,0.16614
2562.436,0.158925
2562.437,0.15756
2562.438,0.14859
2562.439,0.142935
2562.44,0.13747499999999999
2562.441,0.12675
2562.442,0.11329499999999999
2562.443,0.095745
2562.444,0.078195
2562.445,0.072735
2562.446,0.082875
2562.447,0.09516
2562.448,0.10647
2562.449,0.13923
2562.45,0.166335
2562.451,0.17277
2562.452,0.17784
2562.453,0.175695
2562.454,0.16731
2562.455,0.163215
2562.456,0.153855
2562.457,0.13611
2562.458,0.128115
2562.459,0.114075
2562.46,0.1014
2562.461,0.077025
2562.462,0.079365
2562.463,0.08931
2562.464,0.10686
2562.465,0.123435
2562.466,0.15483
2562.467,0.17784
2562.468,0.188175
2562.469,0.18525
2562.47,0.178815
2562.471,0.17628
2562.472,0.16575
2562.473,0.153855
2562.474,0.13962
2562.475,0.12675
2562.476,0.12050999999999999
2562.477,0.09555
2562.478,0.076635
2562.479,0.08814
2562.48,0.091455
2562.481,0.10998
2562.482,0.13727999999999999
2562.483,0.164385
2562.484,0.17901
2562.485,0.18291
2562.486,0.18291
2562.487,0.18291
2562.488,0.172575
2562.489,0.160095
2562.49,0.15132
2562.491,0.135135
2562.492,0.12675
2562.493,0.10764
2562.494,0.086775
2562.495,0.083655
2562.496,0.08892
2562.497,0.095745
2562.498,0.11660999999999999
2562.499,0.147615
2562.5,0.17355
2562.501,0.181155
2562.502,0.183885
2562.503,0.185055
2562.504,0.178815
2562.505,0.16887
2562.506,0.166335
2562.507,0.142935
2562.508,0.13533
2562.509,0.129285
2562.51,0.110175
2562.511,0.09165
2562.512,0.08716499999999999
2562.513,0.099255
2562.514,0.11739
2562.515,0.136695
2562.516,0.167895
2562.517,0.182715
2562.518,0.19227
2562.519,0.191295
2562.52,0.188175
2562.521,0.17667
2562.522,0.172575
2562.523,0.16536
2562.524,0.147615
2562.525,0.1404
2562.526,0.13143
2562.527,0.103545
2562.528,0.095355
2562.529,0.100815
2562.53,0.110175
2562.531,0.122655
2562.532,0.15366
2562.533,0.17862
2562.534,0.18603
2562.535,0.190515
2562.536,0.195
2562.537,0.18603
2562.538,0.182715
2562.539,0.171015
2562.54,0.163995
2562.541,0.153855
2562.542,0.14449499999999998
2562.543,0.12129
2562.544,0.10374
2562.545,0.09867
2562.546,0.110175
2562.547,0.114855
2562.548,0.13377
2562.549,0.16107
2562.55,0.191295
2562.551,0.192855
2562.552,0.19851
2562.553,0.20163
2562.554,0.19539
2562.555,0.18096
2562.556,0.17667
2562.557,0.166335
2562.558,0.153855
2562.559,0.141765
2562.56,0.12207
2562.561,0.106275
2562.562,0.10335
2562.563,0.115635
2562.564,0.128895
2562.565,0.146055
2562.566,0.18252
2562.567,0.201435
2562.568,0.20787
2562.569,0.20631
2562.57,0.20787
2562.571,0.194415
2562.572,0.191295
2562.573,0.17628
2562.574,0.16731
2562.575,0.15795
2562.576,0.151515
2562.577,0.12050999999999999
2562.578,0.108225
2562.579,0.114075
2562.58,0.119535
2562.581,0.139035
2562.582,0.17043
2562.583,0.19616999999999998
2562.584,0.20631
2562.585,0.210015
2562.586,0.208065
2562.587,0.206895
2562.588,0.193245
2562.589,0.186225
2562.59,0.17667
2562.591,0.16302
2562.592,0.14937
2562.593,0.132795
2562.594,0.11660999999999999
2562.595,0.110175
2562.596,0.12050999999999999
2562.597,0.1248
2562.598,0.1404
2562.599,0.17277
2562.6,0.20377499999999998
2562.601,0.20943
2562.602,0.206895
2562.603,0.20377499999999998
2562.604,0.19695
2562.605,0.1911
2562.606,0.185055
2562.607,0.167505
2562.608,0.160095
2562.609,0.14547
2562.61,0.12675
2562.611,0.10998
2562.612,0.107835
2562.613,0.122655
2562.614,0.133965
2562.615,0.153465
2562.616,0.188175
2562.617,0.20377499999999998
2562.618,0.208455
2562.619,0.21098999999999998
2562.62,0.208455
2562.621,0.20163
2562.622,0.191295
2562.623,0.18252
2562.624,0.169455
2562.625,0.158535
2562.626,0.147615
2562.627,0.128895
2562.628,0.110175
2562.629,0.12050999999999999
2562.63,0.128895
2562.631,0.141375
2562.632,0.17043
2562.633,0.193245
2562.634,0.210015
2562.635,0.20787
2562.636,0.210015
2562.637,0.20377499999999998
2562.638,0.197535
2562.639,0.185835
2562.64,0.17901
2562.641,0.171015
2562.642,0.15756
2562.643,0.13494
2562.644,0.12050999999999999
2562.645,0.110175
2562.646,0.12285
2562.647,0.132015
2562.648,0.151515
2562.649,0.18291
2562.65,0.2067
2562.651,0.208455
2562.652,0.21723
2562.653,0.21255
2562.654,0.208065
2562.655,0.20163
2562.656,0.19539
2562.657,0.17823
2562.658,0.16302
2562.659,0.156975
2562.66,0.13299
2562.661,0.12031499999999999
2562.662,0.121485
2562.663,0.132795
2562.664,0.14391
2562.665,0.16575
2562.666,0.191685
2562.667,0.21859499999999998
2562.668,0.220545
2562.669,0.222495
2562.67,0.215475
2562.671,0.210015
2562.672,0.20631
2562.673,0.192855
2562.674,0.181155
2562.675,0.170625
2562.676,0.156975
2562.677,0.13143
2562.678,0.11427
2562.679,0.127335
2562.68,0.133575
2562.681,0.14937
2562.682,0.173355
2562.683,0.2028
2562.684,0.220155
2562.685,0.21723
2562.686,0.216255
2562.687,0.206895
2562.688,0.202215
2562.689,0.191685
2562.69,0.187395
2562.691,0.172575
2562.692,0.1638
2562.693,0.147615
2562.694,0.12050999999999999
2562.695,0.11388
2562.696,0.128115
2562.697,0.135135
2562.698,0.153855
2562.699,0.18252
2562.7,0.20748
2562.701,0.210015
2562.702,0.21216
2562.703,0.216255
2562.704,0.20396999999999998
2562.705,0.20007
2562.706,0.191295
2562.707,0.18252
2562.708,0.170625
2562.709,0.15795
2562.71,0.13611
2562.711,0.11309999999999999
2562.712,0.11544
2562.713,0.12636
2562.714,0.141375
2562.715,0.166335
2562.716,0.19539
2562.717,0.216255
2562.718,0.219765
2562.719,0.216255
2562.72,0.20982
2562.721,0.20319
2562.722,0.20163
2562.723,0.190515
2562.724,0.170625
2562.725,0.16419
2562.726,0.15483
2562.727,0.122655
2562.728,0.114855
2562.729,0.11622
2562.73,0.12909
2562.731,0.145665
2562.732,0.17043
2562.733,0.20046
2562.734,0.21372
2562.735,0.217815
2562.736,0.21411
2562.737,0.208845
2562.738,0.20377499999999998
2562.739,0.18934499999999999
2562.74,0.17667
2562.741,0.16419
2562.742,0.160095
2562.743,0.13533
2562.744,0.11739
2562.745,0.11622
2562.746,0.12050999999999999
2562.747,0.13299
2562.748,0.151515
2562.749,0.186615
2562.75,0.20592
2562.751,0.2145
2562.752,0.214305
2562.753,0.210015
2562.754,0.20007
2562.755,0.199485
2562.756,0.18914999999999998
2562.757,0.18173999999999998
2562.758,0.16575
2562.759,0.15170999999999998
2562.76,0.136305
2562.761,0.117975
2562.762,0.11388
2562.763,0.12986999999999999
2562.764,0.13923
2562.765,0.16302
2562.766,0.18895499999999998
2562.767,0.20377499999999998
2562.768,0.210015
2562.769,0.212355
2562.77,0.20416499999999999
2562.771,0.197535
2562.772,0.18681
2562.773,0.18291
2562.774,0.16536
2562.775,0.15795
2562.776,0.136305
2562.777,0.11699999999999999
2562.778,0.106275
2562.779,0.103935
2562.78,0.1248
2562.781,0.13708499999999998
2562.782,0.16614
2562.783,0.19032
2562.784,0.20163
2562.785,0.20124
2562.786,0.20826
2562.787,0.19773
2562.788,0.195195
2562.789,0.185055
2562.79,0.17043
2562.791,0.160095
2562.792,0.148005
2562.793,0.130455
2562.794,0.11427
2562.795,0.10608
2562.796,0.11583
2562.797,0.12636
2562.798,0.140595
2562.799,0.17277
2562.8,0.20046
2562.801,0.19851
2562.802,0.206895
2562.803,0.206895
2562.804,0.198705
2562.805,0.18895499999999998
2562.806,0.18252
2562.807,0.167895
2562.808,0.156
2562.809,0.146445
2562.81,0.122655
2562.811,0.107835
2562.812,0.10647
2562.813,0.116415
2562.814,0.13299
2562.815,0.160095
2562.816,0.186225
2562.817,0.20007
2562.818,0.20865
2562.819,0.208455
2562.82,0.20377499999999998
2562.821,0.193245
2562.822,0.183885
2562.823,0.188175
2562.824,0.16672499999999998
2562.825,0.15873
2562.826,0.14625
2562.827,0.12831
2562.828,0.110955
2562.829,0.11660999999999999
2562.83,0.132015
2562.831,0.1404
2562.832,0.17043
2562.833,0.195585
2562.834,0.20787
2562.835,0.20787
2562.836,0.21098999999999998
2562.837,0.20163
2562.838,0.19929
2562.839,0.187005
2562.84,0.172965
2562.841,0.165555
2562.842,0.15366
2562.843,0.13611
2562.844,0.114465
2562.845,0.110175
2562.846,0.11739
2562.847,0.12675
2562.848,0.141765
2562.849,0.178815
2562.85,0.20396999999999998
2562.851,0.21372
2562.852,0.2067
2562.853,0.202995
2562.854,0.19539
2562.855,0.188565
2562.856,0.18252
2562.857,0.169455
2562.858,0.154635
2562.859,0.145275
2562.86,0.125775
2562.861,0.110175
2562.862,0.11309999999999999
2562.863,0.125775
2562.864,0.13299
2562.865,0.164385
2562.866,0.185445
2562.867,0.20377499999999998
2562.868,0.20865
2562.869,0.20377499999999998
2562.87,0.20787
2562.871,0.200655
2562.872,0.183885
2562.873,0.18603
2562.874,0.163215
2562.875,0.15678
2562.876,0.14508
2562.877,0.119535
2562.878,0.10608
2562.879,0.11388
2562.88,0.116415
2562.881,0.135915
2562.882,0.160095
2562.883,0.190515
2562.884,0.19968
2562.885,0.20396999999999998
2562.886,0.20357999999999998
2562.887,0.19636499999999998
2562.888,0.185055
2562.889,0.181155
2562.89,0.166335
2562.891,0.158535
2562.892,0.14547
2562.893,0.12285
2562.894,0.107835
2562.895,0.101595
2562.896,0.11388
2562.897,0.117975
2562.898,0.14079
2562.899,0.172575
2562.9,0.195975
2562.901,0.201435
2562.902,0.20748
2562.903,0.20592
2562.904,0.198315
2562.905,0.1911
2562.906,0.17628
2562.907,0.16672499999999998
2562.908,0.153855
2562.909,0.147615
2562.91,0.12050999999999999
2562.911,0.110175
2562.912,0.11329499999999999
2562.913,0.12129
2562.914,0.13884
2562.915,0.15756
2562.916,0.186615
2562.917,0.2067
2562.918,0.21098999999999998
2562.919,0.20592
2562.92,0.2067
2562.921,0.202215
2562.922,0.18798
2562.923,0.18525
2562.924,0.17043
2562.925,0.155415
2562.926,0.147615
2562.927,0.12831
2562.928,0.11232
2562.929,0.119535
2562.93,0.12792
2562.931,0.142545
2562.932,0.17043
2562.933,0.199485
2562.934,0.21255
2562.935,0.21294
2562.936,0.21255
2562.937,0.213135
2562.938,0.202215
2562.939,0.19539
2562.94,0.18564
2562.941,0.16672499999999998
2562.942,0.162435
2562.943,0.145275
2562.944,0.12792
2562.945,0.11115
2562.946,0.12675
2562.947,0.1404
2562.948,0.156
2562.949,0.19032
2562.95,0.21723
2562.951,0.217815
2562.952,0.22503
2562.953,0.220935
2562.954,0.20787
2562.955,0.20475
2562.956,0.194415
2562.957,0.182715
2562.958,0.17043
2562.959,0.1638
2562.96,0.13299
2562.961,0.12031499999999999
2562.962,0.128895
2562.963,0.133575
2562.964,0.14859
2562.965,0.18173999999999998
2562.966,0.20787
2562.967,0.216255
2562.968,0.22619999999999998
2562.969,0.229515
2562.97,0.22776
2562.971,0.208845
2562.972,0.206895
2562.973,0.197535
2562.974,0.17979
2562.975,0.172575
2562.976,0.1599
2562.977,0.133185
2562.978,0.12558
2562.979,0.13182
2562.98,0.14313
2562.981,0.147615
2562.982,0.18096
2562.983,0.20748
2562.984,0.22035
2562.985,0.22152
2562.986,0.217815
2562.987,0.20943
2562.988,0.20319
2562.989,0.19305
2562.99,0.178815
2562.991,0.16419
2562.992,0.156
2562.993,0.13923
2562.994,0.116415
2562.995,0.112125
2562.996,0.122655
2562.997,0.12909
2562.998,0.14547
2562.999,0.18173999999999998
2563.0,0.20357999999999998
2563.001,0.20631
2563.002,0.208065
2563.003,0.20592
2563.004,0.19734
2563.005,0.18603
2563.006,0.176475
2563.007,0.163215
2563.008,0.149565
2563.009,0.141375
2563.01,0.118365
2563.011,0.10178999999999999
2563.012,0.101595
2563.013,0.110175
2563.014,0.128115
2563.015,0.15795
2563.016,0.17979
2563.017,0.19227
2563.018,0.19968
2563.019,0.199875
2563.02,0.19227
2563.021,0.178815
2563.022,0.17628
2563.023,0.162435
2563.024,0.153855
2563.025,0.135135
2563.026,0.117585
2563.027,0.10178999999999999
2563.028,0.085215
2563.029,0.09243
2563.03,0.100815
2563.031,0.11544
2563.032,0.141375
2563.033,0.16614
2563.034,0.178815
2563.035,0.18291
2563.036,0.18252
2563.037,0.1755
2563.038,0.163215
2563.039,0.153855
2563.04,0.136695
2563.041,0.122655
2563.042,0.11309999999999999
2563.043,0.097695
2563.044,0.074295
2563.045,0.06493499999999999
2563.046,0.07059
2563.047,0.082095
2563.048,0.096135
2563.049,0.13923
2563.05,0.153075
2563.051,0.16263
2563.052,0.166335
2563.053,0.166335
2563.054,0.153855
2563.055,0.139815
2563.056,0.13299
2563.057,0.125775
2563.058,0.110175
2563.059,0.093405
2563.06,0.06591
2563.061,0.05187
2563.062,0.05616
2563.063,0.06123
2563.064,0.070785
2563.065,0.09827999999999999
2563.066,0.12792
2563.067,0.1404
2563.068,0.142935
2563.069,0.14547
2563.07,0.140985
2563.071,0.128895
2563.072,0.12050999999999999
2563.073,0.11388
2563.074,0.10023
2563.075,0.09126
2563.076,0.078975
2563.077,0.05304
2563.078,0.04251
2563.079,0.04251
2563.08,0.05694
2563.081,0.07761
2563.082,0.10335
2563.083,0.125775
2563.084,0.13104
2563.085,0.132795
2563.086,0.135135
2563.087,0.13182
2563.088,0.126555
2563.089,0.116415
2563.09,0.10023
2563.091,0.083655
2563.092,0.078195
2563.093,0.056549999999999996
2563.094,0.04056
2563.095,0.03315
2563.096,0.045825
2563.097,0.052065
2563.098,0.066885
2563.099,0.103935
2563.1,0.12636
2563.101,0.13182
2563.102,0.133575
2563.103,0.124995
2563.104,0.11895
2563.105,0.11622
2563.106,0.10549499999999999
2563.107,0.08326499999999999
2563.108,0.07683
2563.109,0.066495
2563.11,0.046215
2563.111,0.02886
2563.112,0.029055
2563.113,0.045434999999999996
2563.114,0.05811
2563.115,0.08658
2563.116,0.107055
2563.117,0.12967499999999998
2563.118,0.128895
2563.119,0.12986999999999999
2563.12,0.12519
2563.121,0.11329499999999999
2563.122,0.103155
2563.123,0.09555
2563.124,0.078975
2563.125,0.07371
2563.126,0.05772
2563.127,0.03939
2563.128,0.027495
2563.129,0.03315
2563.13,0.04056
2563.131,0.06396
2563.132,0.089505
2563.133,0.11329499999999999
2563.134,0.1287
2563.135,0.12831
2563.136,0.126945
2563.137,0.11660999999999999
2563.138,0.11622
2563.139,0.100815
2563.14,0.08931
2563.141,0.081315
2563.142,0.06903
2563.143,0.048165
2563.144,0.032175
2563.145,0.016575
2563.146,0.0351
2563.147,0.04524
2563.148,0.063375
2563.149,0.089115
2563.15,0.12050999999999999
2563.151,0.125775
2563.152,0.125775
2563.153,0.12070499999999999
2563.154,0.114075
2563.155,0.10686
2563.156,0.09867
2563.157,0.08112
2563.158,0.06844499999999999
2563.159,0.06747
2563.16,0.038024999999999996
2563.161,0.022815
2563.162,0.02067
2563.163,0.035295
2563.164,0.04563
2563.165,0.06844499999999999
2563.166,0.097695
2563.167,0.108225
2563.168,0.119535
2563.169,0.12246
2563.17,0.114075
2563.171,0.10803
2563.172,0.10178999999999999
2563.173,0.08931
2563.174,0.07293
2563.175,0.065715
2563.176,0.05148
2563.177,0.02847
2563.178,0.0156
2563.179,0.018135
2563.18,0.02808
2563.181,0.04251
2563.182,0.073125
2563.183,0.10178999999999999
2563.184,0.10686
2563.185,0.11388
2563.186,0.10803
2563.187,0.101595
2563.188,0.0897
2563.189,0.085995
2563.19,0.072735
2563.191,0.06123
2563.192,0.05382
2563.193,0.02886
2563.194,0.01287
2563.195,0.00507
2563.196,0.016575
2563.197,0.026715
2563.198,0.038415
2563.199,0.07293
2563.2,0.100035
2563.201,0.10608
2563.202,0.10647
2563.203,0.10491
2563.204,0.09867
2563.205,0.08931
2563.206,0.082095
2563.207,0.0702
2563.208,0.05694
2563.209,0.050894999999999996
2563.21,0.02067
2563.211,0.00507
2563.212,0.014624999999999999
2563.213,0.025935
2563.214,0.03705
2563.215,0.06591
2563.216,0.091455
2563.217,0.10374
2563.218,0.11544
2563.219,0.11309999999999999
2563.22,0.10881
2563.221,0.103155
2563.222,0.091455
2563.223,0.08619
2563.224,0.070395
2563.225,0.0624
2563.226,0.039975
2563.227,0.02496
2563.228,0.012675
2563.229,0.025935
2563.23,0.033345
2563.231,0.05031
2563.232,0.08268
2563.233,0.10296
2563.234,0.116415
2563.235,0.12246
2563.236,0.122655
2563.237,0.114465
2563.238,0.103935
2563.239,0.0975
2563.24,0.091845
2563.241,0.071175
2563.242,0.059865
2563.243,0.04563
2563.244,0.022815
2563.245,0.019695
2563.246,0.02886
2563.247,0.046605
2563.248,0.063375
2563.249,0.10023
2563.25,0.11817
2563.251,0.13299
2563.252,0.126945
2563.253,0.122655
2563.254,0.116415
2563.255,0.10803
2563.256,0.1014
2563.257,0.08931
2563.258,0.078585
2563.259,0.06825
2563.26,0.04563
2563.261,0.02535
2563.262,0.02847
2563.263,0.039585
2563.264,0.05694
2563.265,0.085215
2563.266,0.10998
2563.267,0.1287
2563.268,0.1326
2563.269,0.135915
2563.27,0.12675
2563.271,0.116415
2563.272,0.111345
2563.273,0.107055
2563.274,0.08619
2563.275,0.07917
2563.276,0.0624
2563.277,0.041925
2563.278,0.03276
2563.279,0.03822
2563.28,0.04992
2563.281,0.066495
2563.282,0.09126
2563.283,0.12792
2563.284,0.133185
2563.285,0.138255
2563.286,0.1326
2563.287,0.129285
2563.288,0.11817
2563.289,0.11232
2563.29,0.103935
2563.291,0.091455
2563.292,0.08307
2563.293,0.05811
2563.294,0.043484999999999996
2563.295,0.03627
2563.296,0.05616
2563.297,0.060254999999999996
2563.298,0.07683
2563.299,0.116415
2563.3,0.1404
2563.301,0.141375
2563.302,0.147615
2563.303,0.14235
2563.304,0.12909
2563.305,0.126555
2563.306,0.122655
2563.307,0.106275
2563.308,0.09594
2563.309,0.09067499999999999
2563.31,0.06279
2563.311,0.047775
2563.312,0.052065
2563.313,0.06435
2563.314,0.071175
2563.315,0.09984
2563.316,0.12831
2563.317,0.14742
2563.318,0.15288
2563.319,0.15170999999999998
2563.32,0.145275
2563.321,0.139035
2563.322,0.12792
2563.323,0.12519
2563.324,0.107055
2563.325,0.10178999999999999
2563.326,0.081315
2563.327,0.06396
2563.328,0.05889
2563.329,0.066495
2563.33,0.080535
2563.331,0.09126
2563.332,0.121485
2563.333,0.14625
2563.334,0.153855
2563.335,0.160095
2563.336,0.162435
2563.337,0.14859
2563.338,0.14547
2563.339,0.14079
2563.34,0.125775
2563.341,0.11544
2563.342,0.105105
2563.343,0.086385
2563.344,0.07059
2563.345,0.066495
2563.346,0.07878
2563.347,0.08931
2563.348,0.10647
2563.349,0.140595
2563.35,0.17004
2563.351,0.170235
2563.352,0.17043
2563.353,0.17043
2563.354,0.16614
2563.355,0.158925
2563.356,0.14547
2563.357,0.139425
2563.358,0.12675
2563.359,0.11544
2563.36,0.08931
2563.361,0.07585499999999999
2563.362,0.07975499999999999
2563.363,0.094185
2563.364,0.10335
2563.365,0.132795
2563.366,0.16224
2563.367,0.171015
2563.368,0.17862
2563.369,0.183495
2563.37,0.172575
2563.371,0.169455
2563.372,0.16614
2563.373,0.15795
2563.374,0.136695
2563.375,0.132795
2563.376,0.114075
2563.377,0.097695
2563.378,0.089505
2563.379,0.09399
2563.38,0.10023
2563.381,0.11660999999999999
2563.382,0.15170999999999998
2563.383,0.17979
2563.384,0.185055
2563.385,0.1911
2563.386,0.18914999999999998
2563.387,0.18291
2563.388,0.172575
2563.389,0.163215
2563.39,0.153855
2563.391,0.13923
2563.392,0.13299
2563.393,0.115635
2563.394,0.09516
2563.395,0.095745
2563.396,0.10374
2563.397,0.11622
2563.398,0.13299
2563.399,0.171015
2563.4,0.195195
2563.401,0.20377499999999998
2563.402,0.201435
2563.403,0.19636499999999998
2563.404,0.185055
2563.405,0.181155
2563.406,0.17355
2563.407,0.16029
2563.408,0.153855
2563.409,0.145275
2563.41,0.117975
2563.411,0.100815
2563.412,0.107055
2563.413,0.11544
2563.414,0.1287
2563.415,0.154635
2563.416,0.18252
2563.417,0.19227
2563.418,0.2028
2563.419,0.20396999999999998
2563.42,0.19539
2563.421,0.192465
2563.422,0.18291
2563.423,0.1755
2563.424,0.16458
2563.425,0.158535
2563.426,0.132015
2563.427,0.115635
2563.428,0.10686
2563.429,0.11583
2563.43,0.122655
2563.431,0.141375
2563.432,0.16614
2563.433,0.19734
2563.434,0.20357999999999998
2563.435,0.214695
2563.436,0.21294
2563.437,0.206895
2563.438,0.19773
2563.439,0.18798
2563.44,0.170235
2563.441,0.15950999999999999
2563.442,0.15405
2563.443,0.132015
2563.444,0.11622
2563.445,0.11271
2563.446,0.12558
2563.447,0.135135
2563.448,0.15170999999999998
2563.449,0.18291
2563.45,0.208845
2563.451,0.21372
2563.452,0.210015
2563.453,0.20982
2563.454,0.2028
2563.455,0.19227
2563.456,0.18486
2563.457,0.166335
2563.458,0.1638
2563.459,0.149955
2563.46,0.128895
2563.461,0.10958999999999999
2563.462,0.114075
2563.463,0.126945
2563.464,0.14118
2563.465,0.166335
2563.466,0.192855
2563.467,0.20631
2563.468,0.210405
2563.469,0.21606
2563.47,0.21098999999999998
2563.471,0.20163
2563.472,0.18914999999999998
2563.473,0.18291
2563.474,0.167895
2563.475,0.153855
2563.476,0.13806
2563.477,0.11622
2563.478,0.112515
2563.479,0.117585
2563.48,0.133575
2563.481,0.148785
2563.482,0.17784
2563.483,0.20124
2563.484,0.20435999999999999
2563.485,0.20982
2563.486,0.21216
2563.487,0.20787
2563.488,0.20124
2563.489,0.193245
2563.49,0.173745
2563.491,0.166335
2563.492,0.158535
2563.493,0.1404
2563.494,0.114075
2563.495,0.111735
2563.496,0.128895
2563.497,0.141375
2563.498,0.153855
2563.499,0.18934499999999999
2563.5,0.213135
2563.501,0.21762
2563.502,0.217035
2563.503,0.212355
2563.504,0.20592
2563.505,0.19851
2563.506,0.191295
2563.507,0.17628
2563.508,0.166335
2563.509,0.1638
2563.51,0.135135
2563.511,0.122655
2563.512,0.122655
2563.513,0.1326
2563.514,0.149565
2563.515,0.175695
2563.516,0.20592
2563.517,0.21411
2563.518,0.222495
2563.519,0.21606
2563.52,0.210015
2563.521,0.20787
2563.522,0.197535
2563.523,0.185055
2563.524,0.166335
2563.525,0.160095
2563.526,0.147615
2563.527,0.12636
2563.528,0.11544
2563.529,0.1248
2563.53,0.136305
2563.531,0.14859
2563.532,0.182715
2563.533,0.208845
2563.534,0.21411
2563.535,0.217815
2563.536,0.222495
2563.537,0.21294
2563.538,0.20377499999999998
2563.539,0.195195
2563.54,0.184665
2563.541,0.167895
2563.542,0.16419
2563.543,0.142545
2563.544,0.12519
2563.545,0.122655
2563.546,0.13299
2563.547,0.138255
2563.548,0.155415
2563.549,0.19539
2563.55,0.220155
2563.551,0.22542
2563.552,0.22464
2563.553,0.220935
2563.554,0.21528
2563.555,0.206895
2563.556,0.195585
2563.557,0.179595
2563.558,0.172575
2563.559,0.1638
2563.56,0.13923
2563.561,0.1287
2563.562,0.128895
2563.563,0.14079
2563.564,0.150735
2563.565,0.18173999999999998
2563.566,0.20377499999999998
2563.567,0.22658999999999999
2563.568,0.22619999999999998
2563.569,0.220935
2563.57,0.215475
2563.571,0.216255
2563.572,0.19636499999999998
2563.573,0.191295
2563.574,0.17628
2563.575,0.166335
2563.576,0.14235
2563.577,0.121485
2563.578,0.124995
2563.579,0.132795
2563.58,0.14118
2563.581,0.15795
2563.582,0.191295
2563.583,0.21216
2563.584,0.219375
2563.585,0.220155
2563.586,0.217815
2563.587,0.212355
2563.588,0.20631
2563.589,0.20416499999999999
2563.59,0.18759
2563.591,0.17277
2563.592,0.17043
2563.593,0.14547
2563.594,0.13143
2563.595,0.12947999999999998
2563.596,0.13708499999999998
2563.597,0.160095
2563.598,0.17823
2563.599,0.210015
2563.6,0.23399999999999999
2563.601,0.24101999999999998
2563.602,0.234975
2563.603,0.23595
2563.604,0.22464
2563.605,0.21801
2563.606,0.20592
2563.607,0.19695
2563.608,0.179205
2563.609,0.172965
2563.61,0.145665
2563.611,0.133965
2563.612,0.13884
2563.613,0.1482
2563.614,0.16107
2563.615,0.190515
2563.616,0.21723
2563.617,0.234975
2563.618,0.23439
2563.619,0.234975
2563.62,0.22658999999999999
2563.621,0.21723
2563.622,0.210405
2563.623,0.208065
2563.624,0.19227
2563.625,0.183105
2563.626,0.164775
2563.627,0.141375
2563.628,0.135135
2563.629,0.141375
2563.63,0.15639
2563.631,0.16575
2563.632,0.19773
2563.633,0.22658999999999999
2563.634,0.22854
2563.635,0.23341499999999998
2563.636,0.234975
2563.637,0.23166
2563.638,0.22035
2563.639,0.21528
2563.64,0.20592
2563.641,0.19032
2563.642,0.17784
2563.643,0.16029
2563.644,0.138255
2563.645,0.14079
2563.646,0.14547
2563.647,0.16107
2563.648,0.178815
2563.649,0.21372
2563.65,0.234975
2563.651,0.24219
2563.652,0.236535
2563.653,0.23517
2563.654,0.228735
2563.655,0.21567
2563.656,0.21255
2563.657,0.195
2563.658,0.1833
2563.659,0.172965
2563.66,0.147615
2563.661,0.13377
2563.662,0.13884
2563.663,0.14625
2563.664,0.160095
2563.665,0.191685
2563.666,0.21216
2563.667,0.22776
2563.668,0.23283
2563.669,0.230295
2563.67,0.22347
2563.671,0.216645
2563.672,0.20787
2563.673,0.202215
2563.674,0.17979
2563.675,0.17823
2563.676,0.156975
2563.677,0.133575
2563.678,0.13377
2563.679,0.14235
