29338.2,0.14912704393333923
29338.201,0.14912764739393558
29338.202,0.1491282524649828
29338.203,0.1491288592005059
29338.204,0.14912946732268959
29338.205,0.14913007744189577
29338.206,0.14913068926436782
29338.207,0.14913130203565755
29338.208,0.14913191676592177
29338.209,0.14913253414046276
29338.21,0.14913315384484038
29338.211,0.14913377530211125
29338.212,0.1491343990005187
29338.213,0.14913502474071183
29338.214,0.1491356515572677
29338.215,0.14913627948900585
29338.216,0.14913690953256398
29338.217,0.14913754165354687
29338.218,0.14913817602010604
29338.219,0.1491388129009842
29338.22,0.1491394515681565
29338.221,0.1491400924730258
29338.222,0.14914073623119697
29338.223,0.14914138230109886
29338.224,0.14914203127524883
29338.225,0.14914268417209403
29338.226,0.1491433410318432
29338.227,0.14914400145811116
29338.228,0.1491446652069868
29338.229,0.14914533316023235
29338.23,0.14914600452326482
29338.231,0.14914667839511306
29338.232,0.14914735539334398
29338.233,0.14914803571962507
29338.234,0.14914871984792447
29338.235,0.14914940757760167
29338.236,0.14915009920256642
29338.237,0.14915079429731257
29338.238,0.1491514932337889
29338.239,0.1491521959547754
29338.24,0.14915290270162376
29338.241,0.14915361277614758
29338.242,0.14915432750208774
29338.243,0.1491550466626072
29338.244,0.1491557695809645
29338.245,0.14915649652736207
29338.246,0.14915722694774008
29338.247,0.14915796041096138
29338.248,0.14915869701257475
29338.249,0.14915943679305027
29338.25,0.1491601799950097
29338.251,0.14916092583776464
29338.252,0.14916167461634625
29338.253,0.14916242627172502
29338.254,0.14916318061466363
29338.255,0.14916393782308535
29338.256,0.1491646970031396
29338.257,0.14916545825104977
29338.258,0.1491662220819919
29338.259,0.14916698863507527
29338.26,0.14916775799998586
29338.261,0.14916852940069514
29338.262,0.14916930301827122
29338.263,0.1491700785084234
29338.264,0.14917085495417778
29338.265,0.14917163223406243
29338.266,0.14917241077767043
29338.267,0.14917319053336173
29338.268,0.1491739712412735
29338.269,0.1491747524880653
29338.27,0.14917553445846093
29338.271,0.14917631680745033
29338.272,0.14917709999557588
29338.273,0.1491778836328447
29338.274,0.1491786673141483
29338.275,0.14917945182673306
29338.276,0.1491802370691511
29338.277,0.1491810221619432
29338.278,0.14918180733119296
29338.279,0.1491825928389375
29338.28,0.14918337826803857
29338.281,0.1491841627158016
29338.282,0.1491849464608025
29338.283,0.14918572986790923
29338.284,0.14918651262473356
29338.285,0.14918729460497146
29338.286,0.1491880760415933
29338.287,0.1491888568238384
29338.288,0.14918963720432715
29338.289,0.1491904173006459
29338.29,0.1491911963135075
29338.291,0.14919197427843187
29338.292,0.14919275218830258
29338.293,0.14919353002601804
29338.294,0.1491943074651615
29338.295,0.14919508415487948
29338.296,0.14919586011040215
29338.297,0.14919663485845935
29338.298,0.14919740821867172
29338.299,0.14919818023900966
29338.3,0.1491989518037139
29338.301,0.14919972236433665
29338.302,0.14920049287457215
29338.303,0.149201262870924
29338.304,0.14920203212081098
29338.305,0.14920280114016937
29338.306,0.14920356933700119
29338.307,0.14920433657455642
29338.308,0.1492051039589325
29338.309,0.14920587189885223
29338.31,0.14920663960320404
29338.311,0.14920740719198716
29338.312,0.14920817511692733
29338.313,0.14920894320599862
29338.314,0.14920971051010817
29338.315,0.14921047811557944
29338.316,0.1492112462244625
29338.317,0.149212014790072
29338.318,0.1492127838588586
29338.319,0.14921355386579502
29338.32,0.1492143244639211
29338.321,0.14921509616888431
29338.322,0.14921586923294144
29338.323,0.14921664332424306
29338.324,0.1492174188690162
29338.325,0.1492181965062098
29338.326,0.14921897592950278
29338.327,0.1492197574392699
29338.328,0.149220540936909
29338.329,0.1492213268062231
29338.33,0.149222114737024
29338.331,0.14922290436503496
29338.332,0.14922369648969513
29338.333,0.14922449098277038
29338.334,0.14922528837177124
29338.335,0.1492260887787292
29338.336,0.1492268925309707
29338.337,0.14922769944114722
29338.338,0.14922851013411714
29338.339,0.14922932532569827
29338.34,0.14923014411964416
29338.341,0.14923096616095044
29338.342,0.1492317930807203
29338.343,0.14923262466145507
29338.344,0.1492334607998731
29338.345,0.14923430218628456
29338.346,0.14923514839670465
29338.347,0.14923599916840274
29338.348,0.14923685419804888
29338.349,0.14923771433318314
29338.35,0.14923857955136147
29338.351,0.14923944918751864
29338.352,0.1492403240304308
29338.353,0.14924120449369557
29338.354,0.14924209039014366
29338.355,0.149242981924468
29338.356,0.1492438790484916
29338.357,0.14924478246198003
29338.358,0.14924569211807073
29338.359,0.14924660868207487
29338.36,0.1492475316649173
29338.361,0.14924846096532673
29338.362,0.14924939721265698
29338.363,0.1492503401702338
29338.364,0.14925128891959905
29338.365,0.1492522443380318
29338.366,0.14925320655433968
29338.367,0.14925417533835938
29338.368,0.1492551507088977
29338.369,0.14925613243252212
29338.37,0.14925712082028436
29338.371,0.149258115884146
29338.372,0.14925911842733283
29338.373,0.14926012751909482
29338.374,0.14926114350621758
29338.375,0.14926216764627043
29338.376,0.14926319979935646
29338.377,0.14926423944527784
29338.378,0.1492652861831824
29338.379,0.14926634074498085
29338.38,0.14926740258319499
29338.381,0.14926847058476048
29338.382,0.1492695454795557
29338.383,0.14927062708925914
29338.384,0.14927171551864785
29338.385,0.14927281097439823
29338.386,0.14927391329537837
29338.387,0.14927502209041002
29338.388,0.14927613735516285
29338.389,0.14927725949074452
29338.39,0.14927838772292468
29338.391,0.1492795221174815
29338.392,0.14928066357217984
29338.393,0.14928181160068707
29338.394,0.14928296589677092
29338.395,0.1492841263950866
29338.396,0.14928529328809723
29338.397,0.14928646493846204
29338.398,0.14928764174718315
29338.399,0.14928882378316294
29338.4,0.14929001079804036
29338.401,0.14929120212464064
29338.402,0.1492923978791689
29338.403,0.14929359826244212
29338.404,0.1492948028781727
29338.405,0.1492960116638448
29338.406,0.14929722418225025
29338.407,0.14929844027378672
29338.408,0.14929965986674001
29338.409,0.1493008837067246
29338.41,0.1493021105225481
29338.411,0.14930334065891293
29338.412,0.14930457341294648
29338.413,0.14930580891866913
29338.414,0.14930704637660702
29338.415,0.1493082854372061
29338.416,0.14930952605257916
29338.417,0.14931076812639918
29338.418,0.1493120113636155
29338.419,0.14931325569429518
29338.42,0.14931450050305003
29338.421,0.1493157461390086
29338.422,0.14931699251811248
29338.423,0.1493182391065715
29338.424,0.14931948560202893
29338.425,0.14932073229229137
29338.426,0.14932197884321488
29338.427,0.1493232254873503
29338.428,0.14932447183965028
29338.429,0.14932571856477028
29338.43,0.1493269652307543
29338.431,0.1493282107282994
29338.432,0.14932945502327066
29338.433,0.14933069827190337
29338.434,0.14933194040093092
29338.435,0.14933318128645867
29338.436,0.14933442111375791
29338.437,0.14933565966579407
29338.438,0.1493368964949955
29338.439,0.1493381321103485
29338.44,0.14933936552522437
29338.441,0.14934059711163394
29338.442,0.1493418283299428
29338.443,0.1493430581890582
29338.444,0.14934428666656854
29338.445,0.14934551417582814
29338.446,0.14934674021768818
29338.447,0.14934796484252932
29338.448,0.1493491875706559
29338.449,0.14935040856919882
29338.45,0.1493516281352073
29338.451,0.14935284679302013
29338.452,0.1493540645728128
29338.453,0.14935528115189822
29338.454,0.14935649656070377
29338.455,0.14935771119875862
29338.456,0.1493589246547127
29338.457,0.1493601374452681
29338.458,0.14936134971232107
29338.459,0.14936256224718608
29338.46,0.14936377450153726
29338.461,0.14936498684125535
29338.462,0.1493661994160702
29338.463,0.14936741229086764
29338.464,0.14936862425644484
29338.465,0.14936983632222015
29338.466,0.1493710485628354
29338.467,0.14937226099147885
29338.468,0.14937347363919587
29338.469,0.14937468675292467
29338.47,0.14937590078973298
29338.471,0.14937711583783117
29338.472,0.14937833221689034
29338.473,0.14937954911037016
29338.474,0.1493807666657822
29338.475,0.1493819857853358
29338.476,0.14938320671757324
29338.477,0.1493844292054956
29338.478,0.14938565342970597
29338.479,0.14938687998216807
29338.48,0.1493881079892039
29338.481,0.14938933693817485
29338.482,0.14939056739879808
29338.483,0.14939179843682632
29338.484,0.14939303079745014
29338.485,0.1493942645515509
29338.486,0.14939549993343165
29338.487,0.14939673683338645
29338.488,0.14939797518565154
29338.489,0.14939921521619734
29338.49,0.14940045643596692
29338.491,0.14940169858253863
29338.492,0.14940294324441417
29338.493,0.1494041899810315
29338.494,0.1494054384689925
29338.495,0.14940668883215616
29338.496,0.1494079408728087
29338.497,0.14940919363464886
29338.498,0.14941044742981807
29338.499,0.1494117022841469
29338.5,0.14941295810320862
29338.501,0.14941421461127963
29338.502,0.14941547222842594
29338.503,0.14941673086419677
29338.504,0.1494179900438595
29338.505,0.14941924978751345
29338.506,0.14942051040743465
29338.507,0.14942177131565165
29338.508,0.14942303314949815
29338.509,0.14942429627003848
29338.51,0.14942556017751818
29338.511,0.14942682528187598
29338.512,0.14942809094781923
29338.513,0.1494293574460156
29338.514,0.14943062329682696
29338.515,0.1494318886252307
29338.516,0.1494331540015182
29338.517,0.14943441907570587
29338.518,0.14943568370960114
29338.519,0.14943694768818028
29338.52,0.14943821060297693
29338.521,0.1494394728062388
29338.522,0.14944073405414654
29338.523,0.1494419939218785
29338.524,0.14944325247151777
29338.525,0.1494445102815428
29338.526,0.14944576719429548
29338.527,0.14944702325889667
29338.528,0.14944827792933935
29338.529,0.1494495310905682
29338.53,0.14945078195241668
29338.531,0.1494520302116322
29338.532,0.14945327628184044
29338.533,0.14945452013075594
29338.534,0.1494557616396978
29338.535,0.14945700096349462
29338.536,0.1494582380733364
29338.537,0.14945947231058074
29338.538,0.14946070371877723
29338.539,0.1494619330791533
29338.54,0.14946315907380614
29338.541,0.14946438177857585
29338.542,0.1494656025649397
29338.543,0.1494668209275733
29338.544,0.14946803691822586
29338.545,0.14946925096415947
29338.546,0.14947046276322712
29338.547,0.14947167184362609
29338.548,0.14947287736191595
29338.549,0.149474080201584
29338.55,0.1494752809664187
29338.551,0.14947647865769972
29338.552,0.14947767353207164
29338.553,0.14947886619135198
29338.554,0.1494800565324689
29338.555,0.14948124434974558
29338.556,0.14948242992945726
29338.557,0.14948361403360222
29338.558,0.1494847965094243
29338.559,0.14948597820865717
29338.56,0.14948715889370617
29338.561,0.149488338684539
29338.562,0.14948951817236378
29338.563,0.1494906972003209
29338.564,0.14949187497865707
29338.565,0.14949305234877164
29338.566,0.14949422941309118
29338.567,0.14949540623071894
29338.568,0.14949658322483084
29338.569,0.14949776040962057
29338.57,0.14949893820899063
29338.571,0.14950011690535062
29338.572,0.1495012967938165
29338.573,0.14950247756142865
29338.574,0.14950365947479766
29338.575,0.14950484320540286
29338.576,0.1495060293481168
29338.577,0.14950721726492466
29338.578,0.14950840678522626
29338.579,0.14950959848390713
29338.58,0.14951079206731294
29338.581,0.14951198761243006
29338.582,0.149513184996479
29338.583,0.14951438428875993
29338.584,0.1495155865295143
29338.585,0.14951679106561203
29338.586,0.14951799794196166
29338.587,0.14951920667702742
29338.588,0.14952041768041377
29338.589,0.14952163129393517
29338.59,0.14952284651852638
29338.591,0.1495240635577722
29338.592,0.1495252834168388
29338.593,0.14952650561837194
29338.594,0.1495277301400757
29338.595,0.14952895716718986
29338.596,0.14953018627838488
29338.597,0.14953141649237991
29338.598,0.14953264731824123
29338.599,0.14953387938262364
29338.6,0.14953511272517625
29338.601,0.14953634799676405
29338.602,0.14953758454232913
29338.603,0.14953882204963562
29338.604,0.14954006051189755
29338.605,0.14954129975939953
29338.606,0.1495425397054
29338.607,0.1495437795367196
29338.608,0.14954502035786943
29338.609,0.1495462614923434
29338.61,0.14954750337294237
29338.611,0.14954874484428718
29338.612,0.14954998616346238
29338.613,0.14955122773173432
29338.614,0.149552467738843
29338.615,0.14955370627614975
29338.616,0.14955494361720453
29338.617,0.14955617942829594
29338.618,0.14955741339174677
29338.619,0.14955864559595827
29338.62,0.14955987564602616
29338.621,0.14956110418902538
29338.622,0.14956233039278927
29338.623,0.14956355427389956
29338.624,0.1495647752037876
29338.625,0.14956599352062575
29338.626,0.14956720936316087
29338.627,0.14956842258050226
29338.628,0.14956963284651703
29338.629,0.14957084030353604
29338.63,0.14957204400439023
29338.631,0.14957324347433393
29338.632,0.1495744387224254
29338.633,0.1495756294373609
29338.634,0.1495768157131666
29338.635,0.14957799733004107
29338.636,0.14957917404739707
29338.637,0.1495803455271046
29338.638,0.1495815119196761
29338.639,0.1495826731475017
29338.64,0.14958382810019027
29338.641,0.14958497746358082
29338.642,0.14958612184546227
29338.643,0.149587260639171
29338.644,0.14958839392542012
29338.645,0.14958952172875875
29338.646,0.14959064315843928
29338.647,0.14959175724248824
29338.648,0.14959286428132
29338.649,0.14959396435971475
29338.65,0.14959505771986162
29338.651,0.149596143755628
29338.652,0.1495972227034857
29338.653,0.1495982944391232
29338.654,0.14959935885317716
29338.655,0.14960041639530552
29338.656,0.14960146727450005
29338.657,0.14960251056249732
29338.658,0.14960354638256626
29338.659,0.14960457524031504
29338.66,0.14960559709553584
29338.661,0.14960661171429632
29338.662,0.14960761967856484
29338.663,0.14960862062746094
29338.664,0.14960961369909517
29338.665,0.14961059914514138
29338.666,0.14961157734937647
29338.667,0.14961254809051416
29338.668,0.14961351190313354
29338.669,0.14961446865295294
29338.67,0.14961541866752434
29338.671,0.14961636197580783
29338.672,0.14961729893673711
29338.673,0.1496182291594838
29338.674,0.1496191525782038
29338.675,0.14962007054101775
29338.676,0.14962098318834394
29338.677,0.1496218906206521
29338.678,0.1496227925818183
29338.679,0.14962369023600083
29338.68,0.14962458315102756
29338.681,0.14962547059072714
29338.682,0.14962635261947485
29338.683,0.14962722991336627
29338.684,0.1496281030600564
29338.685,0.14962897217923676
29338.686,0.14962983773009542
29338.687,0.1496306996185511
29338.688,0.1496315580205198
29338.689,0.1496324140910169
29338.69,0.149633266958399
29338.691,0.14963411810786617
29338.692,0.14963496764111203
29338.693,0.14963581617386
29338.694,0.14963666337754697
29338.695,0.14963750949723895
29338.696,0.14963835503984138
29338.697,0.14963919954172727
29338.698,0.1496400432067629
29338.699,0.14964088725047142
29338.7,0.14964173128581784
29338.701,0.14964257539383027
29338.702,0.14964341941801776
29338.703,0.14964426426045135
29338.704,0.14964510998330716
29338.705,0.14964595691525454
29338.706,0.1496468051176166
29338.707,0.1496476547585956
29338.708,0.14964850650316883
29338.709,0.1496493607700182
29338.71,0.14965021803093284
29338.711,0.1496510775479414
29338.712,0.14965194011758748
29338.713,0.14965280528041075
29338.714,0.14965367193924153
29338.715,0.14965454083043722
29338.716,0.14965541288952022
29338.717,0.14965628762821612
29338.718,0.14965716533014722
29338.719,0.14965804599989624
29338.72,0.14965892882321422
29338.721,0.14965981439238932
29338.722,0.14966070228085113
29338.723,0.14966159252468084
29338.724,0.14966248436305774
29338.725,0.14966337864808693
29338.726,0.14966427519039302
29338.727,0.149665173791132
29338.728,0.14966607394238754
29338.729,0.1496669756756648
29338.73,0.14966787868262763
29338.731,0.1496687822852441
29338.732,0.14966968603060019
29338.733,0.14967058948719955
29338.734,0.1496714922957548
29338.735,0.14967239432217655
29338.736,0.14967329537246193
29338.737,0.1496741947915581
29338.738,0.14967509253988467
29338.739,0.14967598856373768
29338.74,0.14967688195662043
29338.741,0.14967777279696629
29338.742,0.1496786614329617
29338.743,0.1496795473188306
29338.744,0.1496804298792278
29338.745,0.1496813086900424
29338.746,0.14968218309759726
29338.747,0.14968305225614006
29338.748,0.14968391660127595
29338.749,0.14968477573359157
29338.75,0.14968562947617506
29338.751,0.14968647756347503
29338.752,0.14968731980484642
29338.753,0.14968815644367564
29338.754,0.14968898640977715
29338.755,0.1496898100300682
29338.756,0.14969062714044956
29338.757,0.14969143741698956
29338.758,0.1496922418339147
29338.759,0.14969304059138094
29338.76,0.1496938333571725
29338.761,0.1496946197208896
29338.762,0.1496954005489049
29338.763,0.1496961755491384
29338.764,0.1496969437974385
29338.765,0.1496977060957392
29338.766,0.14969846265304382
29338.767,0.14969921369017924
29338.768,0.14969995974973846
29338.769,0.1497007007648279
29338.77,0.14970143713332318
29338.771,0.1497021690485043
29338.772,0.14970289775155599
29338.773,0.14970362272181653
29338.774,0.1497043443671353
29338.775,0.14970506449060042
29338.776,0.14970578271837262
29338.777,0.14970650020842516
29338.778,0.1497072160974781
29338.779,0.14970793155361037
29338.78,0.14970864637662837
29338.781,0.14970936056045683
29338.782,0.14971007515169826
29338.783,0.1497107907731392
29338.784,0.14971150808791892
29338.785,0.1497122275441999
29338.786,0.14971294952630304
29338.787,0.14971367423141194
29338.788,0.14971440244826595
29338.789,0.149715135595414
29338.79,0.14971587252695498
29338.791,0.14971661403279193
29338.792,0.14971736095655522
29338.793,0.14971811384084796
29338.794,0.1497188726205994
29338.795,0.149719637619388
29338.796,0.1497204092114862
29338.797,0.14972118654740094
29338.798,0.1497219701772167
29338.799,0.14972276099859808
29338.8,0.1497235588726604
29338.801,0.14972436392303135
29338.802,0.14972517663968166
29338.803,0.14972599716647128
29338.804,0.14972682556566635
29338.805,0.1497276617679674
29338.806,0.14972850577845292
29338.807,0.14972935721362932
29338.808,0.1497302166791589
29338.809,0.14973108461705617
29338.81,0.14973196030589037
29338.811,0.14973284350888116
29338.812,0.14973373432992887
29338.813,0.14973463257830533
29338.814,0.1497355369789455
29338.815,0.14973644761455246
29338.816,0.14973736494268577
29338.817,0.1497382879121363
29338.818,0.14973921637607254
29338.819,0.1497401498807127
29338.82,0.14974108780696135
29338.821,0.14974203046826942
29338.822,0.1497429774429266
29338.823,0.14974392770771794
29338.824,0.14974488081043671
29338.825,0.14974583731163554
29338.826,0.14974679684905165
29338.827,0.14974775838784454
29338.828,0.14974872138051296
29338.829,0.14974968596492208
29338.83,0.1497506505639223
29338.831,0.14975161412884883
29338.832,0.14975257616078824
29338.833,0.14975353644726316
29338.834,0.14975449455783868
29338.835,0.14975545016317324
29338.836,0.14975640307975888
29338.837,0.14975735244287713
29338.838,0.1497582977800085
29338.839,0.14975923858278503
29338.84,0.14976017362166363
29338.841,0.14976110263719886
29338.842,0.14976202600424854
29338.843,0.14976294330697068
29338.844,0.14976385421626848
29338.845,0.1497647582773915
29338.846,0.14976565479039866
29338.847,0.14976654291949237
29338.848,0.14976742247715377
29338.849,0.149768293153684
29338.85,0.14976915442625954
29338.851,0.14977000622430836
29338.852,0.14977084838381388
29338.853,0.1497716810277321
29338.854,0.14977250371817913
29338.855,0.14977331716026712
29338.856,0.1497741206809439
29338.857,0.14977491415169805
29338.858,0.14977569753798012
29338.859,0.14977647135132816
29338.86,0.1497772354474248
29338.861,0.14977799044665654
29338.862,0.14977873620420926
29338.863,0.14977947258863764
29338.864,0.14978019895107111
29338.865,0.14978091583792127
29338.866,0.14978162371504858
29338.867,0.14978232301426259
29338.868,0.14978301387144066
29338.869,0.14978369643228784
29338.87,0.14978437100711167
29338.871,0.1497850380505865
29338.872,0.1497856985613455
29338.873,0.1497863516480299
29338.874,0.14978699817500699
29338.875,0.1497876391648944
29338.876,0.14978827485931043
29338.877,0.14978890591770208
29338.878,0.1497895320709793
29338.879,0.1497901547123799
29338.88,0.14979077355741197
29338.881,0.14979138844095918
29338.882,0.14979199966497683
29338.883,0.14979260763332397
29338.884,0.14979321296005246
29338.885,0.14979381604331599
29338.886,0.1497944170811785
29338.887,0.14979501638377024
29338.888,0.14979561467201125
29338.889,0.1497962123714763
29338.89,0.14979680853031
29338.891,0.14979740365821206
29338.892,0.14979799948988765
29338.893,0.14979859584610428
29338.894,0.1497991930436321
29338.895,0.14979979132918625
29338.896,0.14980039100635437
29338.897,0.1498009912476649
29338.898,0.1498015920462901
29338.899,0.14980219377176374
29338.9,0.14980279660550708
29338.901,0.14980340069946804
29338.902,0.14980400654820283
29338.903,0.14980461366206083
29338.904,0.14980522211668626
29338.905,0.149805832070919
29338.906,0.14980644384787678
29338.907,0.1498070569414006
29338.908,0.149807672371697
29338.909,0.14980828989473008
29338.91,0.14980890912812708
29338.911,0.14980953020874324
29338.912,0.1498101531883215
29338.913,0.14981077751917596
29338.914,0.14981140277136962
29338.915,0.14981202922747242
29338.916,0.14981265707190333
29338.917,0.14981328617356077
29338.918,0.14981391669893002
29338.919,0.14981454850378026
29338.92,0.14981518112787875
29338.921,0.14981581495469423
29338.922,0.14981644995887586
29338.923,0.1498170856967132
29338.924,0.1498177222118003
29338.925,0.1498183599276335
29338.926,0.1498189993823346
29338.927,0.14981964018108335
29338.928,0.14982028261605557
29338.929,0.149820926256453
29338.93,0.14982157051150713
29338.931,0.14982221521120517
29338.932,0.1498228597891021
29338.933,0.14982350545770698
29338.934,0.14982415142016847
29338.935,0.14982479791113795
29338.936,0.14982544492605976
29338.937,0.14982609229190436
29338.938,0.14982674039739888
29338.939,0.1498273896343735
29338.94,0.14982803901516326
29338.941,0.14982868905335994
29338.942,0.14982934046266727
29338.943,0.14982999308169548
29338.944,0.1498306460734955
29338.945,0.1498312997119184
29338.946,0.14983195389524137
29338.947,0.14983260795735223
29338.948,0.1498332621294767
29338.949,0.14983391633364437
29338.95,0.14983457045467677
29338.951,0.14983522454159268
29338.952,0.1498358788151946
29338.953,0.14983653302494643
29338.954,0.14983718654858055
29338.955,0.14983783922956226
29338.956,0.14983849107780203
29338.957,0.14983914168397283
29338.958,0.14983979120203808
29338.959,0.14984044031439436
29338.96,0.14984108814710273
29338.961,0.14984173430054393
29338.962,0.14984237868114533
29338.963,0.14984302078374478
29338.964,0.14984365990454346
29338.965,0.14984429600852026
29338.966,0.1498449289464713
29338.967,0.1498455580989667
29338.968,0.14984618361722615
29338.969,0.14984680538980363
29338.97,0.1498474230105154
29338.971,0.14984803638995925
29338.972,0.14984864545669474
29338.973,0.14984924894094084
29338.974,0.14984984695462022
29338.975,0.14985043975969317
29338.976,0.14985102707682624
29338.977,0.14985160828954616
29338.978,0.1498521830940068
29338.979,0.14985275117250685
29338.98,0.1498533120171148
29338.981,0.14985386493004055
29338.982,0.1498544099071549
29338.983,0.14985494694991355
29338.984,0.14985547557436418
29338.985,0.14985599577151534
29338.986,0.1498565071695692
29338.987,0.14985700954434855
29338.988,0.1498575032853824
29338.989,0.14985798829813532
29338.99,0.1498584633978724
29338.991,0.14985892921017993
29338.992,0.1498593864933692
29338.993,0.1498598348486508
29338.994,0.14986027389894638
29338.995,0.14986070340272847
29338.996,0.14986112309001445
29338.997,0.14986153254706083
29338.998,0.14986193198845033
29338.999,0.14986232184683243
29339.0,0.1498627023135936
29339.001,0.14986307326861403
29339.002,0.14986343492911908
29339.003,0.14986378730875285
29339.004,0.1498641306338826
29339.005,0.14986446510175155
29339.006,0.14986479079387793
29339.007,0.14986510716041357
29339.008,0.14986541558124308
29339.009,0.14986571632418044
29339.01,0.14986600974725764
29339.011,0.14986629560743311
29339.012,0.14986657435432818
29339.013,0.14986684593217592
29339.014,0.14986711011935924
29339.015,0.1498673673620148
29339.016,0.14986761813498983
29339.017,0.1498678623993664
29339.018,0.1498681003314247
29339.019,0.14986833254189863
29339.02,0.14986855945233055
29339.021,0.14986878148024552
29339.022,0.14986899884807603
29339.023,0.1498692113446018
29339.024,0.14986941929371672
29339.025,0.14986962339892673
29339.026,0.1498698243148586
29339.027,0.14987002150923448
29339.028,0.14987021521976057
29339.029,0.14987040579290822
29339.03,0.14987059327696808
29339.031,0.1498707775391186
29339.032,0.14987095852235693
29339.033,0.1498711367687795
29339.034,0.14987131223376446
29339.035,0.149871485616981
29339.036,0.14987165712388564
29339.037,0.1498718266993331
29339.038,0.14987199413381322
29339.039,0.14987215980473978
29339.04,0.1498723230787059
29339.041,0.14987248468680373
29339.042,0.14987264500597053
29339.043,0.14987280396295438
29339.044,0.14987296136730505
29339.045,0.14987311767713
29339.046,0.14987327236671621
29339.047,0.14987342491566932
29339.048,0.14987357526406136
29339.049,0.14987372384075145
29339.05,0.14987387028734464
29339.051,0.1498740147940165
29339.052,0.14987415754276234
29339.053,0.14987429830025537
29339.054,0.14987443684840238
29339.055,0.14987457388134579
29339.056,0.149874709339262
29339.057,0.14987484266810872
29339.058,0.14987497455363533
29339.059,0.14987510509236526
29339.06,0.14987523426116242
29339.061,0.1498753615590206
29339.062,0.1498754873523031
29339.063,0.1498756110709446
29339.064,0.1498757321887944
29339.065,0.14987585055893085
29339.066,0.14987596681055063
29339.067,0.14987608074055203
29339.068,0.1498761926092052
29339.069,0.14987630287480325
29339.07,0.14987641069940844
29339.071,0.1498765162758118
29339.072,0.1498766200391743
29339.073,0.14987672149202577
29339.074,0.14987682076098185
29339.075,0.14987691812571857
29339.076,0.14987701379125695
29339.077,0.14987710794824893
29339.078,0.14987720009240907
29339.079,0.1498772899976558
29339.08,0.14987737783776156
29339.081,0.14987746268684096
29339.082,0.14987754505527756
29339.083,0.14987762525515722
29339.084,0.14987770314774598
29339.085,0.14987777939272195
29339.086,0.149877853928751
29339.087,0.14987792661011587
29339.088,0.14987799771004437
29339.089,0.14987806669956066
29339.09,0.14987813366243713
29339.091,0.1498781986768496
29339.092,0.1498782625962605
29339.093,0.14987832533869463
29339.094,0.14987838641972415
29339.095,0.1498784462554398
29339.096,0.14987850465070401
29339.097,0.14987856144582595
29339.098,0.14987861646928496
29339.099,0.14987867033525468
29339.1,0.14987872318554388
29339.101,0.14987877512677605
29339.102,0.1498788264638501
29339.103,0.1498788774032206
29339.104,0.1498789280566689
29339.105,0.14987897848994117
29339.106,0.14987902904174832
29339.107,0.14987907964016547
29339.108,0.14987913135628902
29339.109,0.14987918432887432
29339.11,0.14987923832015024
29339.111,0.1498792929514136
29339.112,0.14987934921455165
29339.113,0.14987940727433322
29339.114,0.1498794665033722
29339.115,0.14987952728487705
29339.116,0.14987958984822455
29339.117,0.14987965461854097
29339.118,0.14987972196143154
29339.119,0.14987979195903875
29339.12,0.14987986460710323
29339.121,0.14987993985064102
29339.122,0.14988001821936753
29339.123,0.14988009952353104
29339.124,0.1498801843171056
29339.125,0.14988027298079537
29339.126,0.14988036604054383
29339.127,0.14988046313852027
29339.128,0.1498805641909959
29339.129,0.14988066937127892
29339.13,0.14988077843771164
29339.131,0.1498808912258515
29339.132,0.14988100751195685
29339.133,0.1498811277946561
29339.134,0.1498812526012174
29339.135,0.14988138149093655
29339.136,0.14988151465191743
29339.137,0.1498816516455391
29339.138,0.1498817929317494
29339.139,0.14988193865311822
29339.14,0.1498820881605379
29339.141,0.14988224132855077
29339.142,0.1498823988485128
29339.143,0.14988256071174927
29339.144,0.1498827268158271
29339.145,0.14988289712379663
29339.146,0.14988307115103483
29339.147,0.14988324839312187
29339.148,0.14988342843204525
29339.149,0.14988361143178003
29339.15,0.14988379705927626
29339.151,0.1498839857136209
29339.152,0.14988417671706997
29339.153,0.1498843704032558
29339.154,0.1498845664398223
29339.155,0.14988476505278495
29339.156,0.14988496583629263
29339.157,0.14988516859650836
29339.158,0.14988537349303874
29339.159,0.1498855804004222
29339.16,0.14988578915547238
29339.161,0.14988599925832352
29339.162,0.14988621098309576
29339.163,0.14988642377082373
29339.164,0.14988663693850487
29339.165,0.14988685086422884
29339.166,0.14988706568293803
29339.167,0.14988728114736058
29339.168,0.14988749732074821
29339.169,0.1498877139261092
29339.17,0.1498879303352274
29339.171,0.1498881471039351
29339.172,0.14988836470812886
29339.173,0.14988858244519007
29339.174,0.14988880021828196
29339.175,0.1498890187886093
29339.176,0.14988923845145935
29339.177,0.14988945859949487
29339.178,0.14988967900682662
29339.179,0.14988990022944165
29339.18,0.1498901219379517
29339.181,0.1498903438958775
29339.182,0.1498905663969641
29339.183,0.14989078952855683
29339.184,0.14989101295562832
29339.185,0.14989123707995852
29339.186,0.14989146226052324
29339.187,0.14989168819551157
29339.188,0.14989191522421683
29339.189,0.14989214385301766
29339.19,0.14989237388298718
29339.191,0.14989260495132178
29339.192,0.149892838729119
29339.193,0.14989307524647663
29339.194,0.14989331398943567
29339.195,0.14989355545891292
29339.196,0.14989379933936678
29339.197,0.14989404546030255
29339.198,0.14989429419971773
29339.199,0.1498945460258154
29339.2,0.14989480087966528
29339.201,0.14989505954558802
29339.202,0.14989532158144675
29339.203,0.1498955868379464
29339.204,0.14989585584832338
29339.205,0.14989612875893615
29339.206,0.14989640593958994
29339.207,0.14989668710037557
29339.208,0.14989697309931405
29339.209,0.1498972639791214
29339.21,0.14989755951255213
29339.211,0.14989785984443008
29339.212,0.14989816562605696
29339.213,0.14989847670340625
29339.214,0.14989879170080128
29339.215,0.1498991114332622
29339.216,0.1498994364747788
29339.217,0.14989976615554873
29339.218,0.1499001006406961
29339.219,0.14990044004552264
29339.22,0.14990078423338735
29339.221,0.14990113312758088
29339.222,0.14990148722923463
29339.223,0.1499018458298134
29339.224,0.1499022090422425
29339.225,0.1499025770456468
29339.226,0.14990295039106713
29339.227,0.14990332868522988
29339.228,0.14990371169343472
29339.229,0.14990409942386856
29339.23,0.1499044913232657
29339.231,0.1499048868563762
29339.232,0.14990528526481772
29339.233,0.14990568686131117
29339.234,0.14990609171404834
29339.235,0.14990649952071006
29339.236,0.14990691037946505
29339.237,0.1499073239760933
29339.238,0.14990774032613052
29339.239,0.14990815926944406
29339.24,0.14990858010667485
29339.241,0.1499090023731178
29339.242,0.1499094270737118
29339.243,0.1499098538072665
29339.244,0.14991028215374788
29339.245,0.14991071166030465
29339.246,0.14991114245562484
29339.247,0.14991157355972243
29339.248,0.1499120048565697
29339.249,0.14991243648726377
29339.25,0.14991286822106056
29339.251,0.14991330002617367
29339.252,0.14991373180610632
29339.253,0.14991416358214932
29339.254,0.14991459495561224
29339.255,0.14991502609365773
29339.256,0.1499154568198211
29339.257,0.14991588622803115
29339.258,0.14991631501299238
29339.259,0.14991674372463706
29339.26,0.14991717215633776
29339.261,0.149917599981662
29339.262,0.14991802740048193
29339.263,0.14991845442954072
29339.264,0.1499188806239829
29339.265,0.14991930581564036
29339.266,0.14991973042384124
29339.267,0.14992015420510388
29339.268,0.14992057697238617
29339.269,0.1499209991200956
29339.27,0.14992142055615548
29339.271,0.1499218417463303
29339.272,0.1499222633190127
29339.273,0.14992268430873143
29339.274,0.14992310497166805
29339.275,0.1499235263214409
29339.276,0.14992394823446403
29339.277,0.1499243705173126
29339.278,0.14992479304950662
29339.279,0.14992521632165703
29339.28,0.14992563980993334
29339.281,0.14992606364798577
29339.282,0.14992648750414025
29339.283,0.14992691187692017
29339.284,0.14992733664429117
29339.285,0.1499277624265645
29339.286,0.14992818924648782
29339.287,0.1499286165186105
29339.288,0.14992904492927842
29339.289,0.14992947467167894
29339.29,0.14992990492499955
29339.291,0.14993033611103346
29339.292,0.14993076942669384
29339.293,0.1499312043327843
29339.294,0.14993164054766372
29339.295,0.14993207886786802
29339.296,0.14993251902368138
29339.297,0.14993296036668244
29339.298,0.14993340293064927
29339.299,0.149933846900339
29339.3,0.14993429235721123
29339.301,0.14993473910966681
29339.302,0.14993518685210735
29339.303,0.14993563605324634
29339.304,0.14993608700682262
29339.305,0.14993653947636199
29339.306,0.14993699366076813
29339.307,0.14993744860008149
29339.308,0.14993790482310643
29339.309,0.1499383625050511
29339.31,0.14993882186751967
29339.311,0.149939282502488
29339.312,0.1499397451091887
29339.313,0.14994020933102506
29339.314,0.14994067378007978
29339.315,0.14994113916848334
29339.316,0.14994160551296537
29339.317,0.14994207271111964
29339.318,0.1499425409578478
29339.319,0.1499430101441264
29339.32,0.14994348011250988
29339.321,0.1499439510219792
29339.322,0.1499444229322907
29339.323,0.14994489534082517
29339.324,0.1499453685198695
29339.325,0.1499458429422943
29339.326,0.14994631883721304
29339.327,0.1499467953166584
29339.328,0.1499472727600864
29339.329,0.14994775080562814
29339.33,0.1499482291576601
29339.331,0.1499487074976678
29339.332,0.149949186148108
29339.333,0.14994966530362586
29339.334,0.1499501451129391
29339.335,0.14995062585718996
29339.336,0.14995110716609544
29339.337,0.14995158856939192
29339.338,0.14995207047307157
29339.339,0.14995255272662755
29339.34,0.1499530348087841
29339.341,0.149953516759054
29339.342,0.14995399981021587
29339.343,0.1499544837378427
29339.344,0.14995496812758863
29339.345,0.14995545300776889
29339.346,0.14995593833866913
29339.347,0.1499564229255542
29339.348,0.14995690688811453
29339.349,0.14995739035948702
29339.35,0.1499578739610377
29339.351,0.1499583574192827
29339.352,0.14995884074770816
29339.353,0.14995932376417329
29339.354,0.14995980658917893
29339.355,0.14996028902552758
29339.356,0.1499607712551738
29339.357,0.14996125260297652
29339.358,0.14996173396277612
29339.359,0.1499622151793513
29339.36,0.1499626956097829
29339.361,0.14996317531232536
29339.362,0.14996365465892128
29339.363,0.14996413337584405
29339.364,0.14996461017878832
29339.365,0.1499650850800743
29339.366,0.14996555870895775
29339.367,0.14996603075515982
29339.368,0.14996650140419496
29339.369,0.14996697067788547
29339.37,0.1499674382662436
29339.371,0.14996790463726012
29339.372,0.14996836898478752
29339.373,0.1499688307785886
29339.374,0.1499692904770183
29339.375,0.14996974842091643
29339.376,0.1499702044820817
29339.377,0.14997065831742448
29339.378,0.14997110981577552
29339.379,0.1499715594246387
29339.38,0.14997200645794784
29339.381,0.14997245064144915
29339.382,0.1499728918920788
29339.383,0.14997333010031771
29339.384,0.14997376518289246
29339.385,0.14997419716847266
29339.386,0.14997462642517975
29339.387,0.1499750532518277
29339.388,0.14997547727035
29339.389,0.14997589850484258
29339.39,0.14997631655288426
29339.391,0.14997673199512
29339.392,0.149977145500496
29339.393,0.14997755689278622
29339.394,0.14997796609329908
29339.395,0.14997837305009545
29339.396,0.14997877777793348
29339.397,0.1499791800109792
29339.398,0.1499795799202344
29339.399,0.14997997791200557
29339.4,0.14998037369737732
29339.401,0.1499807672853773
29339.402,0.14998115932612335
29339.403,0.1499815496791422
29339.404,0.1499819385252148
29339.405,0.1499823261217939
29339.406,0.14998271221327736
29339.407,0.14998309679736502
29339.408,0.14998348112760534
29339.409,0.14998386548664552
29339.41,0.1499842499434323
29339.411,0.14998463431171846
29339.412,0.1499850192693803
29339.413,0.14998540414291392
29339.414,0.14998578840003066
29339.415,0.14998617265297914
29339.416,0.14998655737434363
29339.417,0.14998694262156978
29339.418,0.14998732835063455
29339.419,0.14998771485546886
29339.42,0.14998810254599398
29339.421,0.14998849131602238
29339.422,0.14998888147965153
29339.423,0.14998927282002295
29339.424,0.14998966535110625
29339.425,0.14999005984386538
29339.426,0.14999045674894362
29339.427,0.14999085545324842
29339.428,0.1499912560207794
29339.429,0.14999165828920566
29339.43,0.14999206254969227
29339.431,0.14999246844801417
29339.432,0.14999287595379965
29339.433,0.14999328484567176
29339.434,0.1499936954762606
29339.435,0.14999410771522723
29339.436,0.1499945214069331
29339.437,0.14999493633380276
29339.438,0.14999535303925476
29339.439,0.14999577072026135
29339.44,0.14999618943628779
29339.441,0.14999660945062773
29339.442,0.1499970313016379
29339.443,0.14999745451653762
29339.444,0.14999787844828658
29339.445,0.14999830320946617
29339.446,0.14999872861082061
29339.447,0.14999915350046691
29339.448,0.14999957791839633
29339.449,0.15000000221614476
29339.45,0.15000042618837983
29339.451,0.1500008490757529
29339.452,0.15000127112068556
29339.453,0.1500016915076925
29339.454,0.15000211015275297
29339.455,0.15000252739320802
29339.456,0.15000294261593855
29339.457,0.15000335483393054
29339.458,0.150003764549674
29339.459,0.15000417190830537
29339.46,0.15000457661526176
29339.461,0.15000497793508322
29339.462,0.15000537613037318
29339.463,0.1500057706788116
29339.464,0.1500061601706298
29339.465,0.15000654510918054
29339.466,0.15000692515286915
29339.467,0.15000730000029344
29339.468,0.150007669254047
29339.469,0.15000803288419592
29339.47,0.15000839041720074
29339.471,0.15000874194938826
29339.472,0.15000908699360424
29339.473,0.15000942534159775
29339.474,0.15000975704823738
29339.475,0.15001008199788718
29339.476,0.15001040018355558
29339.477,0.15001071149020992
29339.478,0.15001101598851513
29339.479,0.15001131372822143
29339.48,0.15001160361847674
29339.481,0.15001188557214482
29339.482,0.15001215975518564
29339.483,0.15001242600215142
29339.484,0.15001268478193103
29339.485,0.1500129359528017
29339.486,0.15001317989482704
29339.487,0.1500134157659949
29339.488,0.15001364362511407
29339.489,0.15001386414374973
29339.49,0.15001407707845474
29339.491,0.15001428259264635
29339.492,0.1500144813762555
29339.493,0.15001467332075116
29339.494,0.1500148579693474
29339.495,0.15001503609907488
29339.496,0.15001520790189363
29339.497,0.15001537251355593
29339.498,0.1500155300903707
29339.499,0.1500156812004623
29339.5,0.1500158257980854
29339.501,0.15001596452594754
29339.502,0.1500160977000058
29339.503,0.15001622552650992
29339.504,0.15001634813526393
29339.505,0.15001646609824443
29339.506,0.1500165794205969
29339.507,0.1500166882919039
29339.508,0.15001679330756115
29339.509,0.1500168952095082
29339.51,0.1500169939244276
29339.511,0.15001708915785703
29339.512,0.15001718174756415
29339.513,0.15001727167630705
29339.514,0.15001735894559454
29339.515,0.15001744365168534
29339.516,0.15001752654280087
29339.517,0.1500176076393177
29339.518,0.1500176871668068
29339.519,0.15001776556320237
29339.52,0.15001784301675244
29339.521,0.15001791938602096
29339.522,0.15001799557830545
29339.523,0.15001807164189676
29339.524,0.15001814767621965
29339.525,0.15001822481142496
29339.526,0.15001830278386916
29339.527,0.15001838136099557
29339.528,0.15001846102954297
29339.529,0.1500185421057819
29339.53,0.15001862390615656
29339.531,0.15001870613139948
29339.532,0.15001878919304176
29339.533,0.15001887309798906
29339.534,0.15001895834173828
29339.535,0.1500190453841689
29339.536,0.15001913419497914
29339.537,0.1500192246355095
29339.538,0.15001931689052547
29339.539,0.1500194109097124
29339.54,0.1500195065618054
29339.541,0.1500196038650444
29339.542,0.15001970337580084
29339.543,0.15001980489329814
29339.544,0.15001990816268634
29339.545,0.1500200133767885
29339.546,0.15002012041439203
29339.547,0.15002022823997993
29339.548,0.15002033734325673
29339.549,0.1500204477156318
29339.55,0.15002055929427352
29339.551,0.1500206720024023
29339.552,0.15002078562366525
29339.553,0.1500209002399507
29339.554,0.15002101609424653
29339.555,0.1500211329697211
29339.556,0.15002125007914258
29339.557,0.1500213672035432
29339.558,0.15002148483031777
29339.559,0.1500216034193418
29339.56,0.15002172236848618
29339.561,0.15002184105739458
29339.562,0.1500219600938221
29339.563,0.15002207889184344
29339.564,0.15002219608368791
29339.565,0.1500223122491255
29339.566,0.1500224275017301
29339.567,0.15002254189916656
29339.568,0.1500226550534103
29339.569,0.15002276703491016
29339.57,0.15002287754420787
29339.571,0.1500229867132203
29339.572,0.15002309429906907
29339.573,0.15002320031347438
29339.574,0.15002330424618432
29339.575,0.15002340621953045
29339.576,0.15002350692271776
29339.577,0.15002360593822464
29339.578,0.15002370294500264
29339.579,0.15002379773262514
29339.58,0.150023889775477
29339.581,0.1500239794652679
29339.582,0.15002406631579948
29339.583,0.15002415015019913
29339.584,0.15002423114903374
29339.585,0.1500243092428064
29339.586,0.15002438464352985
29339.587,0.15002445739776588
29339.588,0.1500245279388545
29339.589,0.15002459625564138
29339.59,0.1500246620730503
29339.591,0.15002472544757953
29339.592,0.15002478728724247
29339.593,0.1500248473721762
29339.594,0.15002490555795375
29339.595,0.15002496209700336
29339.596,0.15002501655868924
29339.597,0.1500250684722968
29339.598,0.150025118142756
29339.599,0.1500251659679631
29339.6,0.15002521210921954
29339.601,0.1500252567509742
29339.602,0.15002529974451498
29339.603,0.15002534130363668
29339.604,0.15002538156090234
29339.605,0.15002542071091868
29339.606,0.15002545876930373
29339.607,0.1500254956872141
29339.608,0.1500255325459016
29339.609,0.15002556959450297
29339.61,0.15002560639894363
29339.611,0.15002564307367883
29339.612,0.15002568047269604
29339.613,0.15002571791023234
29339.614,0.15002575473224397
29339.615,0.15002579085709555
29339.616,0.15002582707785067
29339.617,0.15002586341746402
29339.618,0.1500259000934777
29339.619,0.1500259371407495
29339.62,0.15002597446594312
29339.621,0.15002601268655844
29339.622,0.15002605200641753
29339.623,0.1500260919306417
29339.624,0.1500261323795124
29339.625,0.1500261738515694
29339.626,0.15002621623207024
29339.627,0.15002625989090557
29339.628,0.15002630434953143
29339.629,0.15002634989113756
29339.63,0.15002639642452703
29339.631,0.15002644376484528
29339.632,0.15002649206742152
29339.633,0.1500265414170182
29339.634,0.15002659220032574
29339.635,0.15002664432290225
29339.636,0.1500266976633695
29339.637,0.15002675186838466
29339.638,0.15002680707625657
29339.639,0.1500268641179146
29339.64,0.15002692212808139
29339.641,0.1500269817535493
29339.642,0.15002704390815536
29339.643,0.15002710779116535
29339.644,0.150027173515467
29339.645,0.15002724111243437
29339.646,0.15002731070509406
29339.647,0.1500273818893014
29339.648,0.1500274546752185
29339.649,0.15002752924839102
29339.65,0.15002760563363365
29339.651,0.15002768362544225
29339.652,0.15002776352598346
29339.653,0.1500278455162651
29339.654,0.15002792935692544
29339.655,0.15002801523383086
29339.656,0.1500281026854729
29339.657,0.15002819189244093
29339.658,0.15002828416881683
29339.659,0.15002837945445793
29339.66,0.1500284769976828
29339.661,0.1500285769153393
29339.662,0.15002867967628092
29339.663,0.1500287847545677
29339.664,0.15002889125402866
29339.665,0.15002899992453483
29339.666,0.1500291108122368
29339.667,0.1500292238892483
29339.668,0.1500293392019276
29339.669,0.1500294571567472
29339.67,0.15002957744043086
29339.671,0.15002970014198
29339.672,0.15002982556068398
29339.673,0.15002995347901693
29339.674,0.1500300833293896
29339.675,0.15003021642361936
29339.676,0.15003035289461367
29339.677,0.15003049189178044
29339.678,0.15003063366618594
29339.679,0.15003077837296808
29339.68,0.15003092546788435
29339.681,0.15003107461127824
29339.682,0.15003122560802173
29339.683,0.15003137910560227
29339.684,0.1500315355395456
29339.685,0.1500316948924006
29339.686,0.1500318575279668
29339.687,0.15003202340883737
29339.688,0.15003219214518812
29339.689,0.1500323638415661
29339.69,0.1500325381032034
29339.691,0.1500327153023604
29339.692,0.15003289635489733
29339.693,0.15003308077698566
29339.694,0.15003326839521142
29339.695,0.15003345978855082
29339.696,0.15003365504104094
29339.697,0.15003385325069332
29339.698,0.15003405423702598
29339.699,0.15003425845397605
29339.7,0.15003446578595284
29339.701,0.15003467624831518
29339.702,0.1500348899493828
29339.703,0.15003510696222278
29339.704,0.15003532739332642
29339.705,0.15003555150429906
29339.706,0.1500357794243641
29339.707,0.1500360106752217
29339.708,0.15003624577445435
29339.709,0.15003648464585334
29339.71,0.15003672710543361
29339.711,0.1500369729857316
29339.712,0.15003722273970124
29339.713,0.15003747522843403
29339.714,0.15003773009037788
29339.715,0.1500379874384656
29339.716,0.15003824765385715
29339.717,0.15003851008288943
29339.718,0.1500387748935323
29339.719,0.15003904185230973
29339.72,0.15003931048377034
29339.721,0.15003958080915883
29339.722,0.15003985241412948
29339.723,0.15004012495352353
29339.724,0.15004039831323532
29339.725,0.15004067292159834
29339.726,0.15004094883249572
29339.727,0.15004122546781912
29339.728,0.15004150225302823
29339.729,0.150041779210301
29339.73,0.1500420555744392
29339.731,0.15004233010039403
29339.732,0.1500426029010516
29339.733,0.15004287377931924
29339.734,0.1500431425522852
29339.735,0.1500434091085334
29339.736,0.15004367290251858
29339.737,0.1500439333991937
29339.738,0.15004419053914117
29339.739,0.15004444440882525
29339.74,0.15004469375037013
29339.741,0.15004493855739384
29339.742,0.15004517968368716
29339.743,0.15004541611759767
29339.744,0.15004564790862743
29339.745,0.15004587493203012
29339.746,0.1500460966811088
29339.747,0.15004631208011737
29339.748,0.15004652065509688
29339.749,0.1500467229515507
29339.75,0.15004691855670776
29339.751,0.15004710763925388
29339.752,0.15004729031458114
29339.753,0.15004746626190282
29339.754,0.15004763553153247
29339.755,0.150047798316427
29339.756,0.15004795437987642
29339.757,0.15004810412962408
29339.758,0.1500482474948641
29339.759,0.150048384381211
29339.76,0.15004851505702202
29339.761,0.15004863987772568
29339.762,0.15004875932286868
29339.763,0.15004887292759542
29339.764,0.15004898043326714
29339.765,0.1500490821132569
29339.766,0.15004917827690142
29339.767,0.15004926922168443
29339.768,0.15004935514503948
29339.769,0.15004943650459743
29339.77,0.15004951323379406
29339.771,0.1500495862088577
29339.772,0.15004965560992173
29339.773,0.15004972091347266
29339.774,0.15004978283092196
29339.775,0.1500498423776598
29339.776,0.15004989980434388
29339.777,0.15004995544129024
29339.778,0.15005000979875738
29339.779,0.15005006303205776
29339.78,0.15005011489010947
29339.781,0.15005016561742981
29339.782,0.15005021612533725
29339.783,0.1500502666799037
29339.784,0.15005031768002292
29339.785,0.15005036961589663
29339.786,0.15005042279061961
29339.787,0.15005047727483878
29339.788,0.1500505331561537
29339.789,0.15005059129900708
29339.79,0.15005065161529182
29339.791,0.15005071459834138
29339.792,0.1500507812531539
29339.793,0.15005085131015894
29339.794,0.15005092493186512
29339.795,0.15005100227902138
29339.796,0.15005108349686708
29339.797,0.1500511684868191
29339.798,0.1500512572196436
29339.799,0.15005135011523316
29339.8,0.15005144744663068
29339.801,0.150051549429683
29339.802,0.15005165620285185
29339.803,0.1500517677989652
29339.804,0.15005188426441662
29339.805,0.15005200573027033
29339.806,0.1500521317506456
29339.807,0.1500522621923535
29339.808,0.15005239776631699
29339.809,0.15005253849270425
29339.81,0.15005268410420264
29339.811,0.15005283421126753
29339.812,0.1500529890972199
29339.813,0.15005314803711256
29339.814,0.15005331091739116
29339.815,0.1500534773558163
29339.816,0.15005364740657381
29339.817,0.15005382069761436
29339.818,0.15005399728829516
29339.819,0.15005417711603805
29339.82,0.15005435939883024
29339.821,0.15005454442101038
29339.822,0.15005473196151378
29339.823,0.1500549213212111
29339.824,0.15005511187727197
29339.825,0.15005530402647177
29339.826,0.15005549721327882
29339.827,0.15005569089340184
29339.828,0.15005588494263675
29339.829,0.15005607874589985
29339.83,0.1500562715869495
29339.831,0.1500564625057796
29339.832,0.15005665191659304
29339.833,0.15005683928901895
29339.834,0.15005702437736343
29339.835,0.1500572066311462
29339.836,0.15005738566944704
29339.837,0.15005756170188525
29339.838,0.1500577341769384
29339.839,0.15005790302839767
29339.84,0.15005806720000467
29339.841,0.15005822643675426
29339.842,0.15005838178025815
29339.843,0.15005853200803748
29339.844,0.1500586770469894
29339.845,0.15005881695373427
29339.846,0.15005895106658437
29339.847,0.15005907868377452
29339.848,0.15005919999636871
29339.849,0.1500593150612269
29339.85,0.15005942365453762
29339.851,0.1500595258892463
29339.852,0.15005962187226585
29339.853,0.15005971164015608
29339.854,0.15005979496556832
29339.855,0.15005987235105608
29339.856,0.15005994352450014
29339.857,0.15006000873335174
29339.858,0.15006006836913824
29339.859,0.15006012327045337
29339.86,0.15006017348469225
29339.861,0.15006021883045248
29339.862,0.1500602596212985
29339.863,0.1500602956922302
29339.864,0.150060327108775
29339.865,0.1500603543125215
29339.866,0.15006037852363555
29339.867,0.15006039970946342
29339.868,0.15006041819624977
29339.869,0.15006043490270085
29339.87,0.150060450312719
29339.871,0.15006046485328148
29339.872,0.15006047892832566
29339.873,0.15006049291381532
29339.874,0.15006050782243083
29339.875,0.1500605244968157
29339.876,0.1500605441216369
29339.877,0.15006056695040476
29339.878,0.15006059320950627
29339.879,0.15006062345766077
29339.88,0.1500606580179635
29339.881,0.15006069660272456
29339.882,0.15006074028373848
29339.883,0.15006078961491628
29339.884,0.15006084559309865
29339.885,0.15006090864924024
29339.886,0.15006097913249272
29339.887,0.15006105758743069
29339.888,0.15006114477728208
29339.889,0.15006124136591648
29339.89,0.15006134703938878
29339.891,0.1500614622772479
29339.892,0.15006158830175098
29339.893,0.15006172529884576
29339.894,0.15006187345695907
29339.895,0.15006203299770887
29339.896,0.15006220417163046
29339.897,0.1500623860474422
29339.898,0.15006257853721636
29339.899,0.15006278243769888
29339.9,0.15006299806170317
29339.901,0.15006322506616443
29339.902,0.15006346348691113
29339.903,0.15006371336416868
29339.904,0.15006397472468228
29339.905,0.1500642477955246
29339.906,0.1500645318818155
29339.907,0.1500648268427248
29339.908,0.15006513240585767
29339.909,0.15006544899357904
29339.91,0.15006577580169006
29339.911,0.15006611258927746
29339.912,0.1500664590827238
29339.913,0.15006681434814398
29339.914,0.15006717777885645
29339.915,0.15006754863617006
29339.916,0.15006792698978724
29339.917,0.15006831225129152
29339.918,0.15006870405761139
29339.919,0.1500691019424899
29339.92,0.15006950487121934
29339.921,0.15006991310737475
29339.922,0.1500703256744988
29339.923,0.15007074167597267
29339.924,0.15007116102111118
29339.925,0.15007158344458937
29339.926,0.15007200843288163
29339.927,0.1500724352499279
29339.928,0.15007286326118388
29339.929,0.1500732914925173
29339.93,0.15007371928940208
29339.931,0.15007414580439074
29339.932,0.1500745708590926
29339.933,0.15007499376625355
29339.934,0.1500754141925901
29339.935,0.15007583173206834
29339.936,0.15007624580704113
29339.937,0.150076655777928
29339.938,0.15007706082001565
29339.939,0.1500774610886262
29339.94,0.15007785556426562
29339.941,0.1500782441950977
29339.942,0.1500786274822359
29339.943,0.15007900415805356
29339.944,0.15007937412008354
29339.945,0.1500797372116317
29339.946,0.15008009286301302
29339.947,0.15008044005679097
29339.948,0.15008077898964084
29339.949,0.15008110958553736
29339.95,0.15008143175257932
29339.951,0.15008174500661778
29339.952,0.15008204947624684
29339.953,0.1500823444953638
29339.954,0.15008263017500456
29339.955,0.15008290716852135
29339.956,0.150083174681956
29339.957,0.15008343270315402
29339.958,0.15008368157917923
29339.959,0.15008392180133864
29339.96,0.15008415339523776
29339.961,0.1500843761664291
29339.962,0.15008459075784825
29339.963,0.150084796944719
29339.964,0.1500849942559973
29339.965,0.15008518321018502
29339.966,0.15008536397876035
29339.967,0.15008553662055105
29339.968,0.15008570242894226
29339.969,0.15008586160923787
29339.97,0.15008601436216282
29339.971,0.15008616105685715
29339.972,0.1500863023663676
29339.973,0.15008643891245607
29339.974,0.15008657094429095
29339.975,0.15008669957035012
29339.976,0.15008682516796978
29339.977,0.15008694826907754
29339.978,0.1500870694039324
29339.979,0.15008718921149675
29339.98,0.15008730783919202
29339.981,0.1500874254333377
29339.982,0.15008754359046267
29339.983,0.1500876629296872
29339.984,0.15008778429182446
29339.985,0.15008790833213842
29339.986,0.15008803560150968
29339.987,0.15008816645010323
29339.988,0.15008830189933675
29339.989,0.15008844250816125
29339.99,0.15008858862612842
29339.991,0.15008874116170864
29339.992,0.1500889016875359
29339.993,0.1500890703624624
29339.994,0.15008924748865424
29339.995,0.15008943363521518
29339.996,0.15008962932691983
29339.997,0.15008983438395374
29339.998,0.150090049715906
29339.999,0.15009027593637647
29340.0,0.15009051340642285
29340.001,0.15009076245962288
29340.002,0.15009102377469105
29340.003,0.15009129762061305
29340.004,0.15009158427100674
29340.005,0.1500918841492834
29340.006,0.15009219701474177
29340.007,0.1500925232172674
29340.008,0.15009286317487563
29340.009,0.15009321777200957
29340.01,0.15009358597113623
29340.011,0.15009396808814657
29340.012,0.15009436415743088
29340.013,0.15009477404347615
29340.014,0.15009519721760556
29340.015,0.15009563306278534
29340.016,0.15009608199995003
29340.017,0.15009654347844384
29340.018,0.1500970172705397
29340.019,0.15009750307213332
29340.02,0.15009800053039174
29340.021,0.15009850960289065
29340.022,0.1500990295934345
29340.023,0.15009956000602184
29340.024,0.15010010044123673
29340.025,0.15010065064961967
29340.026,0.15010121063468
29340.027,0.15010177919357928
29340.028,0.15010235607795333
29340.029,0.1501029405435902
29340.03,0.15010353183996583
29340.031,0.15010412903079903
29340.032,0.15010473183161355
29340.033,0.15010533956163613
29340.034,0.1501059516820119
29340.035,0.1501065675934266
29340.036,0.15010718695611125
29340.037,0.15010780904280874
29340.038,0.15010843310963384
29340.039,0.15010905886276182
29340.04,0.15010968511540274
29340.041,0.15011031191839144
29340.042,0.15011093944471696
29340.043,0.15011156714307666
29340.044,0.15011219447089266
29340.045,0.15011282067213044
29340.046,0.1501134448615418
29340.047,0.15011406641303926
29340.048,0.15011468494114394
29340.049,0.15011530018721594
29340.05,0.1501159116228939
29340.051,0.15011651883277674
29340.052,0.15011712223000165
29340.053,0.15011772114054187
29340.054,0.15011831536449932
29340.055,0.1501189046533876
29340.056,0.15011948829040397
29340.057,0.1501200664066885
29340.058,0.150120639315972
29340.059,0.15012120710610807
29340.06,0.1501217694989152
29340.061,0.15012232578501822
29340.062,0.15012287647865166
29340.063,0.15012342125324915
29340.064,0.15012395945633145
29340.065,0.15012449142662473
29340.066,0.15012501718055446
29340.067,0.15012553740937065
29340.068,0.15012605201994508
29340.069,0.15012656059184598
29340.07,0.15012706380160235
29340.071,0.15012756134342867
29340.072,0.15012805386960645
29340.073,0.15012854147964055
29340.074,0.15012902397688924
29340.075,0.15012950250541943
29340.076,0.15012997706460182
29340.077,0.15013044780259158
29340.078,0.15013091466276568
29340.079,0.15013137803748855
29340.08,0.15013183800685362
29340.081,0.1501322945068155
29340.082,0.15013274795457046
29340.083,0.15013319850074455
29340.084,0.1501336465100987
29340.085,0.15013409197006475
29340.086,0.15013453510397684
29340.087,0.15013497610424845
29340.088,0.15013541551247547
29340.089,0.15013585386310416
29340.09,0.15013629092156744
29340.091,0.15013672705026151
29340.092,0.15013716320765036
29340.093,0.15013759944031668
29340.094,0.15013803573244716
29340.095,0.1501384723281711
29340.096,0.15013890891134246
29340.097,0.1501393456994065
29340.098,0.1501397824166713
29340.099,0.15014021943382147
29340.1,0.1501406566490526
29340.101,0.150141094523101
29340.102,0.15014153296240407
29340.103,0.15014197181134237
29340.104,0.15014241147064683
29340.105,0.1501428522662747
29340.106,0.15014329366241125
29340.107,0.15014373579057744
29340.108,0.15014417901351435
29340.109,0.15014462353316746
29340.11,0.15014506893316737
29340.111,0.15014551518929073
29340.112,0.15014596261399624
29340.113,0.15014641074147386
29340.114,0.15014685892733196
29340.115,0.15014730720348735
29340.116,0.1501477560115626
29340.117,0.15014820475384713
29340.118,0.15014865408750963
29340.119,0.15014910374757606
29340.12,0.15014955325636
29340.121,0.15015000261784436
29340.122,0.150150451723466
29340.123,0.15015090026347908
29340.124,0.15015134820057463
29340.125,0.15015179600395118
29340.126,0.15015224359946944
29340.127,0.15015269050903912
29340.128,0.15015313694468874
29340.129,0.15015358250327845
29340.13,0.15015402683421844
29340.131,0.1501544695221175
29340.132,0.1501549107464767
29340.133,0.15015534986101825
29340.134,0.15015578727622161
29340.135,0.15015622266320242
29340.136,0.15015665613138718
29340.137,0.15015708680369064
29340.138,0.15015751520228468
29340.139,0.15015794145865013
29340.14,0.15015836478084083
29340.141,0.15015878566137786
29340.142,0.15015920431245933
29340.143,0.1501596201233794
29340.144,0.1501600326060542
29340.145,0.15016044200890125
29340.146,0.15016084847766234
29340.147,0.15016125105885045
29340.148,0.15016164940120588
29340.149,0.15016204390406687
29340.15,0.15016243426815393
29340.151,0.15016282037788303
29340.152,0.1501632023516374
29340.153,0.15016357978554346
29340.154,0.15016395302493865
29340.155,0.15016432232113902
29340.156,0.15016468733555036
29340.157,0.15016504795779426
29340.158,0.1501654042105108
29340.159,0.15016575617734626
29340.16,0.15016610377794107
29340.161,0.15016644679390068
29340.162,0.15016678593679042
29340.163,0.15016712069890173
29340.164,0.1501674505860651
29340.165,0.15016777572673815
29340.166,0.1501680965015053
29340.167,0.15016841272643486
29340.168,0.15016872438675066
29340.169,0.1501690319819048
29340.17,0.1501693356974962
29340.171,0.15016963544435377
29340.172,0.1501699319451744
29340.173,0.15017022463433433
29340.174,0.15017051351703342
29340.175,0.15017079911242626
29340.176,0.15017108179087327
29340.177,0.15017136176531615
29340.178,0.1501716392537418
29340.179,0.15017191419844123
29340.18,0.15017218632082188
29340.181,0.15017245556020595
29340.182,0.15017272223029154
29340.183,0.15017298682938401
29340.184,0.15017324925600922
29340.185,0.1501735095926549
29340.186,0.1501737685665179
29340.187,0.15017402607688926
29340.188,0.15017428283613962
29340.189,0.15017453880678033
29340.19,0.15017479353718355
29340.191,0.15017504748319588
29340.192,0.1501753016153184
29340.193,0.1501755558619949
29340.194,0.1501758098132239
29340.195,0.15017606381902998
29340.196,0.15017631801901998
29340.197,0.15017657201021373
29340.198,0.1501768255927863
29340.199,0.15017707967733987
29340.2,0.1501773341121037
29340.201,0.15017758949189317
29340.202,0.15017784542573873
29340.203,0.15017810251300656
29340.204,0.15017836064577567
29340.205,0.15017861979788574
29340.206,0.15017887982179245
29340.207,0.1501791407729874
29340.208,0.15017940305786953
29340.209,0.15017966689096776
29340.21,0.1501799321993863
29340.211,0.15018019904428015
29340.212,0.1501804678312994
29340.213,0.1501807379725073
29340.214,0.15018100900226372
29340.215,0.15018128076484288
29340.216,0.15018155373269126
29340.217,0.1501818278570283
29340.218,0.15018210337581286
29340.219,0.1501823797191416
29340.22,0.1501826572563686
29340.221,0.1501829360575363
29340.222,0.15018321624654063
29340.223,0.15018349735603392
29340.224,0.15018377933566893
29340.225,0.15018406262269873
29340.226,0.15018434721269663
29340.227,0.1501846326033668
29340.228,0.15018491896901934
29340.229,0.15018520657971493
29340.23,0.15018549461713848
29340.231,0.15018578275340413
29340.232,0.15018607131190004
29340.233,0.1501863603656735
29340.234,0.15018665011135382
29340.235,0.15018694012236625
29340.236,0.15018723050794117
29340.237,0.15018752118779777
29340.238,0.15018781248508578
29340.239,0.15018810428978072
29340.24,0.15018839624561328
29340.241,0.15018868895977575
29340.242,0.15018898277075526
29340.243,0.15018927744432403
29340.244,0.1501895725505198
29340.245,0.1501898685060832
29340.246,0.15019016504346536
29340.247,0.15019046139020414
29340.248,0.15019075795171885
29340.249,0.15019105477269198
29340.25,0.15019135189111374
29340.251,0.15019164927868328
29340.252,0.15019194722781387
29340.253,0.15019224592681518
29340.254,0.15019254509581503
29340.255,0.1501928449312247
29340.256,0.15019314521386426
29340.257,0.1501934460521822
29340.258,0.15019374763014653
29340.259,0.15019405081376483
29340.26,0.1501943555797185
29340.261,0.15019466148018384
29340.262,0.15019496909029192
29340.263,0.15019527808485064
29340.264,0.15019558770244365
29340.265,0.15019589801056266
29340.266,0.1501962095931959
29340.267,0.15019652234727618
29340.268,0.15019683685602112
29340.269,0.15019715323008603
29340.27,0.15019747112760282
29340.271,0.15019779049949467
29340.272,0.15019811176407327
29340.273,0.15019843475421726
29340.274,0.1501987597761776
29340.275,0.15019908757442366
29340.276,0.1501994183033235
29340.277,0.15019975180845532
29340.278,0.15020008825865927
29340.279,0.15020042787977184
29340.28,0.1502007703725703
29340.281,0.1502011157666747
29340.282,0.15020146396204434
29340.283,0.15020181531519336
29340.284,0.15020217000714808
29340.285,0.15020252891840682
29340.286,0.15020289220467334
29340.287,0.15020325933377135
29340.288,0.15020363100223694
29340.289,0.1502040066048864
29340.29,0.1502043866532926
29340.291,0.15020477161898543
29340.292,0.15020516208172438
29340.293,0.15020555743515362
29340.294,0.15020595789799693
29340.295,0.15020636399729909
29340.296,0.1502067755379085
29340.297,0.15020719174287203
29340.298,0.1502076132122424
29340.299,0.15020804004353763
29340.3,0.15020847227617978
29340.301,0.15020890989234373
29340.302,0.15020935294159626
29340.303,0.15020980162545408
29340.304,0.15021025581045266
29340.305,0.15021071563514785
29340.306,0.1502111807570694
29340.307,0.15021165120218885
29340.308,0.1502121272740837
29340.309,0.15021260921863278
29340.31,0.15021309672680389
29340.311,0.15021358923278894
29340.312,0.15021408691800803
29340.313,0.1502145892004042
29340.314,0.15021509547698944
29340.315,0.15021560539091963
29340.316,0.15021611923335187
29340.317,0.15021663661485612
29340.318,0.1502171573248937
29340.319,0.15021768058360294
29340.32,0.15021820658223828
29340.321,0.15021873498530408
29340.322,0.15021926575741104
29340.323,0.1502197978921763
29340.324,0.15022033119519151
29340.325,0.15022086613372654
29340.326,0.15022140224489441
29340.327,0.15022193876919093
29340.328,0.15022247566342575
29340.329,0.1502230126881722
29340.33,0.15022354834617982
29340.331,0.15022408244252752
29340.332,0.15022461459548742
29340.333,0.15022514415202068
29340.334,0.15022567077702367
29340.335,0.1502261943656787
29340.336,0.1502267147077415
29340.337,0.15022723150389228
29340.338,0.15022774399534986
29340.339,0.1502282517255032
29340.34,0.15022875355238552
29340.341,0.15022924957085768
29340.342,0.15022973995320654
29340.343,0.15023022404113348
29340.344,0.1502307015994686
29340.345,0.1502311726749476
29340.346,0.15023163644972784
29340.347,0.15023209214621924
29340.348,0.15023253930242803
29340.349,0.15023297793418997
29340.35,0.1502334080344609
29340.351,0.1502338290974218
29340.352,0.1502342409300557
29340.353,0.15023464290776242
29340.354,0.1502350347736938
29340.355,0.1502354168720096
29340.356,0.15023578869279094
29340.357,0.15023614995520115
29340.358,0.15023650059078789
29340.359,0.150236841156524
29340.36,0.15023717089102206
29340.361,0.15023748949109378
29340.362,0.15023779787392008
29340.363,0.15023809543363092
29340.364,0.1502383814190503
29340.365,0.15023865606539014
29340.366,0.15023891957171506
29340.367,0.15023917209906873
29340.368,0.15023941388412632
29340.369,0.15023964486274113
29340.37,0.1502398649813675
29340.371,0.1502400745755023
29340.372,0.150240274268171
29340.373,0.15024046366370802
29340.374,0.15024064282678287
29340.375,0.15024081245173615
29340.376,0.1502409727780824
29340.377,0.15024112399103473
29340.378,0.15024126631417778
29340.379,0.1502413998475368
29340.38,0.15024152442877906
29340.381,0.15024164050163302
29340.382,0.15024174801826332
29340.383,0.1502418476408196
29340.384,0.15024193974819894
29340.385,0.1502420248279455
29340.386,0.15024210288199502
29340.387,0.1502421740306013
29340.388,0.15024223873956563
29340.389,0.15024229723088073
29340.39,0.15024234979854512
29340.391,0.15024239669647194
29340.392,0.1502424387295972
29340.393,0.15024247593895154
29340.394,0.15024250872702058
29340.395,0.15024253762600417
29340.396,0.15024256256898683
29340.397,0.1502425833982325
29340.398,0.1502426003479439
29340.399,0.15024261334360473
29340.4,0.15024262307018596
29340.401,0.15024262964758509
29340.402,0.15024263352048925
29340.403,0.1502426347401358
29340.404,0.1502426334759588
29340.405,0.15024262983279757
29340.406,0.15024262427891247
29340.407,0.15024261665751273
29340.408,0.15024260730461902
29340.409,0.15024259680099564
29340.41,0.1502425846834871
29340.411,0.15024257121416146
29340.412,0.15024255677339782
29340.413,0.15024254084313235
29340.414,0.15024252320882064
29340.415,0.15024250423440752
29340.416,0.1502424843289322
29340.417,0.1502424633850649
29340.418,0.15024244176818657
29340.419,0.15024241934711602
29340.42,0.15024239675845893
29340.421,0.15024237380759659
29340.422,0.15024235028540014
29340.423,0.1502423259406242
29340.424,0.15024230129645652
29340.425,0.15024227703167428
29340.426,0.150242252864288
29340.427,0.15024222871387707
29340.428,0.15024220485621692
29340.429,0.15024218094206113
29340.43,0.15024215681591052
29340.431,0.15024213230001476
29340.432,0.1502421077661003
29340.433,0.15024208361548902
29340.434,0.15024206023769582
29340.435,0.15024203756981014
29340.436,0.1502420157388542
29340.437,0.15024199457860882
29340.438,0.15024197433643496
29340.439,0.1502419551625488
29340.44,0.15024193730194263
29340.441,0.1502419213145507
29340.442,0.15024190767934303
29340.443,0.15024189613472694
29340.444,0.15024188674997127
29340.445,0.15024187957717478
29340.446,0.15024187442512757
29340.447,0.15024187087775165
29340.448,0.15024186912258194
29340.449,0.1502418698304503
29340.45,0.15024187289134447
29340.451,0.150241878045188
29340.452,0.15024188597498828
29340.453,0.15024189653736
29340.454,0.15024191021068098
29340.455,0.15024192714132903
29340.456,0.15024194699849155
29340.457,0.15024196990804706
29340.458,0.15024199658651988
29340.459,0.15024202769846418
29340.46,0.15024206249229577
29340.461,0.15024210100793672
29340.462,0.15024214389294868
29340.463,0.1502421903825239
29340.464,0.15024223998279873
29340.465,0.1502422929428332
29340.466,0.15024234973914186
29340.467,0.15024241028339833
29340.468,0.15024247481456154
29340.469,0.15024254294791242
29340.47,0.1502426147624453
29340.471,0.15024269033075333
29340.472,0.1502427698505747
29340.473,0.15024285277178343
29340.474,0.15024293910999525
29340.475,0.1502430293629336
29340.476,0.15024312344790916
29340.477,0.1502432213528985
29340.478,0.1502433232160148
29340.479,0.15024342884217898
29340.48,0.1502435376813532
29340.481,0.15024364891093095
29340.482,0.1502437621485478
29340.483,0.15024387778539228
29340.484,0.1502439956689148
29340.485,0.1502441161764549
29340.486,0.15024423890870742
29340.487,0.150244363463911
29340.488,0.150244489935781
29340.489,0.15024461840946265
29340.49,0.15024474824371925
29340.491,0.1502448800399737
29340.492,0.1502450135891454
29340.493,0.15024514884789816
29340.494,0.15024528533158993
29340.495,0.15024542317821213
29340.496,0.1502455617441776
29340.497,0.1502457002818298
29340.498,0.150245838856785
29340.499,0.15024597768642967
29340.5,0.15024611684048045
29340.501,0.15024625595809885
29340.502,0.1502463950202889
29340.503,0.150246533826664
29340.504,0.1502466725062921
29340.505,0.15024681107390034
29340.506,0.15024694911843908
29340.507,0.15024708603451659
29340.508,0.15024722269407145
29340.509,0.15024735899720182
29340.51,0.15024749484320382
29340.511,0.1502476298187168
29340.512,0.15024776412559807
29340.513,0.15024789794692253
29340.514,0.1502480304736026
29340.515,0.15024816154115966
29340.516,0.15024829103061316
29340.517,0.15024841896536562
29340.518,0.1502485456981596
29340.519,0.1502486708832089
29340.52,0.1502487946694119
29340.521,0.15024891698820425
29340.522,0.15024903780273074
29340.523,0.15024915701090133
29340.524,0.15024927456690326
29340.525,0.15024939130182954
29340.526,0.15024950711218962
29340.527,0.15024962152047905
29340.528,0.1502497351587531
29340.529,0.15024984778736455
29340.53,0.15024995901267
29340.531,0.15025006798053087
29340.532,0.15025017526366188
29340.533,0.1502502811056232
29340.534,0.15025038541990515
29340.535,0.15025048821134174
29340.536,0.15025058960806623
29340.537,0.15025068960415133
29340.538,0.15025078834592326
29340.539,0.15025088610036016
29340.54,0.15025098247396906
29340.541,0.15025107794069553
29340.542,0.15025117309409497
29340.543,0.15025126764278304
29340.544,0.1502513613501172
29340.545,0.1502514542484779
29340.546,0.15025154660838416
29340.547,0.15025163818190906
29340.548,0.1502517292610999
29340.549,0.15025181979366145
29340.55,0.1502519097684731
29340.551,0.15025199927311333
29340.552,0.15025208917382624
29340.553,0.1502521791062548
29340.554,0.15025226962972563
29340.555,0.15025236080158463
29340.556,0.1502524523774931
29340.557,0.15025254476015204
29340.558,0.15025263836183453
29340.559,0.15025273373571327
29340.56,0.1502528307587287
29340.561,0.15025293008738314
29340.562,0.15025303237892823
29340.563,0.15025313703981943
29340.564,0.15025324385357866
29340.565,0.15025335316299002
29340.566,0.15025346531324094
29340.567,0.1502535802608591
29340.568,0.1502536988110188
29340.569,0.15025382091176592
29340.57,0.1502539468735362
29340.571,0.15025407693911505
29340.572,0.15025421156759333
29340.573,0.15025435036439128
29340.574,0.15025449418982145
29340.575,0.150254643699216
29340.576,0.15025479933986954
29340.577,0.15025496098588442
29340.578,0.15025512864156082
29340.579,0.15025530212159677
29340.58,0.15025548121006732
29340.581,0.1502556659936852
29340.582,0.15025585704961258
29340.583,0.15025605482674212
29340.584,0.15025625938139892
29340.585,0.15025647095009642
29340.586,0.15025668902108136
29340.587,0.15025691349918585
29340.588,0.15025714468260745
29340.589,0.1502573826219206
29340.59,0.1502576270471935
29340.591,0.15025787815951194
29340.592,0.15025813614761557
29340.593,0.15025840103338065
29340.594,0.15025867212861257
29340.595,0.1502589498145816
29340.596,0.1502592339248035
29340.597,0.1502595234802401
29340.598,0.15025981872217462
29340.599,0.15026011921554935
29340.6,0.15026042471941153
29340.601,0.15026073497120973
29340.602,0.15026104980524388
29340.603,0.15026136882536595
29340.604,0.15026169191983696
29340.605,0.15026201857774715
29340.606,0.15026234836808922
29340.607,0.15026268065023232
29340.608,0.15026301560479516
29340.609,0.15026335305917538
29340.61,0.15026369291521138
29340.611,0.15026403393469434
29340.612,0.15026437667066467
29340.613,0.15026472013119926
29340.614,0.15026506289615393
29340.615,0.15026540499871166
29340.616,0.15026574598819875
29340.617,0.15026608549790285
29340.618,0.15026642340354884
29340.619,0.15026675951502008
29340.62,0.15026709314945957
29340.621,0.15026742397624143
29340.622,0.1502677517422044
29340.623,0.15026807587352373
29340.624,0.15026839630045954
29340.625,0.1502687136412489
29340.626,0.1502690267395288
29340.627,0.15026933527566036
29340.628,0.15026963940839336
29340.629,0.1502699383919352
29340.63,0.15027023174235382
29340.631,0.1502705192063071
29340.632,0.1502708009513566
29340.633,0.15027107692080208
29340.634,0.15027134687044572
29340.635,0.15027161072215414
29340.636,0.15027186857249375
29340.637,0.1502721202406882
29340.638,0.15027236564778598
29340.639,0.1502726048035729
29340.64,0.15027283731099828
29340.641,0.15027306367087293
29340.642,0.15027328423605027
29340.643,0.15027349884944724
29340.644,0.15027370748777594
29340.645,0.15027391086235128
29340.646,0.15027410896943671
29340.647,0.15027430104778414
29340.648,0.15027448704421834
29340.649,0.15027466729059066
29340.65,0.1502748420504312
29340.651,0.15027501132312657
29340.652,0.15027517586218456
29340.653,0.15027533551848118
29340.654,0.15027549061120982
29340.655,0.15027564159419957
29340.656,0.1502757883769688
29340.657,0.15027593109460047
29340.658,0.15027607023004727
29340.659,0.15027620664512956
29340.66,0.15027634030600284
29340.661,0.15027647094145982
29340.662,0.1502765989088411
29340.663,0.15027672412138252
29340.664,0.15027684648992423
29340.665,0.15027696596346327
29340.666,0.15027708293085426
29340.667,0.15027719737622944
29340.668,0.15027730985338755
29340.669,0.1502774205599767
29340.67,0.15027752963019392
29340.671,0.15027763729856075
29340.672,0.15027774407297056
29340.673,0.15027784936707256
29340.674,0.1502779535611653
29340.675,0.15027805683798745
29340.676,0.1502781593390534
29340.677,0.15027826120226723
29340.678,0.1502783623162286
29340.679,0.15027846266730324
29340.68,0.15027856194866182
29340.681,0.15027866005649396
29340.682,0.15027875722066675
29340.683,0.15027885345378492
29340.684,0.1502789485038938
29340.685,0.15027904272120585
29340.686,0.15027913606693247
29340.687,0.1502792284482611
29340.688,0.15027932037447475
29340.689,0.1502794117466149
29340.69,0.15027950210390692
29340.691,0.15027959184582046
29340.692,0.15027968167715253
29340.693,0.15027977128124717
29340.694,0.15027986007764133
29340.695,0.15027994827919122
29340.696,0.15028003570296522
29340.697,0.15028012148816175
29340.698,0.15028020598192307
29340.699,0.1502802891078642
29340.7,0.15028037104796735
29340.701,0.1502804514864929
29340.702,0.15028053062503408
29340.703,0.15028060828907527
29340.704,0.1502806843140592
29340.705,0.1502807587894405
29340.706,0.1502808312306594
29340.707,0.1502809017525474
29340.708,0.15028097090997886
29340.709,0.15028103883430027
29340.71,0.15028110469645392
29340.711,0.15028116801713595
29340.712,0.1502812296837151
29340.713,0.1502812888568346
29340.714,0.15028134482843356
29340.715,0.15028139739678203
29340.716,0.15028144660557224
29340.717,0.15028149269641988
29340.718,0.15028153552843534
29340.719,0.15028157498242065
29340.72,0.1502816105515838
29340.721,0.1502816423665208
29340.722,0.15028167041409943
29340.723,0.15028169396006552
29340.724,0.15028171300629203
29340.725,0.1502817273409413
29340.726,0.1502817367653048
29340.727,0.15028174163071226
29340.728,0.15028174133534025
29340.729,0.15028173556480492
29340.73,0.1502817237381287
29340.731,0.15028170557803047
29340.732,0.15028168093403696
29340.733,0.15028164971558605
29340.734,0.15028161159513986
29340.735,0.15028156640015167
29340.736,0.15028151447945026
29340.737,0.15028145537331253
29340.738,0.1502813890804112
29340.739,0.15028131542889892
29340.74,0.15028123428290582
29340.741,0.15028114568544726
29340.742,0.15028105025682514
29340.743,0.15028094752460905
29340.744,0.15028083742981016
29340.745,0.15028072005514312
29340.746,0.15028059509013902
29340.747,0.15028046166947467
29340.748,0.15028032001163893
29340.749,0.15028017052801054
29340.75,0.15028001331786975
29340.751,0.15027984847869555
29340.752,0.1502796763034404
29340.753,0.15027949702198087
29340.754,0.15027931061043912
29340.755,0.1502791173378693
29340.756,0.15027891719443914
29340.757,0.15027871039696972
29340.758,0.15027849769903617
29340.759,0.1502782797768443
29340.76,0.15027805616078108
29340.761,0.15027782638040812
29340.762,0.15027759173295038
29340.763,0.15027735213108456
29340.764,0.15027710698549077
29340.765,0.15027685659838516
29340.766,0.15027660185693656
29340.767,0.1502763431272942
29340.768,0.15027608134848472
29340.769,0.15027581635706821
29340.77,0.15027554838109153
29340.771,0.15027527766712578
29340.772,0.15027500510104838
29340.773,0.15027473029716565
29340.774,0.1502744542025309
29340.775,0.15027417732037301
29340.776,0.1502738998854664
29340.777,0.15027362214663895
29340.778,0.1502733442533917
29340.779,0.150273066671679
29340.78,0.1502727892336035
29340.781,0.1502725119605191
29340.782,0.15027223512372562
29340.783,0.15027195907085317
29340.784,0.15027168390776346
29340.785,0.15027141036989242
29340.786,0.15027113848141305
29340.787,0.1502708683926331
29340.788,0.15027060076969237
29340.789,0.15027033520215757
29340.79,0.15027007201058962
29340.791,0.15026981167432085
29340.792,0.15026955430615951
29340.793,0.15026929994111551
29340.794,0.15026904828147183
29340.795,0.15026880025650177
29340.796,0.1502685556196262
29340.797,0.15026831366576002
29340.798,0.15026807458070063
29340.799,0.1502678386265179
29340.8,0.15026760570440612
29340.801,0.15026737569265278
29340.802,0.15026714912067074
29340.803,0.15026692597985322
29340.804,0.1502667059500196
29340.805,0.15026648946790466
29340.806,0.1502662759270033
29340.807,0.1502660654646921
29340.808,0.1502658580284688
29340.809,0.1502656540460821
29340.81,0.15026545310164438
29340.811,0.15026525525131224
29340.812,0.1502650605409651
29340.813,0.15026486809734602
29340.814,0.15026467721188286
29340.815,0.15026448789951358
29340.816,0.15026430054325904
29340.817,0.15026411520099908
29340.818,0.15026393137480354
29340.819,0.15026374915668583
29340.82,0.15026356805171656
29340.821,0.15026338804460596
29340.822,0.15026320887821434
29340.823,0.1502630300455911
29340.824,0.15026285192932362
29340.825,0.1502626743788286
29340.826,0.15026249780058
29340.827,0.15026232145697607
29340.828,0.1502621448099571
29340.829,0.15026196797775343
29340.83,0.15026179031828865
29340.831,0.15026161139730518
29340.832,0.1502614309681319
29340.833,0.15026124923649148
29340.834,0.15026106610346726
29340.835,0.15026088163734186
29340.836,0.15026069576303958
29340.837,0.15026050802480098
29340.838,0.15026031813290244
29340.839,0.15026012631280267
29340.84,0.15025993230847068
29340.841,0.15025973616486613
29340.842,0.15025953831746017
29340.843,0.15025933840166605
29340.844,0.15025913633455945
29340.845,0.15025893192852566
29340.846,0.1502587250830577
29340.847,0.15025851500392398
29340.848,0.1502583019664435
29340.849,0.1502580866653364
29340.85,0.15025786876490116
29340.851,0.15025764817715279
29340.852,0.15025742520077287
29340.853,0.15025719977392632
29340.854,0.15025697191091783
29340.855,0.15025674170149034
29340.856,0.15025650912714925
29340.857,0.15025627429968932
29340.858,0.1502560376635944
29340.859,0.15025579953706367
29340.86,0.15025555934934212
29340.861,0.15025531729342
29340.862,0.15025507426798454
29340.863,0.15025482956284225
29340.864,0.15025458256379556
29340.865,0.15025433341738603
29340.866,0.15025408299059986
29340.867,0.15025383139107354
29340.868,0.15025357826913088
29340.869,0.15025332378786774
29340.87,0.15025306829036894
29340.871,0.15025281191045786
29340.872,0.15025255479709854
29340.873,0.15025229640683388
29340.874,0.15025203719468616
29340.875,0.15025177760458328
29340.876,0.15025151826959732
29340.877,0.15025125858821697
29340.878,0.15025099891166246
29340.879,0.15025073895580368
29340.88,0.15025047857299395
29340.881,0.15025021749480563
29340.882,0.15024995592730703
29340.883,0.15024969412581946
29340.884,0.15024943218925974
29340.885,0.15024917038488478
29340.886,0.15024890847058597
29340.887,0.15024864681621056
29340.888,0.1502483855121739
29340.889,0.15024812438370957
29340.89,0.15024786362168707
29340.891,0.15024760296492312
29340.892,0.15024734331598263
29340.893,0.15024708476175072
29340.894,0.15024682694952396
29340.895,0.15024657023741123
29340.896,0.15024631429188084
29340.897,0.15024605855641132
29340.898,0.1502458032251926
29340.899,0.15024554868437992
29340.9,0.15024529459201502
29340.901,0.15024504139603556
29340.902,0.15024478938313868
29340.903,0.1502445382706108
29340.904,0.15024428820327967
29340.905,0.15024403964558916
29340.906,0.15024379218938766
29340.907,0.15024354581312915
29340.908,0.15024330112855022
29340.909,0.1502430584988353
29340.91,0.15024281735227518
29340.911,0.15024257783316672
29340.912,0.15024234025746
29340.913,0.15024210422695486
29340.914,0.1502418694197257
29340.915,0.15024163598639223
29340.916,0.15024140428385357
29340.917,0.1502411739091649
29340.918,0.1502409447557089
29340.919,0.15024071689857335
29340.92,0.15024049028207986
29340.921,0.15024026506242513
29340.922,0.1502400413951424
29340.923,0.1502398185732699
29340.924,0.15023959694976022
29340.925,0.15023937648797855
29340.926,0.15023915728539622
29340.927,0.15023893873391606
29340.928,0.15023872072465513
29340.929,0.15023850310976508
29340.93,0.15023828547335386
29340.931,0.15023806783530716
29340.932,0.15023784992927153
29340.933,0.15023763172144222
29340.934,0.15023741315647912
29340.935,0.15023719403625077
29340.936,0.15023697434498448
29340.937,0.15023675380587403
29340.938,0.15023653236740028
29340.939,0.1502363102281715
29340.94,0.15023608674831931
29340.941,0.1502358620993523
29340.942,0.15023563651401717
29340.943,0.15023540982034758
29340.944,0.15023518157468732
29340.945,0.15023495170799758
29340.946,0.15023472023220075
29340.947,0.15023448651744595
29340.948,0.15023425068083215
29340.949,0.1502340128198203
29340.95,0.1502337723453756
29340.951,0.15023352983454846
29340.952,0.15023328547091558
29340.953,0.15023303923907977
29340.954,0.15023279132024675
29340.955,0.15023254120287566
29340.956,0.15023228892641796
29340.957,0.1502320344544829
29340.958,0.15023177809180593
29340.959,0.15023152012542607
29340.96,0.15023126061061473
29340.961,0.1502309994511197
29340.962,0.1502307368569584
29340.963,0.1502304723077627
29340.964,0.15023020583759178
29340.965,0.15022993762184247
29340.966,0.1502296680303946
29340.967,0.15022939664697926
29340.968,0.1502291235601206
29340.969,0.15022884958062743
29340.97,0.15022857448759214
29340.971,0.15022829843717364
29340.972,0.15022802147478084
29340.973,0.1502277432664838
29340.974,0.150227464068322
29340.975,0.15022718407131283
29340.976,0.15022690359099086
29340.977,0.15022662197875486
29340.978,0.15022633993680393
29340.979,0.15022605701467287
29340.98,0.150225772806079
29340.981,0.15022548719526038
29340.982,0.15022519992126385
29340.983,0.15022491115514103
29340.984,0.1502246209094168
29340.985,0.15022432915289435
29340.986,0.1502240358658955
29340.987,0.15022374103182445
29340.988,0.1502234439636463
29340.989,0.1502231446777677
29340.99,0.15022284275730347
29340.991,0.15022253809726008
29340.992,0.15022223144917465
29340.993,0.15022192206932963
29340.994,0.15022160946978522
29340.995,0.150221293399824
29340.996,0.15022097385156372
29340.997,0.15022064995277523
29340.998,0.15022032149797684
29340.999,0.15021998862144892
29341.0,0.15021965126617598
29341.001,0.15021930966293368
29341.002,0.15021896300995563
29341.003,0.15021861130824254
29341.004,0.15021825459564994
29341.005,0.15021789272311353
29341.006,0.15021752546128367
29341.007,0.15021715255498413
29341.008,0.15021677464147593
29341.009,0.15021639140893409
29341.01,0.15021600251365722
29341.011,0.15021560799854033
29341.012,0.15021520759952062
29341.013,0.1502148010736984
29341.014,0.15021438797584077
29341.015,0.15021396804564283
29341.016,0.15021354181328012
29341.017,0.15021310930865453
29341.018,0.15021267078730927
29341.019,0.15021222648214064
29341.02,0.15021177623735077
29341.021,0.15021131996015905
29341.022,0.15021085784072366
29341.023,0.1502103893536637
29341.024,0.150209915299597
29341.025,0.15020943581058743
29341.026,0.1502089511131457
29341.027,0.1502084613802524
29341.028,0.15020796648833198
29341.029,0.1502074666064639
29341.03,0.15020696177814477
29341.031,0.15020645196572202
29341.032,0.15020593710356914
29341.033,0.150205417722253
29341.034,0.15020489403670984
29341.035,0.15020436611663282
29341.036,0.1502038344356666
29341.037,0.1502032989102296
29341.038,0.15020275974185648
29341.039,0.150202216930383
29341.04,0.15020167024297731
29341.041,0.15020112014162632
29341.042,0.15020056732560194
29341.043,0.1502000117506723
29341.044,0.1501994530097024
29341.045,0.150198891922322
29341.046,0.1501983280971792
29341.047,0.15019776115187597
29341.048,0.15019719118625838
29341.049,0.15019661829372505
29341.05,0.15019604247594026
29341.051,0.15019546395920405
29341.052,0.15019488291075012
29341.053,0.15019429929112166
29341.054,0.1501937132005123
29341.055,0.150193124468407
29341.056,0.1501925336158643
29341.057,0.15019194039811545
29341.058,0.15019134527746036
29341.059,0.150190748468112
29341.06,0.15019014954155213
29341.061,0.15018954804281803
29341.062,0.15018894444653447
29341.063,0.15018833849054133
29341.064,0.15018772965255628
29341.065,0.15018711772664708
29341.066,0.15018650330817992
29341.067,0.15018588632807717
29341.068,0.15018526721267395
29341.069,0.15018464597236994
29341.07,0.15018402206149742
29341.071,0.150183395779223
29341.072,0.1501827672053642
29341.073,0.15018213615796003
29341.074,0.15018150298777558
29341.075,0.1501808681505927
29341.076,0.150180231705473
29341.077,0.1501795929950176
29341.078,0.1501789528054322
29341.079,0.15017831051409852
29341.08,0.1501776658022378
29341.081,0.15017701873978648
29341.082,0.1501763694154727
29341.083,0.15017571846487351
29341.084,0.15017506595478872
29341.085,0.15017441205079482
29341.086,0.15017375656178059
29341.087,0.150173099838066
29341.088,0.15017244223588247
29341.089,0.15017178402388975
29341.09,0.15017112525643753
29341.091,0.15017046606263587
29341.092,0.15016980721603335
29341.093,0.15016914854272095
29341.094,0.15016849006398125
29341.095,0.1501678322667473
29341.096,0.15016717519477665
29341.097,0.15016651846741175
29341.098,0.15016586228001558
29341.099,0.15016520706045347
29341.1,0.15016455325920622
29341.101,0.15016390085238426
29341.102,0.15016325007185927
29341.103,0.1501626013783691
29341.104,0.15016195467485693
29341.105,0.1501613105199461
29341.106,0.1501606685563924
29341.107,0.1501600289629149
29341.108,0.1501593926067256
29341.109,0.15015875964905873
29341.11,0.1501581302524091
29341.111,0.15015750443103384
29341.112,0.15015688246810885
29341.113,0.1501562642441624
29341.114,0.15015564922960498
29341.115,0.15015503763764576
29341.116,0.15015443033361556
29341.117,0.15015382725707638
29341.118,0.15015322834877565
29341.119,0.15015263402735257
29341.12,0.1501520440878698
29341.121,0.15015145912813724
29341.122,0.15015087967417703
29341.123,0.15015030511141486
29341.124,0.1501497358277636
29341.125,0.15014917192435404
29341.126,0.15014861361587914
29341.127,0.15014806106250086
29341.128,0.15014751411584323
29341.129,0.15014697287402165
29341.13,0.15014643724964843
29341.131,0.15014590737667774
29341.132,0.15014538306054592
29341.133,0.1501448645716013
29341.134,0.15014435216161778
29341.135,0.15014384619620294
29341.136,0.15014334680152497
29341.137,0.15014285397769064
29341.138,0.15014236787724142
29341.139,0.1501418886001099
29341.14,0.15014141614130802
29341.141,0.1501409510132014
29341.142,0.15014049379097263
29341.143,0.15014004439621595
29341.144,0.15013960256886466
29341.145,0.15013916875935165
29341.146,0.1501387427926102
29341.147,0.15013832441440395
29341.148,0.15013791390218825
29341.149,0.1501375115010363
29341.15,0.15013711757466597
29341.151,0.15013673244316128
29341.152,0.15013635602310946
29341.153,0.1501359882105822
29341.154,0.15013562903902414
29341.155,0.150135278810737
29341.156,0.1501349375380109
29341.157,0.15013460482047858
29341.158,0.15013428151719796
29341.159,0.15013396767077047
29341.16,0.15013366325758692
29341.161,0.15013336795378013
29341.162,0.1501330820228848
29341.163,0.15013280489609587
29341.164,0.15013253606157934
29341.165,0.15013227573519122
29341.166,0.15013202373174372
29341.167,0.15013177990394214
29341.168,0.15013154473442963
29341.169,0.1501313177202204
29341.17,0.15013109861570928
29341.171,0.15013088757470658
29341.172,0.15013068425873724
29341.173,0.15013048818675304
29341.174,0.15013029903688802
29341.175,0.15013011698631987
29341.176,0.15012994160167953
29341.177,0.1501297724815853
29341.178,0.15012960993779323
29341.179,0.15012945288321583
29341.18,0.15012930099201616
29341.181,0.15012915388403855
29341.182,0.15012901083074093
29341.183,0.15012887165627417
29341.184,0.15012873613054287
29341.185,0.15012860378982798
29341.186,0.15012847443325178
29341.187,0.1501283478879868
29341.188,0.1501282235803806
29341.189,0.15012810072729837
29341.19,0.1501279788628232
29341.191,0.1501278576082094
29341.192,0.15012773722227415
29341.193,0.15012761714039996
29341.194,0.1501274965889291
29341.195,0.15012737547772773
29341.196,0.1501272531262722
29341.197,0.15012712859584712
29341.198,0.15012700131809717
29341.199,0.15012687136100905
29341.2,0.15012673829077075
29341.201,0.15012660170458722
29341.202,0.1501264612570357
29341.203,0.15012631660631653
29341.204,0.15012616778024782
29341.205,0.15012601490513477
29341.206,0.1501258566524461
29341.207,0.1501256930265789
29341.208,0.15012552435062135
29341.209,0.15012535023467116
29341.21,0.150125170234888
29341.211,0.15012498398001337
29341.212,0.15012479142692067
29341.213,0.15012459223622662
29341.214,0.15012438573464348
29341.215,0.15012417182669907
29341.216,0.15012395060566916
29341.217,0.1501237221053852
29341.218,0.15012348612675946
29341.219,0.1501232427150092
29341.22,0.15012299165663087
29341.221,0.1501227327955173
29341.222,0.15012246629085632
29341.223,0.1501221915031964
29341.224,0.150121908928413
29341.225,0.1501216195624949
29341.226,0.15012132319319377
29341.227,0.15012101957009508
29341.228,0.15012070869126387
29341.229,0.1501203904190772
29341.23,0.15012006474589262
29341.231,0.15011973174423315
29341.232,0.15011939131614185
29341.233,0.15011904372622553
29341.234,0.15011868929741953
29341.235,0.15011832840494738
29341.236,0.15011796128804059
29341.237,0.1501175880101286
29341.238,0.15011720869711012
29341.239,0.15011682333119034
29341.24,0.15011643253851498
29341.241,0.15011603695618017
29341.242,0.15011563711580786
29341.243,0.15011523310330888
29341.244,0.15011482485848035
29341.245,0.15011441302050377
29341.246,0.1501139979635973
29341.247,0.15011357888581214
29341.248,0.1501131565076528
29341.249,0.1501127308739262
29341.25,0.1501123022724178
29341.251,0.15011187087066652
29341.252,0.15011143736315324
29341.253,0.1501110019906283
29341.254,0.150110565019098
29341.255,0.1501101270019536
29341.256,0.1501096876545942
29341.257,0.1501092472626715
29341.258,0.15010880644553604
29341.259,0.15010836518265994
29341.26,0.15010792379250668
29341.261,0.15010748177554997
29341.262,0.1501070400593317
29341.263,0.15010659823670247
29341.264,0.15010615621673332
29341.265,0.15010571384328078
29341.266,0.15010527153815142
29341.267,0.1501048294828997
29341.268,0.15010438795145303
29341.269,0.150103946385613
29341.27,0.15010350476370088
29341.271,0.15010306338838078
29341.272,0.15010262229497254
29341.273,0.15010218113689763
29341.274,0.15010173959586126
29341.275,0.15010129839278147
29341.276,0.15010085736932002
29341.277,0.15010041625149292
29341.278,0.15009997503749758
29341.279,0.1500995329967022
29341.28,0.15009908985076684
29341.281,0.150098645152382
29341.282,0.150098198758071
29341.283,0.15009775069780662
29341.284,0.15009730078846184
29341.285,0.15009684879899854
29341.286,0.1500963949570543
29341.287,0.1500959387296463
29341.288,0.1500954796568094
29341.289,0.15009501745134432
29341.29,0.1500945517950408
29341.291,0.1500940828831386
29341.292,0.1500936111655663
29341.293,0.15009313632304852
29341.294,0.15009265765838214
29341.295,0.15009217495242738
29341.296,0.150091687750456
29341.297,0.15009119529490045
29341.298,0.1500906976437347
29341.299,0.1500901950949499
29341.3,0.15008968735487743
29341.301,0.1500891746076055
29341.302,0.15008865662228596
29341.303,0.15008813323028597
29341.304,0.1500876044409442
29341.305,0.15008706998457705
29341.306,0.15008652931673727
29341.307,0.15008598288656713
29341.308,0.15008543123101833
29341.309,0.1500848741462825
29341.31,0.15008431116928753
29341.311,0.15008374218482173
29341.312,0.150083167428031
29341.313,0.15008258654867204
29341.314,0.1500819989557167
29341.315,0.15008140513257617
29341.316,0.1500808054053556
29341.317,0.15008019967892544
29341.318,0.15007958804036306
29341.319,0.1500789703258793
29341.32,0.15007834676027182
29341.321,0.15007771761311828
29341.322,0.15007708326297073
29341.323,0.15007644326671968
29341.324,0.1500757977658592
29341.325,0.1500751473635296
29341.326,0.15007449138018164
29341.327,0.15007383025695198
29341.328,0.1500731643081724
29341.329,0.1500724932503941
29341.33,0.15007181718401286
29341.331,0.1500711358786867
29341.332,0.15007044927789823
29341.333,0.1500697576280546
29341.334,0.15006906153575325
29341.335,0.1500683611547242
29341.336,0.15006765640830283
29341.337,0.15006694736499057
29341.338,0.15006623425424984
29341.339,0.15006551741699553
29341.34,0.150064797160461
29341.341,0.1500640733267947
29341.342,0.1500633464079472
29341.343,0.15006261656120976
29341.344,0.15006188342313362
29341.345,0.15006114717997426
29341.346,0.15006040788101616
29341.347,0.15005966471835433
29341.348,0.15005891826165207
29341.349,0.1500581686385906
29341.35,0.15005741659162733
29341.351,0.1500566618826298
29341.352,0.15005590492432563
29341.353,0.15005514564958938
29341.354,0.15005438406677465
29341.355,0.15005362071520317
29341.356,0.15005285520350434
29341.357,0.15005208798308342
29341.358,0.15005131966589608
29341.359,0.15005055024471978
29341.36,0.15004977989933838
29341.361,0.15004900814860905
29341.362,0.15004823549926088
29341.363,0.15004746155469798
29341.364,0.15004668628159124
29341.365,0.15004590973456944
29341.366,0.15004513255730545
29341.367,0.15004435436488478
29341.368,0.15004357554420142
29341.369,0.1500427961523799
29341.37,0.15004201616635915
29341.371,0.15004123608087358
29341.372,0.1500404562174686
29341.373,0.15003967588935851
29341.374,0.15003889546278906
29341.375,0.1500381157029907
29341.376,0.15003733622160853
29341.377,0.15003655683070033
29341.378,0.15003577773642923
29341.379,0.15003499833610046
29341.38,0.15003421850795423
29341.381,0.15003343798176494
29341.382,0.15003265703298435
29341.383,0.15003187551545574
29341.384,0.15003109381886118
29341.385,0.15003031183062185
29341.386,0.15002952967244104
29341.387,0.15002874686814027
29341.388,0.15002796344526137
29341.389,0.15002717987578604
29341.39,0.15002639565825576
29341.391,0.15002561101167192
29341.392,0.15002482585888074
29341.393,0.1500240398258733
29341.394,0.15002325241898293
29341.395,0.1500224638749236
29341.396,0.15002167406169395
29341.397,0.1500208821163736
29341.398,0.15002008788099017
29341.399,0.15001929174765088
29341.4,0.15001849319202892
29341.401,0.1500176922831206
29341.402,0.15001688880260455
29341.403,0.1500160824345348
29341.404,0.15001527311465224
29341.405,0.15001446096442142
29341.406,0.1500136455222671
29341.407,0.15001282647994374
29341.408,0.15001200420085609
29341.409,0.15001117830296667
29341.41,0.15001034890412704
29341.411,0.15000951580208535
29341.412,0.15000867896592487
29341.413,0.1500078379174492
29341.414,0.1500069920838184
29341.415,0.1500061412858906
29341.416,0.1500052857952475
29341.417,0.1500044251024844
29341.418,0.15000355954686492
29341.419,0.15000268909923112
29341.42,0.15000181373541038
29341.421,0.15000093311861495
29341.422,0.150000047421496
29341.423,0.1499991560637942
29341.424,0.14999825952242635
29341.425,0.1499973583335
29341.426,0.1499964523105101
29341.427,0.14999554165127016
29341.428,0.14999462604655225
29341.429,0.1499937051834186
29341.43,0.1499927793557061
29341.431,0.1499918479221162
29341.432,0.1499909110154356
29341.433,0.149989969210667
29341.434,0.14998902289122304
29341.435,0.14998807206408393
29341.436,0.14998711691881803
29341.437,0.14998615762735829
29341.438,0.14998519422391798
29341.439,0.1499842270103605
29341.44,0.14998325563409876
29341.441,0.14998228061594016
29341.442,0.14998130245809085
29341.443,0.1499803210708399
29341.444,0.1499793362910217
29341.445,0.14997834851022998
29341.446,0.14997735781239266
29341.447,0.14997636380911983
29341.448,0.149975366883817
29341.449,0.1499743675423206
29341.45,0.14997336584527554
29341.451,0.14997236170282854
29341.452,0.14997135597357078
29341.453,0.1499703486983532
29341.454,0.14996933999982073
29341.455,0.149968330371517
29341.456,0.14996731939489039
29341.457,0.1499663074084737
29341.458,0.14996529497560784
29341.459,0.14996428230125688
29341.46,0.14996326933740065
29341.461,0.14996225599582344
29341.462,0.14996124295336444
29341.463,0.14996022958085134
29341.464,0.14995921595631698
29341.465,0.14995820202282303
29341.466,0.14995718832293095
29341.467,0.1499561753102661
29341.468,0.14995516326883546
29341.469,0.14995415225125813
29341.47,0.14995314203606838
29341.471,0.14995213323161716
29341.472,0.1499511258876438
29341.473,0.14995011927008636
29341.474,0.14994911401075978
29341.475,0.1499481105073082
29341.476,0.1499471091468242
29341.477,0.14994610988630253
29341.478,0.14994511291222604
29341.479,0.14994411761670867
29341.48,0.14994312459777268
29341.481,0.14994213325693162
29341.482,0.14994114400103029
29341.483,0.14994015698608165
29341.484,0.14993917262960232
29341.485,0.149938190934304
29341.486,0.14993721201597854
29341.487,0.14993623602235753
29341.488,0.1499352629351064
29341.489,0.1499342929115438
29341.49,0.14993332552149224
29341.491,0.14993236117709352
29341.492,0.14993140033257515
29341.493,0.1499304427307233
29341.494,0.14992948782990934
29341.495,0.14992853595504935
29341.496,0.14992758674649673
29341.497,0.14992663961742284
29341.498,0.14992569481032325
29341.499,0.1499247528564604
29341.5,0.14992381323348822
29341.501,0.14992287610285793
29341.502,0.14992194119689836
29341.503,0.14992100842081804
29341.504,0.14992007795031384
29341.505,0.14991914980077495
29341.506,0.1499182231127546
29341.507,0.14991729792938005
29341.508,0.1499163745816697
29341.509,0.14991545290078653
29341.51,0.1499145325000329
29341.511,0.14991361250368757
29341.512,0.1499126932741233
29341.513,0.14991177444183315
29341.514,0.14991085520751204
29341.515,0.14990993560133833
29341.516,0.14990901574751198
29341.517,0.14990809521473872
29341.518,0.1499071741590681
29341.519,0.14990625199050642
29341.52,0.14990532851117724
29341.521,0.14990440366963362
29341.522,0.14990347774530408
29341.523,0.14990255000899397
29341.524,0.14990162062563062
29341.525,0.14990068970766898
29341.526,0.1498997568724217
29341.527,0.14989882189225995
29341.528,0.1498978841617237
29341.529,0.14989694389820685
29341.53,0.14989600053163893
29341.531,0.1498950535036925
29341.532,0.1498941034804211
29341.533,0.14989315101716508
29341.534,0.1498921957962161
29341.535,0.14989123768936946
29341.536,0.1498902767203912
29341.537,0.1498893128318297
29341.538,0.14988834616979302
29341.539,0.14988737665526572
29341.54,0.1498864043057784
29341.541,0.1498854297912973
29341.542,0.14988445360922478
29341.543,0.14988347560598575
29341.544,0.1498824958305567
29341.545,0.14988151446494788
29341.546,0.14988053169562815
29341.547,0.1498795471831846
29341.548,0.14987856126541746
29341.549,0.1498775743348961
29341.55,0.14987658648514068
29341.551,0.14987559829358332
29341.552,0.1498746102163599
29341.553,0.14987362221541184
29341.554,0.14987263411460952
29341.555,0.14987164650937412
29341.556,0.1498706594734158
29341.557,0.14986967333740328
29341.558,0.14986868860788266
29341.559,0.14986770525165052
29341.56,0.14986672349556215
29341.561,0.1498657435326408
29341.562,0.14986476554087597
29341.563,0.14986378940341535
29341.564,0.1498628151411811
29341.565,0.14986184256859789
29341.566,0.1498608722393043
29341.567,0.14985990433278168
29341.568,0.14985893839074882
29341.569,0.14985797498166564
29341.57,0.14985701406207327
29341.571,0.14985605583840095
29341.572,0.14985510029597252
29341.573,0.14985414695293214
29341.574,0.14985319621819546
29341.575,0.14985224846303094
29341.576,0.14985130347069361
29341.577,0.14985036060236273
29341.578,0.14984942000263057
29341.579,0.1498484811157812
29341.58,0.1498475443213919
29341.581,0.14984660865508379
29341.582,0.1498456747234745
29341.583,0.14984474254280788
29341.584,0.14984381186772525
29341.585,0.14984288259019532
29341.586,0.14984195477447831
29341.587,0.1498410284852143
29341.588,0.14984010322412572
29341.589,0.14983917912535646
29341.59,0.14983825570217987
29341.591,0.1498373334477899
29341.592,0.1498364127822936
29341.593,0.1498354931743496
29341.594,0.14983457433021485
29341.595,0.14983365654576694
29341.596,0.14983273968157743
29341.597,0.14983182309976154
29341.598,0.14983090705607444
29341.599,0.14982999164452288
29341.6,0.1498290767305903
29341.601,0.149828162191165
29341.602,0.14982724799563216
29341.603,0.14982633461368858
29341.604,0.14982542203125893
29341.605,0.14982451035756347
29341.606,0.1498235993944474
29341.607,0.149822689259288
29341.608,0.14982178038790248
29341.609,0.14982087269158706
29341.61,0.14981996631563882
29341.611,0.149819061439631
29341.612,0.14981815816515084
29341.613,0.1498172556992176
29341.614,0.14981635379852754
29341.615,0.14981545249141529
29341.616,0.14981455216881526
29341.617,0.14981365285033593
29341.618,0.1498127549498323
29341.619,0.14981185842531894
29341.62,0.1498109633713714
29341.621,0.1498100696277508
29341.622,0.1498091777087813
29341.623,0.14980828695395462
29341.624,0.14980739726885908
29341.625,0.1498065089639731
29341.626,0.14980562195064795
29341.627,0.14980473625154891
29341.628,0.14980385152294698
29341.629,0.1498029678510594
29341.63,0.1498020846016752
29341.631,0.14980120152430165
29341.632,0.14980031862348084
29341.633,0.14979943608851135
29341.634,0.14979855348557253
29341.635,0.14979767063416768
29341.636,0.14979678761945092
29341.637,0.1497959041143384
29341.638,0.14979502012516493
29341.639,0.14979413563493105
29341.64,0.14979325046847475
29341.641,0.14979236459152911
29341.642,0.14979147830654307
29341.643,0.14979059110181228
29341.644,0.14978970284614326
29341.645,0.14978881341068664
29341.646,0.14978792303511482
29341.647,0.149787030657088
29341.648,0.14978613618807324
29341.649,0.1497852400246551
29341.65,0.1497843422094274
29341.651,0.1497834426430184
29341.652,0.14978254133096694
29341.653,0.14978163834194277
29341.654,0.14978073385962695
29341.655,0.14977982859840605
29341.656,0.14977892188865174
29341.657,0.14977801373258373
29341.658,0.14977710450802934
29341.659,0.1497761946087956
29341.66,0.14977528406226648
29341.661,0.14977437262911486
29341.662,0.14977346051321955
29341.663,0.1497725479173888
29341.664,0.14977163425062512
29341.665,0.14977071990564883
29341.666,0.14976980545522167
29341.667,0.14976889124169526
29341.668,0.14976797728743763
29341.669,0.14976706413492383
29341.67,0.14976615143833194
29341.671,0.14976523951500073
29341.672,0.14976432898080613
29341.673,0.1497634198220555
29341.674,0.1497625123351841
29341.675,0.14976160733197869
29341.676,0.14976070486381235
29341.677,0.14975980490920388
29341.678,0.14975890790624966
29341.679,0.14975801358843469
29341.68,0.14975712231047345
29341.681,0.14975623360036056
29341.682,0.14975534802923338
29341.683,0.14975446570786882
29341.684,0.14975358682415862
29341.685,0.14975271184507238
29341.686,0.14975184082710447
29341.687,0.1497509737177596
29341.688,0.14975011034455415
29341.689,0.14974925113785464
29341.69,0.14974839608023352
29341.691,0.14974754546139432
29341.692,0.14974669932940335
29341.693,0.14974585779652808
29341.694,0.1497450208887137
29341.695,0.14974418862854913
29341.696,0.14974336055245344
29341.697,0.14974253593672485
29341.698,0.14974171488798457
29341.699,0.14974089740330693
29341.7,0.14974008351900686
29341.701,0.1497392735776238
29341.702,0.149738467694123
29341.703,0.14973766586994627
29341.704,0.14973686779107317
29341.705,0.14973607379346704
29341.706,0.14973528317482884
29341.707,0.14973449577152131
29341.708,0.1497337121481456
29341.709,0.14973293266245802
29341.71,0.14973215744184445
29341.711,0.14973138556424623
29341.712,0.1497306168887726
29341.713,0.14972985129341249
29341.714,0.14972908856440717
29341.715,0.14972832834954913
29341.716,0.14972757130592043
29341.717,0.14972681718126063
29341.718,0.14972606611957284
29341.719,0.1497253179077365
29341.72,0.1497245725587611
29341.721,0.14972383025644537
29341.722,0.14972309103240977
29341.723,0.1497223542233656
29341.724,0.14972162009459913
29341.725,0.1497208890274457
29341.726,0.14972016124044285
29341.727,0.1497194363835029
29341.728,0.14971871411525325
29341.729,0.14971799458118493
29341.73,0.14971727743651342
29341.731,0.14971656205274286
29341.732,0.1497158490057875
29341.733,0.14971513857891794
29341.734,0.14971443062326756
29341.735,0.14971372515937603
29341.736,0.14971302241199672
29341.737,0.1497123219206247
29341.738,0.14971162417075198
29341.739,0.14971092895253085
29341.74,0.14971023614027726
29341.741,0.1497095460924296
29341.742,0.14970885914242368
29341.743,0.14970817504630474
29341.744,0.14970749374141235
29341.745,0.14970681513838524
29341.746,0.1497061391845478
29341.747,0.14970546467570364
29341.748,0.1497047922087056
29341.749,0.1497041222630629
29341.75,0.1497034544081645
29341.751,0.14970278876584975
29341.752,0.14970212555288018
29341.753,0.14970146487137678
29341.754,0.14970080666158367
29341.755,0.14970015112088975
29341.756,0.1496994976622919
29341.757,0.14969884655471774
29341.758,0.14969819815559837
29341.759,0.1496975526778686
29341.76,0.14969690970202162
29341.761,0.14969626901778682
29341.762,0.14969563101259944
29341.763,0.14969499536810157
29341.764,0.1496943612804334
29341.765,0.14969372914305762
29341.766,0.14969309912786463
29341.767,0.1496924711937848
29341.768,0.14969184532255092
29341.769,0.14969122160599907
29341.77,0.14969059997073403
29341.771,0.149689981050212
29341.772,0.14968936469505537
29341.773,0.1496887503082004
29341.774,0.14968813783088142
29341.775,0.149687528221117
29341.776,0.1496869210846694
29341.777,0.14968631624288556
29341.778,0.14968571384164597
29341.779,0.14968511371569512
29341.78,0.14968451540488434
29341.781,0.1496839182963596
29341.782,0.14968332305889792
29341.783,0.1496827296449614
29341.784,0.1496821383271199
29341.785,0.14968154891374744
29341.786,0.1496809613180645
29341.787,0.14968037509242274
29341.788,0.14967979067533196
29341.789,0.14967920768623524
29341.79,0.14967862579290966
29341.791,0.14967804517999028
29341.792,0.14967746620052957
29341.793,0.1496768886499086
29341.794,0.1496763120394567
29341.795,0.1496757359642075
29341.796,0.1496751606313571
29341.797,0.14967458530859887
29341.798,0.1496740098904212
29341.799,0.1496734343863935
29341.8,0.14967285883958592
29341.801,0.14967228312208447
29341.802,0.1496717066463951
29341.803,0.14967112941158114
29341.804,0.14967055127031864
29341.805,0.14966997242998814
29341.806,0.14966939206025875
29341.807,0.14966881020035633
29341.808,0.14966822709714653
29341.809,0.14966764270796412
29341.81,0.14966705622260457
29341.811,0.14966646754092824
29341.812,0.14966587665004522
29341.813,0.14966528324301043
29341.814,0.14966468644697506
29341.815,0.14966408636421066
29341.816,0.14966348298145257
29341.817,0.14966287632952943
29341.818,0.149662266641604
29341.819,0.14966165341197551
29341.82,0.14966103629596844
29341.821,0.14966041575478106
29341.822,0.1496597918432962
29341.823,0.14965916415573377
29341.824,0.1496585328940128
29341.825,0.1496578982967462
29341.826,0.14965726072524663
29341.827,0.14965661955052048
29341.828,0.14965597502073846
29341.829,0.14965532723308897
29341.83,0.1496546760330784
29341.831,0.14965402107196019
29341.832,0.14965336329715417
29341.833,0.14965270303079437
29341.834,0.1496520402516478
29341.835,0.14965137517725235
29341.836,0.14965070824473162
29341.837,0.14965003952384928
29341.838,0.14964936950546412
29341.839,0.1496486984169281
29341.84,0.1496480264782243
29341.841,0.1496473540355377
29341.842,0.14964668200455342
29341.843,0.14964601106805853
29341.844,0.14964534100079516
29341.845,0.1496446721401866
29341.846,0.1496440047400672
29341.847,0.14964333835778743
29341.848,0.14964267408873458
29341.849,0.1496420124580253
29341.85,0.14964135362589473
29341.851,0.14964069846791214
29341.852,0.14964004729382588
29341.853,0.14963940036445025
29341.854,0.14963875819516823
29341.855,0.14963812096716456
29341.856,0.1496374886741535
29341.857,0.14963686160199144
29341.858,0.1496362405226071
29341.859,0.149635626128111
29341.86,0.14963501838948515
29341.861,0.14963441738804553
29341.862,0.1496338235427319
29341.863,0.14963323636791553
29341.864,0.14963265574913123
29341.865,0.14963208176427514
29341.866,0.1496315148021383
29341.867,0.14963095502063417
29341.868,0.14963040235648925
29341.869,0.1496298568641087
29341.87,0.14962931834345092
29341.871,0.1496287869137182
29341.872,0.14962826226451958
29341.873,0.1496277442834693
29341.874,0.14962723311596313
29341.875,0.14962672875879443
29341.876,0.14962623068164305
29341.877,0.14962573878085766
29341.878,0.14962525284372305
29341.879,0.14962477228484253
29341.88,0.14962429630082513
29341.881,0.14962382476694494
29341.882,0.14962335770856006
29341.883,0.14962289450286237
29341.884,0.14962243498755218
29341.885,0.14962197856546236
29341.886,0.14962152473963755
29341.887,0.14962107331741453
29341.888,0.1496206243901893
29341.889,0.14962017710874692
29341.89,0.149619731025437
29341.891,0.14961928577622244
29341.892,0.1496188414315029
29341.893,0.14961839707495336
29341.894,0.14961795221401958
29341.895,0.14961750656162573
29341.896,0.14961705977797035
29341.897,0.14961661035026874
29341.898,0.149616158406599
29341.899,0.1496157035646628
29341.9,0.14961524555040168
29341.901,0.14961478416995289
29341.902,0.14961431921178553
29341.903,0.14961385008210226
29341.904,0.14961337671261762
29341.905,0.14961289891153734
29341.906,0.14961241596201474
29341.907,0.14961192783191116
29341.908,0.14961143486390646
29341.909,0.14961093736745648
29341.91,0.1496104346946175
29341.911,0.14960992630556594
29341.912,0.14960941228906946
29341.913,0.1496088925184718
29341.914,0.1496083664085238
29341.915,0.14960783389919077
29341.916,0.14960729542572931
29341.917,0.14960675111191102
29341.918,0.1496062008797936
29341.919,0.14960564468602686
29341.92,0.14960508289294686
29341.921,0.14960451545419023
29341.922,0.1496039424193164
29341.923,0.1496033633023829
29341.924,0.14960277880880857
29341.925,0.14960218943409218
29341.926,0.1496015951310799
29341.927,0.14960099585759995
29341.928,0.14960039208741469
29341.929,0.14959978390784423
29341.93,0.1495991709199629
29341.931,0.1495985530071913
29341.932,0.14959793074758015
29341.933,0.14959730441372726
29341.934,0.14959667389967266
29341.935,0.1495960400322224
29341.936,0.1495954032130639
29341.937,0.14959476349011505
29341.938,0.1495941212224537
29341.939,0.14959347671378095
29341.94,0.14959282975010352
29341.941,0.149592180810044
29341.942,0.1495915308563236
29341.943,0.14959087970318466
29341.944,0.1495902271294817
29341.945,0.1495895739063829
29341.946,0.14958892026950854
29341.947,0.14958826600754138
29341.948,0.14958761182208033
29341.949,0.14958695798069457
29341.95,0.1495863046625338
29341.951,0.1495856522088379
29341.952,0.14958500084376125
29341.953,0.14958435103851575
29341.954,0.1495837031852401
29341.955,0.14958305740000358
29341.956,0.1495824142519001
29341.957,0.14958177385887203
29341.958,0.14958113702426923
29341.959,0.14958050440741197
29341.96,0.1495798756695096
29341.961,0.1495792507278422
29341.962,0.14957863038822386
29341.963,0.1495780146477068
29341.964,0.1495774034660091
29341.965,0.14957679718060654
29341.966,0.1495761964538145
29341.967,0.14957560089730482
29341.968,0.1495750113380262
29341.969,0.1495744280121021
29341.97,0.1495738510605085
29341.971,0.14957328094074823
29341.972,0.1495727178718257
29341.973,0.14957216196304243
29341.974,0.1495716131232031
29341.975,0.1495710721027997
29341.976,0.14957053946410112
29341.977,0.14957001510723944
29341.978,0.1495694990036849
29341.979,0.1495689915017185
29341.98,0.14956849216272392
29341.981,0.14956800071324153
29341.982,0.14956751749064
29341.983,0.14956704270836352
29341.984,0.14956657639018234
29341.985,0.14956611869739012
29341.986,0.14956566956609807
29341.987,0.14956522902653732
29341.988,0.14956479713073587
29341.989,0.14956437390157853
29341.99,0.1495639588871754
29341.991,0.14956355252462308
29341.992,0.14956315508502957
29341.993,0.14956276631156035
29341.994,0.1495623861554576
29341.995,0.14956201432237226
29341.996,0.14956165031779037
29341.997,0.14956129338322383
29341.998,0.14956094418317098
29341.999,0.1495606023769572
29342.0,0.14956026791682006
29342.001,0.14955994065453748
29342.002,0.14955962038942583
29342.003,0.14955930691648162
29342.004,0.14955899999371863
29342.005,0.1495586996065499
29342.006,0.14955840518541533
29342.007,0.14955811649527756
29342.008,0.1495578336214077
29342.009,0.14955755625002395
29342.01,0.14955728397146556
29342.011,0.14955701661015527
29342.012,0.14955675427479917
29342.013,0.14955649613370137
29342.014,0.1495562414576685
29342.015,0.14955598972427617
29342.016,0.14955574118632134
29342.017,0.14955549550785738
29342.018,0.1495552523921354
29342.019,0.1495550116115176
29342.02,0.1495547729972323
29342.021,0.1495545358278424
29342.022,0.14955430055429003
29342.023,0.14955406614400604
29342.024,0.1495538324006743
29342.025,0.1495535993579042
29342.026,0.14955336707748865
29342.027,0.14955313513905746
29342.028,0.14955290349017838
29342.029,0.14955267140451178
29342.03,0.14955243819748745
29342.031,0.14955220348083437
29342.032,0.14955196734819853
29342.033,0.14955172958193155
29342.034,0.149551489960725
29342.035,0.14955124853773047
29342.036,0.1495510047045582
29342.037,0.14955075819744396
29342.038,0.14955050878342446
29342.039,0.1495502562791227
29342.04,0.14955000065187685
29342.041,0.1495497422750975
29342.042,0.14954948128075354
29342.043,0.14954921703968135
29342.044,0.14954894962544715
29342.045,0.14954867878838515
29342.046,0.14954840410777534
29342.047,0.14954812483734006
29342.048,0.14954784129628748
29342.049,0.14954755333099556
29342.05,0.1495472609426193
29342.051,0.14954696431881376
29342.052,0.14954666381456655
29342.053,0.14954635945304792
29342.054,0.14954605122878728
29342.055,0.14954573904796042
29342.056,0.14954542289542272
29342.057,0.1495451026986839
29342.058,0.14954477905477218
29342.059,0.14954445212942535
29342.06,0.14954412163623076
29342.061,0.14954378758973225
29342.062,0.14954345079557965
29342.063,0.14954311070256732
29342.064,0.14954276673542552
29342.065,0.14954241892769787
29342.066,0.14954206770838419
29342.067,0.14954171342788566
29342.068,0.14954135696504303
29342.069,0.14954099814533717
29342.07,0.14954063710385232
29342.071,0.14954027428510336
29342.072,0.1495399098047847
29342.073,0.14953954342546003
29342.074,0.14953917561800498
29342.075,0.1495388073571663
29342.076,0.1495384383350728
29342.077,0.14953806843324566
29342.078,0.14953769804683342
29342.079,0.14953732734615505
29342.08,0.1495369556635507
29342.081,0.14953658280427137
29342.082,0.14953620969371312
29342.083,0.14953583654895847
29342.084,0.14953546341112797
29342.085,0.14953509038222582
29342.086,0.14953471779553001
29342.087,0.14953434588141618
29342.088,0.14953397498936966
29342.089,0.1495336048917837
29342.09,0.149533235398524
29342.091,0.1495328673145189
29342.092,0.1495325008826832
29342.093,0.1495321360682344
29342.094,0.14953177222655978
29342.095,0.14953140971249512
29342.096,0.14953104846885243
29342.097,0.14953068774209405
29342.098,0.1495303278013615
29342.099,0.14952996842250046
29342.1,0.14952961000058065
29342.101,0.14952925256953312
29342.102,0.14952889617191684
29342.103,0.14952854070966654
29342.104,0.14952818594934872
29342.105,0.14952783226752409
29342.106,0.14952747899000426
29342.107,0.14952712632400847
29342.108,0.14952677437546694
29342.109,0.14952642301983726
29342.11,0.1495260723868591
29342.111,0.1495257216675343
29342.112,0.14952537112720435
29342.113,0.1495250203374192
29342.114,0.14952466855594015
29342.115,0.1495243158461536
29342.116,0.14952396247887584
29342.117,0.14952360842694376
29342.118,0.1495232533186218
29342.119,0.14952289762114251
29342.12,0.1495225410451274
29342.121,0.14952218330095288
29342.122,0.14952182492726104
29342.123,0.14952146502259617
29342.124,0.14952110399180638
29342.125,0.14952074253153594
29342.126,0.14952038047684255
29342.127,0.14952001689652916
29342.128,0.1495196520979378
29342.129,0.14951928563062353
29342.13,0.14951891717817306
29342.131,0.1495185464269715
29342.132,0.14951817381929536
29342.133,0.1495177993232542
29342.134,0.14951742315169914
29342.135,0.14951704517393835
29342.136,0.14951666545302095
29342.137,0.14951628394425537
29342.138,0.14951590029817258
29342.139,0.149515514991625
29342.14,0.1495151278481398
29342.141,0.1495147389856262
29342.142,0.14951434882414993
29342.143,0.14951395731911954
29342.144,0.14951356425092258
29342.145,0.1495131697569187
29342.146,0.14951277371112004
29342.147,0.14951237567264303
29342.148,0.14951197575587719
29342.149,0.14951157422131847
29342.15,0.14951117116211837
29342.151,0.14951076664134288
29342.152,0.14951036056958608
29342.153,0.14950995286411176
29342.154,0.14950954342825826
29342.155,0.1495091326168708
29342.156,0.14950872027951542
29342.157,0.14950830647116878
29342.158,0.14950789115796184
29342.159,0.14950747466924424
29342.16,0.1495070569502714
29342.161,0.14950663772033418
29342.162,0.14950621728657434
29342.163,0.1495057953037623
29342.164,0.1495053712254212
29342.165,0.14950494510285145
29342.166,0.14950451746346002
29342.167,0.14950408821211245
29342.168,0.14950365732827406
29342.169,0.1495032247031863
29342.17,0.14950278991200974
29342.171,0.14950235353945285
29342.172,0.149501915706428
29342.173,0.14950147606212927
29342.174,0.14950103460638056
29342.175,0.1495005917360306
29342.176,0.14950014720474722
29342.177,0.14949970116375247
29342.178,0.1494992536400278
29342.179,0.14949880457415315
29342.18,0.1494983535012583
29342.181,0.14949790058921175
29342.182,0.14949744633659887
29342.183,0.14949699082033654
29342.184,0.14949653406150332
29342.185,0.14949607619897076
29342.186,0.14949561758184884
29342.187,0.1494951581392616
29342.188,0.14949469790016384
29342.189,0.1494942372849122
29342.19,0.14949377605528608
29342.191,0.1494933147583013
29342.192,0.14949285351579594
29342.193,0.14949239264694306
29342.194,0.14949193182151388
29342.195,0.1494914719365893
29342.196,0.1494910129152643
29342.197,0.14949055427937036
29342.198,0.14949009636045696
29342.199,0.1494896395308049
29342.2,0.14948918405121217
29342.201,0.14948873049334507
29342.202,0.14948827913364773
29342.203,0.14948782988378498
29342.204,0.1494873828336436
29342.205,0.14948693832470986
29342.206,0.14948649642486508
29342.207,0.14948605755733685
29342.208,0.1494856222964314
29342.209,0.14948519101329413
29342.21,0.14948476424738907
29342.211,0.1494843414686704
29342.212,0.14948392325484564
29342.213,0.1494835097254489
29342.214,0.14948310057417968
29342.215,0.14948269617452795
29342.216,0.14948229688793163
29342.217,0.14948190312556525
29342.218,0.1494815148764346
29342.219,0.14948113283794498
29342.22,0.14948075700391614
29342.221,0.1494803873782901
29342.222,0.14948002452685874
29342.223,0.14947966791142
29342.224,0.14947931796050978
29342.225,0.14947897539478458
29342.226,0.14947864051606896
29342.227,0.14947831303880305
29342.228,0.1494779934338449
29342.229,0.14947768176790416
29342.23,0.1494773775416354
29342.231,0.14947708068370238
29342.232,0.14947679159977972
29342.233,0.14947651072087706
29342.234,0.1494762375693722
29342.235,0.14947597275467142
29342.236,0.14947571635536575
29342.237,0.14947546819928056
29342.238,0.14947522842372418
29342.239,0.14947499730335737
29342.24,0.14947477480693308
29342.241,0.14947456108792254
29342.242,0.14947435638652776
29342.243,0.1494741603291298
29342.244,0.14947397273752458
29342.245,0.14947379391621024
29342.246,0.14947362334269224
29342.247,0.14947346022475144
29342.248,0.14947330487914018
29342.249,0.14947315726368432
29342.25,0.14947301734277882
29342.251,0.1494728849818972
29342.252,0.14947275990152342
29342.253,0.14947264240397734
29342.254,0.14947253203985025
29342.255,0.14947242886480458
29342.256,0.14947233209847227
29342.257,0.14947224143547008
29342.258,0.1494721572394434
29342.259,0.14947207963871156
29342.26,0.14947200779494885
29342.261,0.14947194098979297
29342.262,0.1494718789262787
29342.263,0.14947182102064244
29342.264,0.1494717664506657
29342.265,0.14947171497531053
29342.266,0.1494716664454808
29342.267,0.14947162079995813
29342.268,0.14947157761989682
29342.269,0.14947153653251988
29342.27,0.14947149702436446
29342.271,0.1494714587507122
29342.272,0.14947142129049243
29342.273,0.14947138351348174
29342.274,0.14947134560064995
29342.275,0.14947130779092463
29342.276,0.14947126931214863
29342.277,0.14947122969612797
29342.278,0.14947118883537902
29342.279,0.1494711461115525
29342.28,0.14947110040008862
29342.281,0.14947105114348164
29342.282,0.1494709982689013
29342.283,0.14947094143459067
29342.284,0.14947088035649744
29342.285,0.14947081462036954
29342.286,0.14947074425210485
29342.287,0.14947066843267467
29342.288,0.14947058719856243
29342.289,0.14947050013590035
29342.29,0.1494704068878421
29342.291,0.14947030756305046
29342.292,0.1494702026101986
29342.293,0.14947009197941513
29342.294,0.14946997492376662
29342.295,0.14946985179244635
29342.296,0.14946972191140478
29342.297,0.14946958451648176
29342.298,0.1494694398059674
29342.299,0.14946928838359244
29342.3,0.14946913004130508
29342.301,0.1494689648878002
29342.302,0.14946879235394658
29342.303,0.14946861260758726
29342.304,0.14946842643563754
29342.305,0.14946823405439671
29342.306,0.14946803558837699
29342.307,0.1494678307319803
29342.308,0.14946762007513145
29342.309,0.1494674041854942
29342.31,0.1494671832197499
29342.311,0.14946695731170145
29342.312,0.14946672700465857
29342.313,0.14946649207235282
29342.314,0.14946625185476906
29342.315,0.14946600698041346
29342.316,0.14946575817420651
29342.317,0.14946550596247712
29342.318,0.149465250770278
29342.319,0.1494649929977477
29342.32,0.14946473268066282
29342.321,0.14946447035082558
29342.322,0.1494642065101313
29342.323,0.14946394094516158
29342.324,0.1494636747174675
29342.325,0.14946340866400537
29342.326,0.14946314270605116
29342.327,0.1494628770100152
29342.328,0.14946261193753899
29342.329,0.14946234768853348
29342.33,0.14946208399591687
29342.331,0.1494618211703854
29342.332,0.14946156011928094
29342.333,0.14946130110754496
29342.334,0.14946104423006207
29342.335,0.14946079023259468
29342.336,0.14946053880457938
29342.337,0.14946029029177604
29342.338,0.1494600451823718
29342.339,0.14945980359594174
29342.34,0.14945956563274373
29342.341,0.14945933155218427
29342.342,0.1494591023626091
29342.343,0.1494588775247918
29342.344,0.14945865731485986
29342.345,0.14945844180518864
29342.346,0.14945823120809548
29342.347,0.14945802494737276
29342.348,0.14945782314066164
29342.349,0.149457625876756
29342.35,0.14945743356526286
29342.351,0.14945724577581634
29342.352,0.14945706273109707
29342.353,0.1494568844618803
29342.354,0.14945671073225286
29342.355,0.14945654189059449
29342.356,0.1494563772992421
29342.357,0.14945621695255937
29342.358,0.14945606162346145
29342.359,0.1494559107798985
29342.36,0.14945576411826228
29342.361,0.14945562151579248
29342.362,0.1494554829921757
29342.363,0.1494553483518441
29342.364,0.14945521693605723
29342.365,0.14945508866478033
29342.366,0.14945496354814358
29342.367,0.1494548416942023
29342.368,0.14945472263926377
29342.369,0.14945460651700285
29342.37,0.1494544927880293
29342.371,0.1494543815364766
29342.372,0.14945427328769811
29342.373,0.14945416698997976
29342.374,0.14945406282423296
29342.375,0.14945396105791275
29342.376,0.1494538612265874
29342.377,0.14945376334965021
29342.378,0.14945366747639233
29342.379,0.14945357274515025
29342.38,0.14945347886778695
29342.381,0.14945338594499993
29342.382,0.1494532939639589
29342.383,0.1494532030233911
29342.384,0.14945311319158622
29342.385,0.14945302438137753
29342.386,0.14945293679077962
29342.387,0.14945285013127735
29342.388,0.14945276473669047
29342.389,0.14945268042229867
29342.39,0.1494525972556468
29342.391,0.14945251534972173
29342.392,0.14945243545531528
29342.393,0.14945235705855103
29342.394,0.14945227986729326
29342.395,0.14945220420873986
29342.396,0.14945213009934216
29342.397,0.1494520570107527
29342.398,0.14945198515918828
29342.399,0.14945191459536586
29342.4,0.14945184525682476
29342.401,0.14945177751491825
29342.402,0.14945171138144656
29342.403,0.14945164697738247
29342.404,0.14945158449585422
29342.405,0.1494515238435935
29342.406,0.14945146477165816
29342.407,0.14945140740980076
29342.408,0.14945135269581875
29342.409,0.14945130065470963
29342.41,0.14945125086681552
29342.411,0.14945120350933624
29342.412,0.14945115793166577
29342.413,0.1494511142676717
29342.414,0.1494510720180224
29342.415,0.149451031501898
29342.416,0.14945099285292104
29342.417,0.1494509558615872
29342.418,0.14945092043339328
29342.419,0.1494508862608476
29342.42,0.14945085363178895
29342.421,0.14945082224414538
29342.422,0.14945079222253763
29342.423,0.14945076294224566
29342.424,0.14945073490090288
29342.425,0.14945070796833976
29342.426,0.1494506820728797
29342.427,0.14945065703992125
29342.428,0.14945063244667
29342.429,0.14945060817613856
29342.43,0.1494505836152938
29342.431,0.14945055866921617
29342.432,0.1494505336152745
29342.433,0.14945050767326207
29342.434,0.14945048073602077
29342.435,0.14945045278973704
29342.436,0.14945042370825648
29342.437,0.14945039355694575
29342.438,0.14945036219146798
29342.439,0.14945032918417148
29342.44,0.14945029409428853
29342.441,0.14945025712081525
29342.442,0.14945021859460697
29342.443,0.14945017803030944
29342.444,0.1494501357061898
29342.445,0.149450091055087
29342.446,0.14945004437727016
29342.447,0.14944999467837392
29342.448,0.14944994175679505
29342.449,0.14944988613659535
29342.45,0.14944982752226493
29342.451,0.1494497653674006
29342.452,0.14944970031413338
29342.453,0.1494496322651518
29342.454,0.14944956111864344
29342.455,0.14944948710191086
29342.456,0.1494494095905603
29342.457,0.14944932872547959
29342.458,0.14944924501978654
29342.459,0.1494491582669574
29342.46,0.14944906854713494
29342.461,0.14944897592267375
29342.462,0.1494488807414105
29342.463,0.14944878268622208
29342.464,0.14944868127098174
29342.465,0.1494485762632596
29342.466,0.1494484682290216
29342.467,0.14944835722523447
29342.468,0.14944824337625962
29342.469,0.14944812671884425
29342.47,0.14944800733592753
29342.471,0.14944788543081855
29342.472,0.1494477614079097
29342.473,0.14944763447860443
29342.474,0.14944750532460888
29342.475,0.14944737466833655
29342.476,0.14944724231900733
29342.477,0.14944710844176778
29342.478,0.14944697299315493
29342.479,0.14944683610528187
29342.48,0.14944669736983088
29342.481,0.1494465567240056
29342.482,0.1494464143908872
29342.483,0.14944627121266837
29342.484,0.1494461269258593
29342.485,0.14944598176669865
29342.486,0.14944583571545728
29342.487,0.14944568891477597
29342.488,0.14944554166476642
29342.489,0.14944539415643743
29342.49,0.14944524627248743
29342.491,0.14944509835411662
29342.492,0.14944495088318108
29342.493,0.14944480356840956
29342.494,0.14944465651120845
29342.495,0.14944450975179174
29342.496,0.14944436348414838
29342.497,0.1494442168599545
29342.498,0.14944407043355779
29342.499,0.14944392420509778
29342.5,0.14944377869987208
29342.501,0.1494436339002484
29342.502,0.1494434899331765
29342.503,0.1494433472291747
29342.504,0.14944320564432825
29342.505,0.14944306544002384
29342.506,0.14944292645209878
29342.507,0.14944278875866052
29342.508,0.14944265254769837
29342.509,0.14944251825848567
29342.51,0.14944238606917906
29342.511,0.1494422554820883
29342.512,0.1494421267271475
29342.513,0.1494420001301191
29342.514,0.1494418748079126
29342.515,0.14944175117063194
29342.516,0.14944162943093925
29342.517,0.1494415094746377
29342.518,0.14944139157056538
29342.519,0.1494412759853722
29342.52,0.1494411626180354
29342.521,0.14944105135550906
29342.522,0.1494409424611258
29342.523,0.1494408353582293
29342.524,0.1494407305364738
29342.525,0.14944062807172215
29342.526,0.14944052824454807
29342.527,0.1494404309499686
29342.528,0.14944033615952718
29342.529,0.14944024386705898
29342.53,0.14944015359001175
29342.531,0.1494400646642519
29342.532,0.1494399771783453
29342.533,0.14943989105559746
29342.534,0.149439806634984
29342.535,0.14943972359170327
29342.536,0.14943964176744814
29342.537,0.1494395611895169
29342.538,0.1494394817482164
29342.539,0.14943940287123647
29342.54,0.14943932435951
29342.541,0.1494392468422253
29342.542,0.14943917021245823
29342.543,0.1494390939844844
29342.544,0.14943901753773742
29342.545,0.14943894093876767
29342.546,0.14943886372069665
29342.547,0.14943878475997752
29342.548,0.14943870400334852
29342.549,0.14943862169108776
29342.55,0.14943853731994894
29342.551,0.1494384507224538
29342.552,0.14943836210978495
29342.553,0.1494382707976651
29342.554,0.149438176811579
29342.555,0.14943808033104003
29342.556,0.14943798035577793
29342.557,0.14943787667513628
29342.558,0.14943776942174608
29342.559,0.14943765894896444
29342.56,0.14943754485479188
29342.561,0.14943742686332842
29342.562,0.14943730470480154
29342.563,0.1494371779805177
29342.564,0.149437046018717
29342.565,0.14943690884546398
29342.566,0.1494367667427081
29342.567,0.1494366191679874
29342.568,0.149436466419031
29342.569,0.14943630869434646
29342.57,0.14943614574466035
29342.571,0.14943597752356913
29342.572,0.14943580471777865
29342.573,0.14943562659528373
29342.574,0.1494354436511618
29342.575,0.1494352565005505
29342.576,0.14943506475737076
29342.577,0.14943486839924272
29342.578,0.1494346680457616
29342.579,0.14943446386629
29342.58,0.14943425528155924
29342.581,0.14943404268404825
29342.582,0.1494338267428077
29342.583,0.14943360721758617
29342.584,0.14943338461157646
29342.585,0.14943315915145336
29342.586,0.1494329314205888
29342.587,0.14943270147355828
29342.588,0.14943246995979564
29342.589,0.14943223681969253
29342.59,0.14943200233645995
29342.591,0.14943176700274005
29342.592,0.14943153187482805
29342.593,0.14943129662503377
29342.594,0.14943106176747037
29342.595,0.1494308275294313
29342.596,0.14943059417969362
29342.597,0.1494303612547269
29342.598,0.1494301296355142
29342.599,0.14942989945705998
29342.6,0.14942967098880874
29342.601,0.14942944457094998
29342.602,0.1494292207393335
29342.603,0.14942899946031563
29342.604,0.1494287808963459
29342.605,0.1494285655512461
29342.606,0.14942835305330288
29342.607,0.14942814354620207
29342.608,0.1494279375535538
29342.609,0.14942773584474103
29342.61,0.14942753797324793
29342.611,0.149427343826815
29342.612,0.14942715387554156
29342.613,0.14942696751522194
29342.614,0.14942678412171914
29342.615,0.14942660372687058
29342.616,0.14942642697965067
29342.617,0.1494262532976304
29342.618,0.1494260828819581
29342.619,0.14942591591648904
29342.62,0.14942575167841776
29342.621,0.14942559048891213
29342.622,0.14942543242157572
29342.623,0.14942527674566464
29342.624,0.1494251233877069
29342.625,0.14942497258108298
29342.626,0.14942482438426596
29342.627,0.14942467788853372
29342.628,0.14942453261800237
29342.629,0.14942438835670094
29342.63,0.14942424441431654
29342.631,0.14942410042751342
29342.632,0.14942395651161477
29342.633,0.14942381196649288
29342.634,0.14942366670409515
29342.635,0.14942352049630114
29342.636,0.14942337295813027
29342.637,0.14942322382932224
29342.638,0.14942307255063492
29342.639,0.14942291889215126
29342.64,0.1494227628753845
29342.641,0.14942260452138
29342.642,0.1494224435717792
29342.643,0.14942227949746045
29342.644,0.14942211150812873
29342.645,0.1494219398742526
29342.646,0.14942176378182961
29342.647,0.1494215826898856
29342.648,0.14942139667725166
29342.649,0.14942120534243145
29342.65,0.1494210086130574
29342.651,0.14942080619243836
29342.652,0.1494205982881966
29342.653,0.14942038422295267
29342.654,0.14942016418350354
29342.655,0.14941993787687835
29342.656,0.14941970463326903
29342.657,0.14941946460046657
29342.658,0.1494192186750604
29342.659,0.14941896691928103
29342.66,0.14941870840571028
29342.661,0.14941844335182447
29342.662,0.1494181717124493
29342.663,0.14941789318173448
29342.664,0.14941760668092696
29342.665,0.14941731303671968
29342.666,0.1494170122672916
29342.667,0.14941670502919785
29342.668,0.1494163917132398
29342.669,0.14941607197079332
29342.67,0.149415745599964
29342.671,0.14941541275299763
29342.672,0.14941507376326338
29342.673,0.1494147286207252
29342.674,0.1494143775076161
29342.675,0.14941402109929144
29342.676,0.1494136595932385
29342.677,0.14941329310863533
29342.678,0.1494129223637556
29342.679,0.14941254703719864
29342.68,0.14941216653351308
29342.681,0.14941178143959225
29342.682,0.14941139187324592
29342.683,0.14941099817511874
29342.684,0.14941060110203377
29342.685,0.1494102006241925
29342.686,0.14940979731332124
29342.687,0.14940939119698074
29342.688,0.1494089830350658
29342.689,0.14940857267496185
29342.69,0.14940816059539921
29342.691,0.14940774699366358
29342.692,0.14940733287771096
29342.693,0.1494069180869164
29342.694,0.14940650274704165
29342.695,0.14940608730717697
29342.696,0.14940567209352615
29342.697,0.14940525647472508
29342.698,0.1494048408519372
29342.699,0.14940442530381526
29342.7,0.14940401011757595
29342.701,0.14940359615537885
29342.702,0.1494031833984023
29342.703,0.14940277226782225
29342.704,0.14940236296143658
29342.705,0.14940195542212695
29342.706,0.14940154979355802
29342.707,0.14940114627335832
29342.708,0.14940074538689532
29342.709,0.14940034772898161
29342.71,0.149399952849439
29342.711,0.1493995608897614
29342.712,0.14939917187707707
29342.713,0.14939878545374272
29342.714,0.14939840113248248
29342.715,0.14939801917029338
29342.716,0.14939764006108877
29342.717,0.14939726340366138
29342.718,0.14939688967298048
29342.719,0.14939651900840603
29342.72,0.14939615093867006
29342.721,0.14939578588253058
29342.722,0.14939542379452808
29342.723,0.14939506438175285
29342.724,0.14939470779558964
29342.725,0.14939435428471357
29342.726,0.14939400384591145
29342.727,0.14939365566708485
29342.728,0.14939331046651289
29342.729,0.1493929677008483
29342.73,0.1493926268017502
29342.731,0.14939228775319158
29342.732,0.1493919500932067
29342.733,0.149391614283649
29342.734,0.14939128043673622
29342.735,0.14939094806703032
29342.736,0.14939061704020185
29342.737,0.14939028770171273
29342.738,0.14938995963196508
29342.739,0.14938963283885417
29342.74,0.14938930684480703
29342.741,0.1493889818100251
29342.742,0.14938865813579205
29342.743,0.14938833544578745
29342.744,0.14938801353583747
29342.745,0.14938769255822992
29342.746,0.1493873720778921
29342.747,0.1493870514306725
29342.748,0.14938673066096173
29342.749,0.14938640945281287
29342.75,0.14938608793118752
29342.751,0.14938576611716245
29342.752,0.14938544428565628
29342.753,0.14938512206185778
29342.754,0.1493847997220524
29342.755,0.14938447702002694
29342.756,0.14938415361675014
29342.757,0.14938382935056288
29342.758,0.14938350462805594
29342.759,0.14938317947322835
29342.76,0.1493828539634951
29342.761,0.14938252815453415
29342.762,0.14938220200479393
29342.763,0.1493818747962528
29342.764,0.14938154616699234
29342.765,0.1493812168764292
29342.766,0.14938088667112948
29342.767,0.14938055566664532
29342.768,0.1493802235123958
29342.769,0.14937989025429685
29342.77,0.14937955635124422
29342.771,0.14937922196306727
29342.772,0.14937888747729472
29342.773,0.14937855223023447
29342.774,0.14937821615419775
29342.775,0.1493778802013553
29342.776,0.1493775443511307
29342.777,0.14937720808766705
29342.778,0.14937687176581674
29342.779,0.14937653511127807
29342.78,0.14937619799499094
29342.781,0.14937586058080243
29342.782,0.14937552291297893
29342.783,0.14937518562238697
29342.784,0.1493748486631578
29342.785,0.14937451219534714
29342.786,0.14937417609471362
29342.787,0.1493738407205363
29342.788,0.14937350646767233
29342.789,0.14937317295998245
29342.79,0.14937284038529625
29342.791,0.1493725092372052
29342.792,0.14937218037289113
29342.793,0.149371853448065
29342.794,0.14937152804320536
29342.795,0.1493712051655021
29342.796,0.1493708840904498
29342.797,0.14937056429445622
29342.798,0.14937024670841756
29342.799,0.1493699319547623
29342.8,0.1493696199687292
29342.801,0.1493693112414683
29342.802,0.1493690055880478
29342.803,0.1493687031458138
29342.804,0.14936840381502597
29342.805,0.1493681081105186
29342.806,0.1493678159994578
29342.807,0.14936752792982927
29342.808,0.1493672442792092
29342.809,0.1493669652378461
29342.81,0.14936669112043352
29342.811,0.14936642181742174
29342.812,0.1493661570387403
29342.813,0.14936589725681984
29342.814,0.14936564205439032
29342.815,0.14936539160913906
29342.816,0.14936514628146438
29342.817,0.14936490638128497
29342.818,0.14936467207507484
29342.819,0.14936444335234986
29342.82,0.14936421984280326
29342.821,0.14936400207182635
29342.822,0.1493637900765864
29342.823,0.14936358306493486
29342.824,0.14936338085899376
29342.825,0.14936318453461692
29342.826,0.1493629936871189
29342.827,0.1493628082435513
29342.828,0.14936262849505078
29342.829,0.149362453515971
29342.83,0.14936228327321582
29342.831,0.14936211745301858
29342.832,0.14936195570926805
29342.833,0.1493617985311583
29342.834,0.14936164548052197
29342.835,0.14936149656894412
29342.836,0.14936135154366664
29342.837,0.14936121005793077
29342.838,0.14936107182094102
29342.839,0.14936093666614816
29342.84,0.1493608043504656
29342.841,0.14936067467853978
29342.842,0.1493605478356056
29342.843,0.14936042329621002
29342.844,0.14936030067020112
29342.845,0.14936017988611175
29342.846,0.14936006073317784
29342.847,0.14935994193854038
29342.848,0.14935982312591606
29342.849,0.14935970473803878
29342.85,0.14935958697033244
29342.851,0.14935946929374727
29342.852,0.14935935136506812
29342.853,0.14935923266175533
29342.854,0.1493591129864538
29342.855,0.1493589924477052
29342.856,0.14935887087747243
29342.857,0.14935874812124095
29342.858,0.14935862473285477
29342.859,0.14935850067235978
29342.86,0.14935837544100644
29342.861,0.1493582487967892
29342.862,0.1493581206744765
29342.863,0.14935799066981734
29342.864,0.1493578586974209
29342.865,0.14935772507994477
29342.866,0.14935758973512933
29342.867,0.1493574529404984
29342.868,0.1493573147579673
29342.869,0.1493571754135643
29342.87,0.14935703477365464
29342.871,0.14935689317212944
29342.872,0.1493567507920003
29342.873,0.14935660757209027
29342.874,0.1493564641190894
29342.875,0.1493563212500572
29342.876,0.14935617883410832
29342.877,0.1493560369774697
29342.878,0.14935589628841422
29342.879,0.1493557570991878
29342.88,0.1493556186158393
29342.881,0.14935548141859079
29342.882,0.14935534601500147
29342.883,0.14935521272863816
29342.884,0.1493550818799249
29342.885,0.14935495385527478
29342.886,0.14935482915528586
29342.887,0.14935470803308673
29342.888,0.14935459050009955
29342.889,0.14935447689925127
29342.89,0.14935436782518627
29342.891,0.1493542637733506
29342.892,0.1493541655758752
29342.893,0.14935407299691056
29342.894,0.14935398605849048
29342.895,0.14935390581339786
29342.896,0.14935383203167224
29342.897,0.14935376488264274
29342.898,0.14935370443577325
29342.899,0.14935365088144084
29342.9,0.14935360417230073
29342.901,0.1493535650245192
29342.902,0.1493535334703992
29342.903,0.14935350984577941
29342.904,0.14935349441988977
29342.905,0.14935348723987743
29342.906,0.1493534880485064
29342.907,0.14935349726048286
29342.908,0.14935351513726142
29342.909,0.1493535420741669
29342.91,0.14935357796250837
29342.911,0.14935362211880204
29342.912,0.14935367478892908
29342.913,0.14935373622895373
29342.914,0.1493538051511913
29342.915,0.14935388199565208
29342.916,0.14935396678875318
29342.917,0.14935405937027418
29342.918,0.14935415968796173
29342.919,0.14935426777278665
29342.92,0.14935438330956466
29342.921,0.14935450626812308
29342.922,0.14935463648815656
29342.923,0.14935477335065925
29342.924,0.14935491765685763
29342.925,0.14935506959981149
29342.926,0.14935522870127552
29342.927,0.14935539480081386
29342.928,0.14935556747045575
29342.929,0.1493557463028464
29342.93,0.14935593106167147
29342.931,0.14935612126795647
29342.932,0.14935631637878843
29342.933,0.14935651646550066
29342.934,0.14935672095912675
29342.935,0.14935693006854517
29342.936,0.14935714333785138
29342.937,0.14935736084314366
29342.938,0.1493575822350956
29342.939,0.14935780734658108
29342.94,0.14935803587642726
29342.941,0.14935826760829354
29342.942,0.14935850315652904
29342.943,0.14935874130207902
29342.944,0.14935898156948044
29342.945,0.14935922404033525
29342.946,0.1493594682161648
29342.947,0.14935971281551674
29342.948,0.14935995781586972
29342.949,0.14936020382541515
29342.95,0.14936044984668123
29342.951,0.14936069534694082
29342.952,0.14936094046524348
29342.953,0.14936118470668094
29342.954,0.14936142806230934
29342.955,0.14936167050215285
29342.956,0.14936191097833057
29342.957,0.14936214905085388
29342.958,0.1493623849965441
29342.959,0.14936261880540938
29342.96,0.14936285009084005
29342.961,0.1493630782922556
29342.962,0.14936330340351214
29342.963,0.14936352460838412
29342.964,0.1493637412019644
29342.965,0.14936395299030675
29342.966,0.14936415935791975
29342.967,0.14936436085130095
29342.968,0.14936455691078304
29342.969,0.14936474758783932
29342.97,0.14936493245918803
29342.971,0.14936511143350567
29342.972,0.1493652840985839
29342.973,0.14936544972115967
29342.974,0.14936560857063275
29342.975,0.14936576110310956
29342.976,0.14936590673336195
29342.977,0.1493660453842108
29342.978,0.1493661765674334
29342.979,0.14936630019421374
29342.98,0.14936641555095548
29342.981,0.14936652299776607
29342.982,0.1493666221057148
29342.983,0.14936671313256214
29342.984,0.1493667959585311
29342.985,0.1493668707510967
29342.986,0.1493669372653435
29342.987,0.14936699562973033
29342.988,0.14936704611280488
29342.989,0.14936708870292817
29342.99,0.14936712320155374
29342.991,0.14936714991917974
29342.992,0.14936716954438986
29342.993,0.14936718177730535
29342.994,0.1493671867634986
29342.995,0.14936718507492847
29342.996,0.14936717651112424
29342.997,0.14936716030653127
29342.998,0.1493671368299518
29342.999,0.14936710661947572
29343.0,0.14936706978197214
29343.001,0.14936702707104918
29343.002,0.14936697835987506
29343.003,0.14936692417008657
29343.004,0.1493668645912712
29343.005,0.14936680012990514
29343.006,0.14936673096766367
29343.007,0.14936665731891352
29343.008,0.14936657981747742
29343.009,0.14936649893609952
29343.01,0.1493664144319312
29343.011,0.14936632671667777
29343.012,0.14936623645988903
29343.013,0.14936614370266063
29343.014,0.14936604782463564
29343.015,0.14936594930854222
29343.016,0.14936584844611808
29343.017,0.1493657458279009
29343.018,0.14936564161300742
29343.019,0.14936553602651848
29343.02,0.14936542939971065
29343.021,0.14936532210649078
29343.022,0.14936521482230045
29343.023,0.14936510699348662
29343.024,0.1493649993333918
29343.025,0.14936489210682774
29343.026,0.14936478566361813
29343.027,0.14936467977126652
29343.028,0.14936457513096135
29343.029,0.14936447138007294
29343.03,0.14936436812696527
29343.031,0.1493642652205781
29343.032,0.149364162824424
29343.033,0.14936406166078098
29343.034,0.14936396167910876
29343.035,0.14936386349315853
29343.036,0.14936376675004928
29343.037,0.1493636716623282
29343.038,0.1493635779440488
29343.039,0.14936348612236608
29343.04,0.14936339606927113
29343.041,0.14936330796030384
29343.042,0.14936322259821164
29343.043,0.14936313950303945
29343.044,0.14936305859063803
29343.045,0.14936298003026252
29343.046,0.14936290375218905
29343.047,0.14936282917915855
29343.048,0.14936275652722703
29343.049,0.14936268593946264
29343.05,0.1493626173865449
29343.051,0.14936255116370192
29343.052,0.1493624873101736
29343.053,0.14936242575845624
29343.054,0.14936236676557105
29343.055,0.14936231057546276
29343.056,0.14936225677505116
29343.057,0.1493622057581279
29343.058,0.14936215800244906
29343.059,0.1493621136446917
29343.06,0.14936207249353747
29343.061,0.14936203447867605
29343.062,0.14936199996841534
29343.063,0.14936196792200718
29343.064,0.14936193844244078
29343.065,0.14936191170781746
29343.066,0.14936188791529773
29343.067,0.14936186763843814
29343.068,0.14936185027636137
29343.069,0.1493618361947369
29343.07,0.149361824982443
29343.071,0.14936181694419845
29343.072,0.14936181213722668
29343.073,0.14936181038762353
29343.074,0.14936181209842792
29343.075,0.14936181754282876
29343.076,0.14936182670004078
29343.077,0.14936183938313013
29343.078,0.14936185533787774
29343.079,0.14936187460063682
29343.08,0.14936189676651207
29343.081,0.14936192136954726
29343.082,0.1493619485727572
29343.083,0.14936197814787264
29343.084,0.14936201026091273
29343.085,0.14936204507684542
29343.086,0.14936208226554323
29343.087,0.1493621218239693
29343.088,0.14936216342933425
29343.089,0.14936220698834135
29343.09,0.14936225232817138
29343.091,0.14936229953772706
29343.092,0.14936234883481775
29343.093,0.14936239948399974
29343.094,0.14936245123930753
29343.095,0.14936250443988364
29343.096,0.149362558308033
29343.097,0.14936261192160286
29343.098,0.14936266571164591
29343.099,0.1493627193570145
29343.1,0.14936277254231684
29343.101,0.1493628255692028
29343.102,0.14936287781264676
29343.103,0.1493629291553818
29343.104,0.14936297915522279
29343.105,0.14936302808137972
29343.106,0.14936307539882487
29343.107,0.1493631207370255
29343.108,0.14936316442317163
29343.109,0.14936320648863005
29343.11,0.14936324645302437
29343.111,0.14936328424268955
29343.112,0.14936331971933692
29343.113,0.1493633523946081
29343.114,0.1493633814971831
29343.115,0.14936340709261484
29343.116,0.14936342952898435
29343.117,0.14936344860675552
29343.118,0.1493634645084752
29343.119,0.1493634773505706
29343.12,0.1493634870223642
29343.121,0.14936349322131323
29343.122,0.14936349616731212
29343.123,0.14936349557957307
29343.124,0.14936349142235042
29343.125,0.1493634839655544
29343.126,0.14936347372953457
29343.127,0.14936346001218972
29343.128,0.1493634433272743
29343.129,0.1493634229277963
29343.13,0.14936339874107524
29343.131,0.14936337053003915
29343.132,0.14936333841070398
29343.133,0.14936330289673655
29343.134,0.1493632640499813
29343.135,0.1493632226269755
29343.136,0.1493631787601983
29343.137,0.14936313237008034
29343.138,0.1493630834856345
29343.139,0.14936303246758
29343.14,0.14936297892627062
29343.141,0.14936292322641814
29343.142,0.149362865905677
29343.143,0.14936280668896104
29343.144,0.14936274539269306
29343.145,0.14936268295252295
29343.146,0.1493626192749764
29343.147,0.1493625537037086
29343.148,0.1493624867704803
29343.149,0.1493624187937326
29343.15,0.14936235001102996
29343.151,0.14936228023179898
29343.152,0.1493622100476574
29343.153,0.14936213961290484
29343.154,0.14936206904088406
29343.155,0.14936199854454987
29343.156,0.14936192770045195
29343.157,0.14936185699997687
29343.158,0.1493617871852806
29343.159,0.14936171852949956
29343.16,0.14936165089642411
29343.161,0.14936158452015272
29343.162,0.1493615191948109
29343.163,0.14936145479022572
29343.164,0.14936139108128677
29343.165,0.1493613282333362
29343.166,0.1493612664893718
29343.167,0.14936120599823996
29343.168,0.14936114625670108
29343.169,0.14936108806818943
29343.17,0.14936103111714746
29343.171,0.14936097610107144
29343.172,0.14936092258260072
29343.173,0.14936087029324432
29343.174,0.1493608197363227
29343.175,0.14936077134195877
29343.176,0.14936072490782193
29343.177,0.14936068005669167
29343.178,0.14936063658972237
29343.179,0.14936059458132897
29343.18,0.14936055357958822
29343.181,0.1493605131467077
29343.182,0.14936047358896318
29343.183,0.149360434728521
29343.184,0.14936039670286985
29343.185,0.1493603590264339
29343.186,0.14936032156806034
29343.187,0.14936028432446258
29343.188,0.14936024704579973
29343.189,0.14936020979295
29343.19,0.14936017215412953
29343.191,0.14936013419302735
29343.192,0.14936009610979423
29343.193,0.14936005740644026
29343.194,0.14936001740094418
29343.195,0.14935997612410565
29343.196,0.14935993325329577
29343.197,0.14935988801488512
29343.198,0.14935984061183946
29343.199,0.14935979101591168
29343.2,0.14935973847170175
29343.201,0.14935968323642784
29343.202,0.14935962501078867
29343.203,0.14935956353551616
29343.204,0.14935949914528462
29343.205,0.1493594318413797
29343.206,0.14935936088302942
29343.207,0.14935928577564744
29343.208,0.149359207470238
29343.209,0.14935912624766273
29343.21,0.1493590416677403
29343.211,0.14935895332837018
29343.212,0.14935886194070197
29343.213,0.14935876655965696
29343.214,0.1493586665053732
29343.215,0.14935856235714595
29343.216,0.1493584543515779
29343.217,0.14935834267302261
29343.218,0.14935822761517498
29343.219,0.14935810921184098
29343.22,0.14935798779456289
29343.221,0.1493578627890223
29343.222,0.14935773466162983
29343.223,0.14935760336405077
29343.224,0.14935746924623258
29343.225,0.14935733343098956
29343.226,0.14935719653131274
29343.227,0.14935705755974937
29343.228,0.149356917299835
29343.229,0.14935677598009195
29343.23,0.14935663389774473
29343.231,0.1493564911377654
29343.232,0.14935634822226926
29343.233,0.14935620621520745
29343.234,0.14935606514348093
29343.235,0.14935592546543314
29343.236,0.14935578688930148
29343.237,0.14935564973549226
29343.238,0.14935551464075894
29343.239,0.14935538217651453
29343.24,0.14935525208629127
29343.241,0.1493551257803916
29343.242,0.1493550036172207
29343.243,0.14935488578588038
29343.244,0.14935477246599602
29343.245,0.14935466457861127
29343.246,0.14935456211069228
29343.247,0.14935446466992944
29343.248,0.14935437281028308
29343.249,0.14935428693955857
29343.25,0.14935420719977374
29343.251,0.1493541342496073
29343.252,0.14935406856788386
29343.253,0.14935400945258132
29343.254,0.14935395770452048
29343.255,0.14935391336446205
29343.256,0.1493538760956663
29343.257,0.149353846756637
29343.258,0.149353825850575
29343.259,0.14935381358726432
29343.26,0.1493538097246928
29343.261,0.14935381423990515
29343.262,0.14935382701806724
29343.263,0.14935384800309454
29343.264,0.14935387656782156
29343.265,0.1493539132209628
29343.266,0.14935395790260528
29343.267,0.14935401080496355
29343.268,0.14935407247256177
29343.269,0.14935414280281817
29343.27,0.1493542210406011
29343.271,0.14935430719966414
29343.272,0.14935440126015143
29343.273,0.14935450300557318
29343.274,0.14935461246844994
29343.275,0.14935472984914258
29343.276,0.14935485499979284
29343.277,0.1493549871515659
29343.278,0.1493551260945614
29343.279,0.14935527216014755
29343.28,0.1493554244441587
29343.281,0.14935558227266726
29343.282,0.14935574612472252
29343.283,0.1493559153663958
29343.284,0.14935608961226915
29343.285,0.14935626894320364
29343.286,0.1493564529319694
29343.287,0.14935664103821125
29343.288,0.14935683316974435
29343.289,0.1493570289010985
29343.29,0.149357227536938
29343.291,0.14935742898936005
29343.292,0.14935763362176013
29343.293,0.149357841305275
29343.294,0.14935805119445614
29343.295,0.1493582639018709
29343.296,0.14935847854918208
29343.297,0.14935869354810977
29343.298,0.14935890893429565
29343.299,0.14935912459140707
29343.3,0.14935934016101535
29343.301,0.14935955552831265
29343.302,0.14935977038224993
29343.303,0.14935998412980517
29343.304,0.14936019686488056
29343.305,0.14936040863946337
29343.306,0.14936061864236125
29343.307,0.1493608267874796
29343.308,0.14936103366884107
29343.309,0.14936123903970863
29343.31,0.14936144242621344
29343.311,0.14936164348268532
29343.312,0.14936184224268312
29343.313,0.1493620378804993
29343.314,0.1493622302039234
29343.315,0.14936241941279146
29343.316,0.1493626050560721
29343.317,0.14936278768857
29343.318,0.14936296663154872
29343.319,0.14936314245671153
29343.32,0.1493633149145844
29343.321,0.1493634841953849
29343.322,0.14936365124393336
29343.323,0.14936381575854513
29343.324,0.1493639777226774
29343.325,0.14936413755657618
29343.326,0.14936429578658508
29343.327,0.14936445185624805
29343.328,0.14936460642454302
29343.329,0.1493647596895132
29343.33,0.14936491096612406
29343.331,0.14936506032985603
29343.332,0.14936520868975703
29343.333,0.14936535660875364
29343.334,0.14936550391891454
29343.335,0.1493656509143822
29343.336,0.14936579804897873
29343.337,0.1493659458195699
29343.338,0.14936609419529678
29343.339,0.1493662437408537
29343.34,0.14936639441653382
29343.341,0.14936654719212733
29343.342,0.1493667024886153
29343.343,0.14936686069732427
29343.344,0.149367021826946
29343.345,0.14936718609081673
29343.346,0.14936735360752798
29343.347,0.14936752355659802
29343.348,0.14936769634214653
29343.349,0.1493678724995731
29343.35,0.14936805189769253
29343.351,0.14936823514609282
29343.352,0.1493684223945128
29343.353,0.1493686135959433
29343.354,0.1493688097048579
29343.355,0.14936901044248854
29343.356,0.1493692157809275
29343.357,0.1493694261158047
29343.358,0.14936964148085177
29343.359,0.14936986197667204
29343.36,0.1493700874083296
29343.361,0.1493703179750194
29343.362,0.1493705537857654
29343.363,0.14937079431771202
29343.364,0.14937103898893386
29343.365,0.14937128798530133
29343.366,0.14937154132145197
29343.367,0.1493717992656536
29343.368,0.14937206154298122
29343.369,0.1493723278827125
29343.37,0.14937259835112232
29343.371,0.14937287304776778
29343.372,0.14937315224892986
29343.373,0.14937343501448194
29343.374,0.14937372197054383
29343.375,0.14937401310253742
29343.376,0.14937430841924815
29343.377,0.14937460728607949
29343.378,0.14937491044582174
29343.379,0.14937521750453997
29343.38,0.14937552715454191
29343.381,0.14937583962447806
29343.382,0.1493761552783045
29343.383,0.14937647360802286
29343.384,0.1493767950292432
29343.385,0.14937711984104124
29343.386,0.14937744740969525
29343.387,0.14937777793075901
29343.388,0.14937811170770454
29343.389,0.14937844794381558
29343.39,0.14937878669314697
29343.391,0.14937912843683787
29343.392,0.1493794739263723
29343.393,0.14937982289829282
29343.394,0.1493801740433705
29343.395,0.14938052859559067
29343.396,0.14938088578489114
29343.397,0.14938124530178518
29343.398,0.14938160767290232
29343.399,0.14938197322485292
29343.4,0.149382341235656
29343.401,0.1493827115999189
29343.402,0.14938308525328084
29343.403,0.149383462032867
29343.404,0.14938384199403698
29343.405,0.14938422491189488
29343.406,0.14938460998080588
29343.407,0.14938499751351425
29343.408,0.14938538796958736
29343.409,0.14938578170625358
29343.41,0.14938617799895235
29343.411,0.1493865770353483
29343.412,0.14938697905356127
29343.413,0.14938738370777116
29343.414,0.149387790233825
29343.415,0.1493881985526263
29343.416,0.14938860894433284
29343.417,0.14938902167392515
29343.418,0.14938943610885194
29343.419,0.14938985301323154
29343.42,0.14939027163755494
29343.421,0.14939069206659958
29343.422,0.14939111402344288
29343.423,0.1493915370526147
29343.424,0.1493919610756444
29343.425,0.1493923869643066
29343.426,0.14939281469988147
29343.427,0.14939324320222788
29343.428,0.14939367281115878
29343.429,0.14939410364626474
29343.43,0.14939453460727392
29343.431,0.14939496576913688
29343.432,0.14939539697300946
29343.433,0.14939582780990637
29343.434,0.149396258772261
29343.435,0.14939668926421246
29343.436,0.1493971195162937
29343.437,0.14939754908617808
29343.438,0.14939797788694806
29343.439,0.14939840554538797
29343.44,0.14939883200935952
29343.441,0.1493992576069714
29343.442,0.14939968290731048
29343.443,0.14940010762604508
29343.444,0.14940053098482134
29343.445,0.14940095348006674
29343.446,0.1494013750185111
29343.447,0.14940179429217576
29343.448,0.14940221179648122
29343.449,0.14940262773663082
29343.45,0.1494030415367607
29343.451,0.14940345391854967
29343.452,0.14940386481621065
29343.453,0.14940427402502585
29343.454,0.14940468172168966
29343.455,0.14940508781044962
29343.456,0.1494054920008485
29343.457,0.1494058944879287
29343.458,0.14940629573438974
29343.459,0.14940669618396327
29343.46,0.14940709585755446
29343.461,0.14940749483974314
29343.462,0.14940789280302483
29343.463,0.14940828980281112
29343.464,0.14940868519898265
29343.465,0.14940907933882822
29343.466,0.14940947247151004
29343.467,0.1494098655526741
29343.468,0.1494102584460447
29343.469,0.14941065126207123
29343.47,0.14941104383185055
29343.471,0.14941143708856366
29343.472,0.14941183109841155
29343.473,0.14941222566600207
29343.474,0.14941262105826583
29343.475,0.14941301759521686
29343.476,0.1494134158539719
29343.477,0.14941381580903867
29343.478,0.1494142178072625
29343.479,0.1494146213971754
29343.48,0.14941502668020878
29343.481,0.14941543381101788
29343.482,0.14941584315718448
29343.483,0.14941625510062687
29343.484,0.1494166696548267
29343.485,0.1494170875354446
29343.486,0.14941750857658656
29343.487,0.14941793299813505
29343.488,0.14941836110685244
29343.489,0.14941879289931423
29343.49,0.1494192286883669
29343.491,0.14941966931741005
29343.492,0.14942011550830572
29343.493,0.14942056655285027
29343.494,0.14942102215456163
29343.495,0.14942148375134956
29343.496,0.1494219506131476
29343.497,0.14942242230734526
29343.498,0.14942289871006362
29343.499,0.14942337999572322
29343.5,0.1494238659182954
29343.501,0.14942435738638146
29343.502,0.1494248545297573
29343.503,0.1494253566880216
29343.504,0.1494258640164602
29343.505,0.14942637674417789
29343.506,0.14942689465763212
29343.507,0.14942741791459122
29343.508,0.14942794693286904
29343.509,0.14942848220343924
29343.51,0.14942902332037084
29343.511,0.14942957083578653
29343.512,0.1494301244386555
29343.513,0.14943068302818832
29343.514,0.1494312460324962
29343.515,0.1494318137489009
29343.516,0.14943238644666523
29343.517,0.14943296402684605
29343.518,0.14943354638344172
29343.519,0.14943413367162947
29343.52,0.1494347255711362
29343.521,0.14943532243180538
29343.522,0.1494359238843217
29343.523,0.14943652986671205
29343.524,0.14943714032859623
29343.525,0.14943775587248184
29343.526,0.14943837631013096
29343.527,0.149439001526528
29343.528,0.14943963189016962
29343.529,0.14944026671025873
29343.53,0.14944090488721223
29343.531,0.14944154706878934
29343.532,0.14944219277510987
29343.533,0.1494428421274729
29343.534,0.14944349544372038
29343.535,0.1494441522252076
29343.536,0.1494448133542741
29343.537,0.14944547879192446
29343.538,0.14944614850801222
29343.539,0.1494468218950756
29343.54,0.14944749936054397
29343.541,0.14944818101365018
29343.542,0.14944886760549475
29343.543,0.1494495584192329
29343.544,0.14945025311151341
29343.545,0.1494509526620335
29343.546,0.149451656406002
29343.547,0.14945236359052289
29343.548,0.14945307435952634
29343.549,0.14945378926944838
29343.55,0.14945450848487601
29343.551,0.14945523223474957
29343.552,0.1494559600039423
29343.553,0.14945669193527536
29343.554,0.14945742815347138
29343.555,0.1494581689214794
29343.556,0.1494589139620181
29343.557,0.14945966314776524
29343.558,0.1494604173996047
29343.559,0.14946117689328997
29343.56,0.14946194133660243
29343.561,0.14946271033610278
29343.562,0.14946348448428837
29343.563,0.14946426320014974
29343.564,0.14946504560093052
29343.565,0.14946583242061798
29343.566,0.14946662368802943
29343.567,0.14946741935531446
29343.568,0.14946821893048975
29343.569,0.14946902286394906
29343.57,0.14946983090651644
29343.571,0.14947064305331573
29343.572,0.14947145899742173
29343.573,0.14947227872771857
29343.574,0.14947310209113887
29343.575,0.1494739297169611
29343.576,0.14947476186689523
29343.577,0.1494755982914276
29343.578,0.1494764384566537
29343.579,0.14947728266686522
29343.58,0.14947812979990882
29343.581,0.14947897952445055
29343.582,0.14947983181614216
29343.583,0.14948068617474913
29343.584,0.14948154269143696
29343.585,0.14948240146881406
29343.586,0.14948326170074652
29343.587,0.14948412350369525
29343.588,0.14948498675323085
29343.589,0.14948585112264373
29343.59,0.14948671640060401
29343.591,0.14948758283687416
29343.592,0.14948845052068296
29343.593,0.14948931802132653
29343.594,0.14949018574198494
29343.595,0.14949105372842808
29343.596,0.1494919213433765
29343.597,0.14949278722004103
29343.598,0.14949365105509738
29343.599,0.149494512577832
29343.6,0.14949537189041862
29343.601,0.14949622854364056
29343.602,0.14949708255040778
29343.603,0.14949793319894564
29343.604,0.1494987803281143
29343.605,0.1494996239243662
29343.606,0.1495004633140921
29343.607,0.14950129802491247
29343.608,0.1495021286645885
29343.609,0.1495029549364647
29343.61,0.14950377603633858
29343.611,0.14950459168845392
29343.612,0.14950540141744786
29343.613,0.14950620442498092
29343.614,0.14950700040506995
29343.615,0.14950778962172437
29343.616,0.14950857146517313
29343.617,0.1495093461337467
29343.618,0.14951011321803573
29343.619,0.14951087208708266
29343.62,0.14951162296751955
29343.621,0.1495123657389159
29343.622,0.14951310036845367
29343.623,0.14951382667911936
29343.624,0.1495145449221634
29343.625,0.14951525521925185
29343.626,0.14951595737318996
29343.627,0.14951665091425412
29343.628,0.14951733609257906
29343.629,0.1495180124930854
29343.63,0.14951868012185063
29343.631,0.14951933916108842
29343.632,0.1495199894175937
29343.633,0.1495206310857621
29343.634,0.14952126428926077
29343.635,0.14952188891073004
29343.636,0.14952250537470263
29343.637,0.1495231135089654
29343.638,0.14952371351430685
29343.639,0.1495243056661023
29343.64,0.1495248906713582
29343.641,0.14952546890120647
29343.642,0.1495260410631397
29343.643,0.14952660657529668
29343.644,0.14952716614899772
29343.645,0.1495277200143612
29343.646,0.14952826786632764
29343.647,0.1495288097161021
29343.648,0.14952934580772126
29343.649,0.14952987674248644
29343.65,0.1495304026138566
29343.651,0.1495309239147366
29343.652,0.14953144095438847
29343.653,0.14953195387017632
29343.654,0.14953246320571587
29343.655,0.14953296944905195
29343.656,0.14953347280439555
29343.657,0.14953397302867574
29343.658,0.14953447099594677
29343.659,0.14953496762446486
29343.66,0.14953546296592224
29343.661,0.14953595748373216
29343.662,0.1495364513990282
29343.663,0.14953694411540536
29343.664,0.14953743577580125
29343.665,0.14953792661884727
29343.666,0.14953841665265752
29343.667,0.14953890620307847
29343.668,0.14953939588971965
29343.669,0.1495398860389754
29343.67,0.1495403759756309
29343.671,0.14954086666546232
29343.672,0.14954135823041673
29343.673,0.14954185047271523
29343.674,0.14954234329679242
29343.675,0.14954283776210986
29343.676,0.14954333391241115
29343.677,0.1495438315180678
29343.678,0.1495443304644435
29343.679,0.1495448306466554
29343.68,0.14954533140277956
29343.681,0.1495458329834105
29343.682,0.14954633560175587
29343.683,0.14954683937719881
29343.684,0.14954734450625676
29343.685,0.1495478508725584
29343.686,0.14954835828484161
29343.687,0.14954886690387892
29343.688,0.14954937664799067
29343.689,0.1495498874941269
29343.69,0.14955039901092518
29343.691,0.1495509116177421
29343.692,0.14955142601438862
29343.693,0.14955194112021444
29343.694,0.1495524571591642
29343.695,0.14955297441874774
29343.696,0.1495534922487779
29343.697,0.14955400964395368
29343.698,0.14955452686590512
29343.699,0.14955504455834862
29343.7,0.1495555623297382
29343.701,0.1495560796667314
29343.702,0.14955659714766623
29343.703,0.1495571139657591
29343.704,0.14955763070555794
29343.705,0.14955814787985114
29343.706,0.1495586649331883
29343.707,0.14955918142992408
29343.708,0.14955969797269214
29343.709,0.14956021422597413
29343.71,0.14956073061486647
29343.711,0.14956124667329845
29343.712,0.14956176245302163
29343.713,0.1495622774108799
29343.714,0.149562791134329
29343.715,0.14956330382958508
29343.716,0.14956381529572293
29343.717,0.14956432591849397
29343.718,0.14956483565826617
29343.719,0.14956534484327402
29343.72,0.14956585380779894
29343.721,0.14956636222937433
29343.722,0.1495668699071553
29343.723,0.149567376292396
29343.724,0.14956788215077135
29343.725,0.14956838740919068
29343.726,0.14956889266431078
29343.727,0.1495693975630734
29343.728,0.1495699022529235
29343.729,0.1495704061682146
29343.73,0.14957090894669584
29343.731,0.149571410368999
29343.732,0.1495719110720802
29343.733,0.14957241115356362
29343.734,0.1495729106497735
29343.735,0.1495734099180857
29343.736,0.14957390938318518
29343.737,0.1495744083029605
29343.738,0.14957490680913707
29343.739,0.14957540452296597
29343.74,0.14957590135753793
29343.741,0.1495763973575539
29343.742,0.14957689322097706
29343.743,0.14957738858192532
29343.744,0.149577883476046
29343.745,0.14957837779119026
29343.746,0.14957887139396517
29343.747,0.14957936348205292
29343.748,0.14957985372261223
29343.749,0.14958034237236922
29343.75,0.14958082940252124
29343.751,0.14958131510140943
29343.752,0.14958179872400235
29343.753,0.14958228031402462
29343.754,0.14958275971054832
29343.755,0.14958323704397378
29343.756,0.14958371192894895
29343.757,0.1495841836708885
29343.758,0.14958465304419194
29343.759,0.14958512017951583
29343.76,0.1495855839658879
29343.761,0.14958604416138402
29343.762,0.14958650023430484
29343.763,0.1495869519509481
29343.764,0.1495873981996629
29343.765,0.14958783883548293
29343.766,0.14958827399225216
29343.767,0.14958870387094186
29343.768,0.1495891280214211
29343.769,0.1495895462136687
29343.77,0.14958995804027875
29343.771,0.14959036344760954
29343.772,0.14959076203592522
29343.773,0.149591153524767
29343.774,0.1495915373057912
29343.775,0.14959191419707657
29343.776,0.14959228353705373
29343.777,0.14959264489232188
29343.778,0.1495929977989716
29343.779,0.1495933418636596
29343.78,0.14959367673466442
29343.781,0.14959400191032507
29343.782,0.14959431766669867
29343.783,0.14959462343249852
29343.784,0.14959491925054297
29343.785,0.14959520508811294
29343.786,0.14959548072327009
29343.787,0.1495957465164398
29343.788,0.1495960020927123
29343.789,0.1495962475286451
29343.79,0.14959648274045856
29343.791,0.14959670864521293
29343.792,0.14959692511428657
29343.793,0.14959713161664576
29343.794,0.14959732859379876
29343.795,0.14959751660045703
29343.796,0.14959769500691547
29343.797,0.1495978636175656
29343.798,0.14959802242029513
29343.799,0.1495981722286136
29343.8,0.14959831270787677
29343.801,0.14959844450187657
29343.802,0.14959856833888668
29343.803,0.14959868402094456
29343.804,0.14959879217371572
29343.805,0.1495988931702853
29343.806,0.1495989863367745
29343.807,0.14959907216996915
29343.808,0.14959915250457975
29343.809,0.14959922786273228
29343.81,0.1495992983816861
29343.811,0.14959936371708774
29343.812,0.14959942479542052
29343.813,0.14959948148661437
29343.814,0.14959953357728756
29343.815,0.14959958193455725
29343.816,0.1495996269169231
29343.817,0.14959966899504806
29343.818,0.14959970885507784
29343.819,0.14959974693100445
29343.82,0.1495997830984809
29343.821,0.14959981795090613
29343.822,0.14959985195495115
29343.823,0.1495998857099987
29343.824,0.14959991945674403
29343.825,0.14959995344213708
29343.826,0.14959998838127497
29343.827,0.14960002429507285
29343.828,0.1496000615013763
29343.829,0.14960009982830863
29343.83,0.1496001392972134
29343.831,0.1496001800942694
29343.832,0.14960022253229338
29343.833,0.14960026634794618
29343.834,0.1496003118065323
29343.835,0.14960035906972696
29343.836,0.1496004083897758
29343.837,0.14960045881642178
29343.838,0.1496005111105258
29343.839,0.1496005649605512
29343.84,0.1496006204359853
29343.841,0.1496006779039533
29343.842,0.149600737869798
29343.843,0.14960079955119268
29343.844,0.1496008623003047
29343.845,0.14960092624278426
29343.846,0.14960099114181274
29343.847,0.14960105647663027
29343.848,0.14960112181196633
29343.849,0.1496011872474467
29343.85,0.14960125258273083
29343.851,0.14960131788195943
29343.852,0.14960138222642824
29343.853,0.14960144561506036
29343.854,0.14960150776666947
29343.855,0.14960156872200844
29343.856,0.14960162765467827
29343.857,0.1496016843909614
29343.858,0.14960173956835876
29343.859,0.14960179289892503
29343.86,0.14960184393897205
29343.861,0.1496018924526761
29343.862,0.14960193821448897
29343.863,0.1496019806871923
29343.864,0.14960201919517813
29343.865,0.14960205389910722
29343.866,0.14960208453382617
29343.867,0.1496021111725592
29343.868,0.14960213397041822
29343.869,0.1496021528862257
29343.87,0.14960216722057318
29343.871,0.1496021769523963
29343.872,0.14960218221203178
29343.873,0.14960218224180927
29343.874,0.14960217722124716
29343.875,0.14960216799200507
29343.876,0.14960215412915145
29343.877,0.1496021355676848
29343.878,0.1496021125627176
29343.879,0.1496020853641863
29343.88,0.14960205320733735
29343.881,0.14960201566847608
29343.882,0.14960197319911175
29343.883,0.14960192580334467
29343.884,0.14960187403183972
29343.885,0.14960181788370774
29343.886,0.14960175721411575
29343.887,0.14960169269908366
29343.888,0.14960162400644533
29343.889,0.1496015516499212
29343.89,0.14960147536520332
29343.891,0.14960139607425388
29343.892,0.14960131379025077
29343.893,0.1496012284868903
29343.894,0.14960114008227085
29343.895,0.14960104956402337
29343.896,0.14960095654473024
29343.897,0.14960086034110567
29343.898,0.1496007614616974
29343.899,0.14960066041391676
29343.9,0.14960055711540393
29343.901,0.1496004522379567
29343.902,0.1496003461699214
29343.903,0.14960023879276155
29343.904,0.14960013050802184
29343.905,0.14960002181775847
29343.906,0.1495999123327407
29343.907,0.14959980291852396
29343.908,0.14959969398176032
29343.909,0.14959958526863856
29343.91,0.1495994770052815
29343.911,0.14959936902154847
29343.912,0.14959926204510754
29343.913,0.14959915561281695
29343.914,0.1495990494142849
29343.915,0.14959894372752636
29343.916,0.1495988385349772
29343.917,0.14959873457337622
29343.918,0.1495986320896633
29343.919,0.1495985310818171
29343.92,0.14959843130711978
29343.921,0.1495983332897748
29343.922,0.14959823720654644
29343.923,0.14959814280635853
29343.924,0.14959804997382795
29343.925,0.14959795998912176
29343.926,0.1495978729335603
29343.927,0.1495977879864799
29343.928,0.14959770493530303
29343.929,0.14959762432955884
29343.93,0.1495975455707196
29343.931,0.14959746830160967
29343.932,0.14959739295697289
29343.933,0.149597319447409
29343.934,0.1495972479881944
29343.935,0.1495971784041057
29343.936,0.1495971111357907
29343.937,0.1495970454196782
29343.938,0.14959698196918772
29343.939,0.14959692062116642
29343.94,0.14959686120934143
29343.941,0.1495968041922321
29343.942,0.14959674942588105
29343.943,0.14959669660669636
29343.944,0.14959664558751035
29343.945,0.14959659667541916
29343.946,0.1495965498839136
29343.947,0.14959650406473562
29343.948,0.14959645865820356
29343.949,0.14959641465202142
29343.95,0.1495963716664757
29343.951,0.14959632988425925
29343.952,0.14959628907777767
29343.953,0.14959624935990684
29343.954,0.14959621071967552
29343.955,0.14959617363471314
29343.956,0.1495961372927054
29343.957,0.14959610193773323
29343.958,0.14959606776474008
29343.959,0.14959603443026961
29343.96,0.1495960019790629
29343.961,0.14959597034271133
29343.962,0.14959593931121304
29343.963,0.1495959087509387
29343.964,0.14959587790120701
29343.965,0.14959584646181223
29343.966,0.14959581444348885
29343.967,0.14959578195745352
29343.968,0.14959574909605655
29343.969,0.1495957153481498
29343.97,0.1495956803509446
29343.971,0.14959564456508542
29343.972,0.14959560748523804
29343.973,0.14959556908347993
29343.974,0.1495955291966299
29343.975,0.14959548834084313
29343.976,0.1495954463517738
29343.977,0.14959540246664219
29343.978,0.1495953566661386
29343.979,0.14959530889508643
29343.98,0.1495952577792971
29343.981,0.1495952034562621
29343.982,0.1495951463415899
29343.983,0.1495950862904921
29343.984,0.14959502308282907
29343.985,0.149594956221338
29343.986,0.14959488583744773
29343.987,0.14959481196694646
29343.988,0.14959473386612251
29343.989,0.14959465188555424
29343.99,0.14959456549427233
29343.991,0.14959447485517996
29343.992,0.1495943799300331
29343.993,0.14959428070284736
29343.994,0.14959417631047908
29343.995,0.14959406749251813
29343.996,0.14959395327974645
29343.997,0.14959383312735663
29343.998,0.1495937071087611
29343.999,0.1495935754207009
29344.0,0.14959343774611833
29344.001,0.14959329438407587
29344.002,0.14959314536814758
29344.003,0.14959299033025134
29344.004,0.14959282906818802
29344.005,0.14959266211362118
29344.006,0.14959248869014888
29344.007,0.1495923087492696
29344.008,0.1495921230122844
29344.009,0.1495919318638858
29344.01,0.1495917349420694
29344.011,0.14959153217551563
29344.012,0.1495913239299536
29344.013,0.14959110968070674
29344.014,0.14959088909186627
29344.015,0.14959066253976033
29344.016,0.14959043059492522
29344.017,0.149590193328758
29344.018,0.1495899504653384
29344.019,0.1495897027784084
29344.02,0.14958945005410113
29344.021,0.1495891928790829
29344.022,0.14958893128520523
29344.023,0.14958866537608656
29344.024,0.1495883954065752
29344.025,0.149588122388462
29344.026,0.14958784623126203
29344.027,0.14958756659098096
29344.028,0.1495872841890881
29344.029,0.14958699937746098
29344.03,0.14958671096529216
29344.031,0.14958641970374187
29344.032,0.14958612633140023
29344.033,0.14958583104093032
29344.034,0.14958553399982344
29344.035,0.14958523505047788
29344.036,0.14958493482990032
29344.037,0.1495846331453695
29344.038,0.14958433046981484
29344.039,0.14958402714506294
29344.04,0.14958372260276406
29344.041,0.14958341787049545
29344.042,0.14958311305936345
29344.043,0.14958280852831454
29344.044,0.14958250396109593
29344.045,0.14958219999234226
29344.046,0.1495818963616261
29344.047,0.1495815921238576
29344.048,0.14958128767371448
29344.049,0.1495809837422906
29344.05,0.1495806800165689
29344.051,0.1495803768806081
29344.052,0.14958007426352107
29344.053,0.14957977179940485
29344.054,0.14957947022869156
29344.055,0.14957916931457543
29344.056,0.14957886811873522
29344.057,0.1495785673258877
29344.058,0.14957826725606108
29344.059,0.14957796767033338
29344.06,0.14957766884865337
29344.061,0.1495773706160116
29344.062,0.14957707273320991
29344.063,0.14957677490644572
29344.064,0.14957647621967876
29344.065,0.1495761769008231
29344.066,0.1495758774491768
29344.067,0.1495755780570843
29344.068,0.14957527869080084
29344.069,0.14957497905645314
29344.07,0.14957467876871344
29344.071,0.14957437821802158
29344.072,0.1495740771199038
29344.073,0.149573775614021
29344.074,0.14957347331009754
29344.075,0.14957317111051863
29344.076,0.14957286859557928
29344.077,0.14957256556811468
29344.078,0.14957226229679516
29344.079,0.14957195855611957
29344.08,0.1495716532921079
29344.081,0.14957134688226786
29344.082,0.14957103954850873
29344.083,0.1495707308788247
29344.084,0.14957042109416502
29344.085,0.1495701102577791
29344.086,0.1495697986401834
29344.087,0.1495694860262682
29344.088,0.14956917222500477
29344.089,0.1495688572657535
29344.09,0.1495685408328486
29344.091,0.14956822358456714
29344.092,0.1495679059456663
29344.093,0.14956758774331835
29344.094,0.14956726809673102
29344.095,0.1495669480267316
29344.096,0.1495666269334511
29344.097,0.1495663042629757
29344.098,0.1495659800283037
29344.099,0.14956565443311956
29344.1,0.14956532714063714
29344.101,0.14956499881268245
29344.102,0.14956466936513288
29344.103,0.14956433869814428
29344.104,0.14956400679984083
29344.105,0.14956367371461504
29344.106,0.14956333876686342
29344.107,0.14956300251505594
29344.108,0.14956266574058777
29344.109,0.1495623280869596
29344.11,0.149561989689387
29344.111,0.1495616507871032
29344.112,0.1495613110877538
29344.113,0.14956097035418622
29344.114,0.14956062809036302
29344.115,0.14956028448868824
29344.116,0.14955993986196164
29344.117,0.14955959413177708
29344.118,0.14955924794561926
29344.119,0.14955890159050678
29344.12,0.14955855430668502
29344.121,0.1495582064400222
29344.122,0.14955785802203048
29344.123,0.1495575091595295
29344.124,0.1495571593987281
29344.125,0.14955680975500218
29344.126,0.14955646002638348
29344.127,0.14955611006342134
29344.128,0.14955576041220572
29344.129,0.1495554111734145
29344.13,0.1495550613455681
29344.131,0.14955471144496124
29344.132,0.1495543616297881
29344.133,0.14955401167416865
29344.134,0.14955366136908688
29344.135,0.14955331121533622
29344.136,0.14955296150725242
29344.137,0.1495526121836334
29344.138,0.14955226334310132
29344.139,0.14955191511877264
29344.14,0.1495515672851175
29344.141,0.14955122018576958
29344.142,0.1495508740673751
29344.143,0.1495505290885048
29344.144,0.1495501849425998
29344.145,0.149549841726804
29344.146,0.14954949917543423
29344.147,0.1495491569946462
29344.148,0.1495488151332335
29344.149,0.14954847395339388
29344.15,0.14954813321474972
29344.151,0.14954779286624761
29344.152,0.1495474530276661
29344.153,0.14954711387089675
29344.154,0.14954677557631932
29344.155,0.14954643744483823
29344.156,0.14954609947360106
29344.157,0.14954576203632172
29344.158,0.14954542522865458
29344.159,0.14954508909231282
29344.16,0.14954475338948597
29344.161,0.14954441756734269
29344.162,0.14954408147934087
29344.163,0.14954374483089192
29344.164,0.14954340684886563
29344.165,0.14954306775577264
29344.166,0.14954272766671983
29344.167,0.14954238635135939
29344.168,0.14954204352832992
29344.169,0.14954169912175025
29344.17,0.1495413529546836
29344.171,0.1495410050425354
29344.172,0.1495406552493088
29344.173,0.14954030324675802
29344.174,0.14953994879070864
29344.175,0.14953959259910124
29344.176,0.14953923426198945
29344.177,0.14953887313213302
29344.178,0.14953850909278305
29344.179,0.14953814207747693
29344.18,0.14953777119560652
29344.181,0.14953739652990208
29344.182,0.14953701769502548
29344.183,0.14953663479022059
29344.184,0.1495362477656144
29344.185,0.1495358565025434
29344.186,0.14953546098783874
29344.187,0.14953506106485506
29344.188,0.14953465707953859
29344.189,0.1495342486827988
29344.19,0.14953383575654963
29344.191,0.14953341865092812
29344.192,0.14953299726363167
29344.193,0.1495325714218712
29344.194,0.14953214069655865
29344.195,0.14953170600780677
29344.196,0.1495312667645734
29344.197,0.14953082246266336
29344.198,0.1495303734314943
29344.199,0.14952992032840312
29344.2,0.14952946320363053
29344.201,0.1495290023906956
29344.202,0.1495285378507433
29344.203,0.14952806949964081
29344.204,0.1495275976229814
29344.205,0.1495271227645985
29344.206,0.1495266451465596
29344.207,0.14952616504328056
29344.208,0.1495256828571593
29344.209,0.1495251990260719
29344.21,0.14952471375581686
29344.211,0.1495242268266214
29344.212,0.149523738615595
29344.213,0.14952324925397406
29344.214,0.14952275895977016
29344.215,0.149522267957784
29344.216,0.14952177679553752
29344.217,0.1495212861599174
29344.218,0.14952079631085802
29344.219,0.14952030740794126
29344.22,0.1495198200568017
29344.221,0.1495193346056992
29344.222,0.14951885165642306
29344.223,0.14951837118585096
29344.224,0.14951789380324254
29344.225,0.14951742077201727
29344.226,0.14951695172355906
29344.227,0.14951648669558223
29344.228,0.14951602620101115
29344.229,0.14951557046412972
29344.23,0.14951511850678184
29344.231,0.14951467115245168
29344.232,0.14951422898314531
29344.233,0.14951379213075283
29344.234,0.1495133608153942
29344.235,0.14951293532950397
29344.236,0.14951251573010027
29344.237,0.14951210234443285
29344.238,0.14951169513821916
29344.239,0.14951129401425703
29344.24,0.1495108989736366
29344.241,0.14951051039267135
29344.242,0.14951012932487745
29344.243,0.14950975514805137
29344.244,0.14950938721298712
29344.245,0.149509025616004
29344.246,0.1495086700942944
29344.247,0.1495083201005181
29344.248,0.1495079750594045
29344.249,0.14950763558430294
29344.25,0.14950730107500473
29344.251,0.1495069716154835
29344.252,0.14950664721226134
29344.253,0.14950632759266227
29344.254,0.14950601219084306
29344.255,0.1495057010423071
29344.256,0.14950539351861558
29344.257,0.14950508928368011
29344.258,0.149504788689534
29344.259,0.1495044915954022
29344.26,0.14950419704857562
29344.261,0.14950390481725265
29344.262,0.1495036146166452
29344.263,0.1495033254170075
29344.264,0.14950303644742058
29344.265,0.1495027475624093
29344.266,0.14950245849836974
29344.267,0.149502169257571
29344.268,0.14950187971748008
29344.269,0.14950158922204845
29344.27,0.14950129747178253
29344.271,0.14950100430767435
29344.272,0.14950070926780504
29344.273,0.14950041167047534
29344.274,0.149500111361622
29344.275,0.1494998086602349
29344.276,0.14949950289157105
29344.277,0.14949919332860692
29344.278,0.14949888014516072
29344.279,0.14949856302337838
29344.28,0.14949824064895
29344.281,0.14949791287297096
29344.282,0.1494975794875738
29344.283,0.1494972406969695
29344.284,0.1494968961637892
29344.285,0.14949654585510277
29344.286,0.14949618946818946
29344.287,0.14949582697805777
29344.288,0.1494954581513235
29344.289,0.14949508238192094
29344.29,0.1494946997727325
29344.291,0.14949431071586466
29344.292,0.1494939150672958
29344.293,0.1494935125019219
29344.294,0.14949310272285066
29344.295,0.1494926860073682
29344.296,0.1494922617371213
29344.297,0.14949182963710242
29344.298,0.14949138928554564
29344.299,0.1494909406358351
29344.3,0.1494904836164061
29344.301,0.14949001843314796
29344.302,0.14948954526772523
29344.303,0.14948906403284695
29344.304,0.1494885749570516
29344.305,0.14948807820846655
29344.306,0.14948757349266228
29344.307,0.14948706116572755
29344.308,0.14948654174464568
29344.309,0.14948601549258245
29344.31,0.14948548237290746
29344.311,0.149484942477586
29344.312,0.1494843956134201
29344.313,0.14948384153102992
29344.314,0.14948327997941258
29344.315,0.14948271102757618
29344.316,0.1494821354839815
29344.317,0.14948155390178877
29344.318,0.14948096627249968
29344.319,0.149480372892228
29344.32,0.14947977385067063
29344.321,0.14947916937314323
29344.322,0.14947856011655045
29344.323,0.1494779461303644
29344.324,0.149477327810043
29344.325,0.14947670568421637
29344.326,0.1494760800054114
29344.327,0.14947545088394576
29344.328,0.1494748189761212
29344.329,0.14947418397590173
29344.33,0.14947354559649353
29344.331,0.14947290464083465
29344.332,0.149472261248341
29344.333,0.1494716155363822
29344.334,0.14947096819016023
29344.335,0.1494703195763944
29344.336,0.14946967010769918
29344.337,0.14946902001217588
29344.338,0.1494683694798679
29344.339,0.14946771853488647
29344.34,0.14946706781174157
29344.341,0.14946641772228422
29344.342,0.14946576868452116
29344.343,0.14946512044464433
29344.344,0.14946447269470134
29344.345,0.1494638261304865
29344.346,0.1494631808901462
29344.347,0.14946253664447703
29344.348,0.14946189306330823
29344.349,0.1494612512958363
29344.35,0.14946061089620252
29344.351,0.1494599723476949
29344.352,0.14945933588785862
29344.353,0.14945870130057534
29344.354,0.14945806878338472
29344.355,0.14945743888978177
29344.356,0.14945681103096287
29344.357,0.14945618562794907
29344.358,0.1494555631046022
29344.359,0.1494549431498658
29344.36,0.14945432583317134
29344.361,0.14945371105511399
29344.362,0.14945309904661463
29344.363,0.1494524894260211
29344.364,0.1494518817869592
29344.365,0.1494512760502722
29344.366,0.14945067284138508
29344.367,0.14945007211118627
29344.368,0.14944947342822104
29344.369,0.149448876797221
29344.37,0.14944828221343728
29344.371,0.14944768983023962
29344.372,0.14944709948039223
29344.373,0.14944651079644086
29344.374,0.14944592406828702
29344.375,0.14944533992664527
29344.376,0.1494447579207194
29344.377,0.14944417752854494
29344.378,0.1494435990374808
29344.379,0.1494430220881583
29344.38,0.14944244607582904
29344.381,0.14944187086680483
29344.382,0.14944129687691082
29344.383,0.14944072401086814
29344.384,0.14944015212856337
29344.385,0.14943958105408206
29344.386,0.1494390107285148
29344.387,0.1494384411157264
29344.388,0.149437872006843
29344.389,0.14943730346500625
29344.39,0.14943673519271541
29344.391,0.14943616751821887
29344.392,0.14943560056408234
29344.393,0.14943503376916847
29344.394,0.1494344670399486
29344.395,0.1494339005483387
29344.396,0.1494333339345237
29344.397,0.14943276648100667
29344.398,0.1494321982823887
29344.399,0.14943162974812513
29344.4,0.1494310609511546
29344.401,0.14943049142601303
29344.402,0.14942992116230608
29344.403,0.14942934975458003
29344.404,0.1494287775107813
29344.405,0.1494282041744554
29344.406,0.14942762947786217
29344.407,0.1494270535471278
29344.408,0.14942647657354044
29344.409,0.1494258987008195
29344.41,0.1494253194829086
29344.411,0.14942473849214785
29344.412,0.14942415592408745
29344.413,0.14942357169803414
29344.414,0.14942298498765602
29344.415,0.14942239614353336
29344.416,0.14942180542687855
29344.417,0.14942121272832543
29344.418,0.1494206183243722
29344.419,0.14942002191429216
29344.42,0.14941942353490445
29344.421,0.14941882354279898
29344.422,0.14941822190823484
29344.423,0.1494176180229936
29344.424,0.14941701215419356
29344.425,0.14941640511847187
29344.426,0.149415796835355
29344.427,0.1494151870184109
29344.428,0.14941457583182077
29344.429,0.1494139633159148
29344.43,0.14941334869662962
29344.431,0.14941273225534393
29344.432,0.14941211408086907
29344.433,0.14941149471077103
29344.434,0.14941087425778724
29344.435,0.14941025254971
29344.436,0.14940962987275253
29344.437,0.14940900629559803
29344.438,0.14940838196979017
29344.439,0.1494077572383429
29344.44,0.14940713225548682
29344.441,0.14940650715586104
29344.442,0.14940588233506957
29344.443,0.14940525799458845
29344.444,0.14940463417922928
29344.445,0.149404011686441
29344.446,0.14940339006871559
29344.447,0.14940276884954398
29344.448,0.14940214812996921
29344.449,0.149401528591644
29344.45,0.14940091025112173
29344.451,0.14940029346771297
29344.452,0.14939967847534796
29344.453,0.1493990653756204
29344.454,0.14939845439427207
29344.455,0.14939784567387923
29344.456,0.1493972388428507
29344.457,0.14939663452207638
29344.458,0.14939603320591782
29344.459,0.14939543509384587
29344.46,0.14939484003900314
29344.461,0.14939424814373312
29344.462,0.14939365909289407
29344.463,0.14939307271693983
29344.464,0.14939248882335088
29344.465,0.1493919079141722
29344.466,0.14939133008480088
29344.467,0.14939075564730117
29344.468,0.14939018434659584
29344.469,0.14938961645494772
29344.47,0.14938905158048424
29344.471,0.14938849018687136
29344.472,0.14938793205313702
29344.473,0.14938737694131993
29344.474,0.149386825035137
29344.475,0.14938627655047068
29344.476,0.1493857312741842
29344.477,0.14938518904472659
29344.478,0.1493846500821887
29344.479,0.14938411408927862
29344.48,0.14938358010615346
29344.481,0.14938304794622034
29344.482,0.1493825181939472
29344.483,0.14938199053281476
29344.484,0.14938146507761688
29344.485,0.14938094189161932
29344.486,0.14938042082400219
29344.487,0.14937990167138507
29344.488,0.1493793844252139
29344.489,0.14937886906257825
29344.49,0.14937835502465896
29344.491,0.14937784289131595
29344.492,0.14937733284950194
29344.493,0.14937682428329746
29344.494,0.1493763170400413
29344.495,0.14937581132811334
29344.496,0.1493753067391216
29344.497,0.14937480257969038
29344.498,0.14937429896355106
29344.499,0.14937379556354416
29344.5,0.1493732924984408
29344.501,0.14937278973352253
29344.502,0.14937228761721064
29344.503,0.14937178604980594
29344.504,0.149371285395801
29344.505,0.1493707852067905
29344.506,0.14937028553934825
29344.507,0.14936978591822803
29344.508,0.14936928697642154
29344.509,0.1493687887897612
29344.51,0.14936829086618106
29344.511,0.149367793464225
29344.512,0.1493672966925118
29344.513,0.14936679975303116
29344.514,0.14936630205144197
29344.515,0.14936580418272913
29344.516,0.14936530642311363
29344.517,0.14936480816041436
29344.518,0.1493643095500554
29344.519,0.14936381028401466
29344.52,0.14936331061042435
29344.521,0.14936281085694872
29344.522,0.149362310482782
29344.523,0.1493618090677941
29344.524,0.1493613072515311
29344.525,0.1493608054344186
29344.526,0.14936030317004595
29344.527,0.14935979983440156
29344.528,0.14935929567695785
29344.529,0.1493587905831223
29344.53,0.1493582833393154
29344.531,0.14935777473239312
29344.532,0.14935726431139196
29344.533,0.14935675238595555
29344.534,0.14935623870755596
29344.535,0.14935572333399788
29344.536,0.1493552062177657
29344.537,0.14935468708067376
29344.538,0.14935416619375702
29344.539,0.1493536433675626
29344.54,0.14935311794281644
29344.541,0.14935259043132437
29344.542,0.14935206107474205
29344.543,0.14935152973633087
29344.544,0.14935099571051977
29344.545,0.1493504592641084
29344.546,0.14934991971902578
29344.547,0.14934937702535023
29344.548,0.14934883113782277
29344.549,0.14934828258052024
29344.55,0.14934773109869023
29344.551,0.14934717649421567
29344.552,0.14934661901641608
29344.553,0.1493460586766922
29344.554,0.14934549550501958
29344.555,0.1493449295497019
29344.556,0.1493443604966972
29344.557,0.14934378892874034
29344.558,0.1493432149684556
29344.559,0.14934263863301142
29344.56,0.14934206011411247
29344.561,0.14934147959399224
29344.562,0.14934089654004665
29344.563,0.14934031119802577
29344.564,0.1493397227433909
29344.565,0.14933913167932278
29344.566,0.14933853803908909
29344.567,0.14933794228548944
29344.568,0.14933734394867398
29344.569,0.14933674386592705
29344.57,0.1493361418511585
29344.571,0.1493355380281434
29344.572,0.14933493239000092
29344.573,0.14933432493693904
29344.574,0.14933371585994915
29344.575,0.14933310589593687
29344.576,0.14933249498421533
29344.577,0.1493318827365758
29344.578,0.14933126921099435
29344.579,0.14933065446638646
29344.58,0.14933003827468827
29344.581,0.14932942080067907
29344.582,0.14932880206630122
29344.583,0.149328182014239
29344.584,0.1493275608429041
29344.585,0.1493269387750544
29344.586,0.14932631547124003
29344.587,0.1493256913479478
29344.588,0.14932506628043038
29344.589,0.14932444048091734
29344.59,0.14932381336041928
29344.591,0.14932318544277814
29344.592,0.14932255703281813
29344.593,0.14932192748813453
29344.594,0.14932129725955648
29344.595,0.14932066663622232
29344.596,0.1493200352373488
29344.597,0.14931940241508587
29344.598,0.14931876807930203
29344.599,0.14931813247163214
29344.6,0.14931749582794296
29344.601,0.14931685810982193
29344.602,0.14931621938453413
29344.603,0.14931557956731042
29344.604,0.1493149386361661
29344.605,0.14931429665754037
29344.606,0.14931365357427945
29344.607,0.14931300909419729
29344.608,0.14931236409777862
29344.609,0.14931171840041424
29344.61,0.14931107194571758
29344.611,0.14931042491661917
29344.612,0.1493097771489093
29344.613,0.1493091282135082
29344.614,0.14930847783569293
29344.615,0.14930782663925637
29344.616,0.14930717468864693
29344.617,0.149306521996531
29344.618,0.14930586925405243
29344.619,0.149305216332918
29344.62,0.14930456315613605
29344.621,0.14930390987085101
29344.622,0.149303256557062
29344.623,0.14930260346715235
29344.624,0.1493019506428268
29344.625,0.14930129871717518
29344.626,0.14930064760218523
29344.627,0.14929999716070813
29344.628,0.14929934780062537
29344.629,0.14929869968128054
29344.63,0.14929805222595047
29344.631,0.14929740577683318
29344.632,0.1492967603811196
29344.633,0.14929611642566698
29344.634,0.1492954741255915
29344.635,0.1492948337227344
29344.636,0.14929419524491927
29344.637,0.14929355874392147
29344.638,0.14929292483194725
29344.639,0.1492922929811758
29344.64,0.14929166340634298
29344.641,0.1492910365388922
29344.642,0.14929041274071048
29344.643,0.14928979214686663
29344.644,0.14928917437423997
29344.645,0.14928855999470989
29344.646,0.14928794878439902
29344.647,0.1492873407513515
29344.648,0.14928673515823954
29344.649,0.14928613266914878
29344.65,0.14928553342059625
29344.651,0.14928493753350167
29344.652,0.1492843455050163
29344.653,0.14928375752611842
29344.654,0.1492831737654333
29344.655,0.1492825941528456
29344.656,0.1492820187260763
29344.657,0.14928144749147002
29344.658,0.1492808806297383
29344.659,0.14928031848218515
29344.66,0.1492797609554171
29344.661,0.14927920803508216
29344.662,0.14927865966132658
29344.663,0.14927811559425483
29344.664,0.14927757565963684
29344.665,0.14927704046063295
29344.666,0.14927650975881146
29344.667,0.14927598391502722
29344.668,0.1492754629321085
29344.669,0.14927494703041885
29344.67,0.14927443588763636
29344.671,0.14927392981746865
29344.672,0.14927342878095481
29344.673,0.14927293256198246
29344.674,0.14927244143900528
29344.675,0.14927195600873613
29344.676,0.14927147619262074
29344.677,0.14927100188125167
29344.678,0.14927053317470246
29344.679,0.1492700701105937
29344.68,0.14926961168920183
29344.681,0.14926915770855917
29344.682,0.14926870855246863
29344.683,0.14926826434106333
29344.684,0.14926782535111638
29344.685,0.1492673914965792
29344.686,0.14926696260964198
29344.687,0.1492665389015234
29344.688,0.14926612029401012
29344.689,0.14926570649792795
29344.69,0.14926529710725236
29344.691,0.14926489303744017
29344.692,0.1492644943789741
29344.693,0.1492641006025905
29344.694,0.14926371191658253
29344.695,0.14926332775768725
29344.696,0.14926294773795162
29344.697,0.1492625715953771
29344.698,0.14926219899210472
29344.699,0.14926183040784544
29344.7,0.14926146568745904
29344.701,0.14926110472959192
29344.702,0.1492607478319676
29344.703,0.14926039448743786
29344.704,0.14926004464089207
29344.705,0.14925969846993714
29344.706,0.14925935508672528
29344.707,0.14925901471001138
29344.708,0.1492586780436811
29344.709,0.1492583447677152
29344.71,0.1492580147470964
29344.711,0.14925768766530095
29344.712,0.14925736345914178
29344.713,0.14925704171189402
29344.714,0.14925672152003494
29344.715,0.14925640329254383
29344.716,0.1492560868035436
29344.717,0.1492557727186747
29344.718,0.14925546071728404
29344.719,0.14925515069974207
29344.72,0.1492548426003197
29344.721,0.14925453663461227
29344.722,0.1492542325794604
29344.723,0.1492539300166207
29344.724,0.1492536289817664
29344.725,0.1492533303411942
29344.726,0.14925303367399706
29344.727,0.14925273872795664
29344.728,0.14925244541289073
29344.729,0.14925215368279202
29344.73,0.14925186268160817
29344.731,0.14925157251137064
29344.732,0.14925128292907752
29344.733,0.14925099430499103
29344.734,0.14925070672990035
29344.735,0.149250419881515
29344.736,0.14925013389164532
29344.737,0.14924984879882008
29344.738,0.14924956446873122
29344.739,0.14924928053960768
29344.74,0.14924899726325855
29344.741,0.14924871473150328
29344.742,0.1492484333517629
29344.743,0.14924815311072698
29344.744,0.1492478732652013
29344.745,0.1492475943115749
29344.746,0.14924731555331822
29344.747,0.1492470359583412
29344.748,0.14924675541914142
29344.749,0.14924647502971428
29344.75,0.14924619425013308
29344.751,0.14924591299282836
29344.752,0.14924563145840056
29344.753,0.14924534913805787
29344.754,0.1492450660451607
29344.755,0.1492447820941829
29344.756,0.14924449694808029
29344.757,0.14924421059059423
29344.758,0.1492439236175543
29344.759,0.14924363572689395
29344.76,0.14924334663651653
29344.761,0.14924305604428792
29344.762,0.14924276366225414
29344.763,0.14924246900133592
29344.764,0.14924217158462655
29344.765,0.14924187148384532
29344.766,0.14924156804777822
29344.767,0.14924126174640248
29344.768,0.14924095237203827
29344.769,0.14924063994829156
29344.77,0.1492403240410242
29344.771,0.14924000474018914
29344.772,0.14923968164229418
29344.773,0.1492393548630964
29344.774,0.14923902444880643
29344.775,0.1492386905597568
29344.776,0.14923835293944723
29344.777,0.14923801079618496
29344.778,0.14923766433278185
29344.779,0.1492373132052567
29344.78,0.1492369565657341
29344.781,0.14923659467667316
29344.782,0.1492362275633985
29344.783,0.14923585527020547
29344.784,0.1492354778842279
29344.785,0.14923509528979137
29344.786,0.1492347071783862
29344.787,0.14923431341729645
29344.788,0.14923391398368607
29344.789,0.1492335084091204
29344.79,0.1492330973275196
29344.791,0.14923268072500107
29344.792,0.1492322585457678
29344.793,0.1492318304599338
29344.794,0.1492313965556188
29344.795,0.149230956772282
29344.796,0.14923051057241782
29344.797,0.14923005758484675
29344.798,0.1492295970391912
29344.799,0.1492291299806542
29344.8,0.1492286560138203
29344.801,0.14922817520844128
29344.802,0.14922768770890285
29344.803,0.14922719291022207
29344.804,0.14922669113495557
29344.805,0.1492261826377915
29344.806,0.14922566684946312
29344.807,0.14922514431048187
29344.808,0.1492246151159546
29344.809,0.14922407933507026
29344.81,0.14922353665509921
29344.811,0.14922298711968657
29344.812,0.14922243054730522
29344.813,0.14922186626830433
29344.814,0.14922129377532897
29344.815,0.14922071351015942
29344.816,0.14922012568104542
29344.817,0.14921953029000817
29344.818,0.14921892666676453
29344.819,0.14921831464042964
29344.82,0.14921769463595794
29344.821,0.14921706697114961
29344.822,0.1492164312987153
29344.823,0.14921578749069184
29344.824,0.14921513583702556
29344.825,0.14921447706319158
29344.826,0.1492138106450136
29344.827,0.14921313615147824
29344.828,0.1492124535301933
29344.829,0.14921176307901954
29344.83,0.14921106371464066
29344.831,0.14921035512294706
29344.832,0.14920963809560217
29344.833,0.14920891296469102
29344.834,0.14920817941176207
29344.835,0.1492074373866428
29344.836,0.1492066865163588
29344.837,0.14920592705697158
29344.838,0.14920515942773085
29344.839,0.1492043835579969
29344.84,0.14920359943653302
29344.841,0.14920280752163756
29344.842,0.14920200811572368
29344.843,0.14920120131419468
29344.844,0.14920038658643062
29344.845,0.14919956418847988
29344.846,0.14919873377526272
29344.847,0.14919789538095776
29344.848,0.14919704906654394
29344.849,0.14919619540904083
29344.85,0.14919533418620476
29344.851,0.1491944661513382
29344.852,0.14919359151965206
29344.853,0.14919271032291576
29344.854,0.14919182270016637
29344.855,0.14919092911066967
29344.856,0.14919002938991477
29344.857,0.14918912392923328
29344.858,0.14918821338744503
29344.859,0.14918729798296412
29344.86,0.14918637805966278
29344.861,0.14918545361785332
29344.862,0.149184525173302
29344.863,0.14918359279933238
29344.864,0.1491826561627318
29344.865,0.14918171581763573
29344.866,0.1491807722983521
29344.867,0.14917982657682918
29344.868,0.1491788785167543
29344.869,0.1491779287578516
29344.87,0.14917697734406746
29344.871,0.1491760250579007
29344.872,0.14917507198906127
29344.873,0.14917411855966067
29344.874,0.14917316539797926
29344.875,0.14917221300481898
29344.876,0.14917126208596357
29344.877,0.14917031249570256
29344.878,0.149169364746537
29344.879,0.149168419039735
29344.88,0.14916747521896676
29344.881,0.14916653374730932
29344.882,0.14916559506511326
29344.883,0.14916465971242224
29344.884,0.14916372798171462
29344.885,0.14916279989661832
29344.886,0.1491618756740506
29344.887,0.14916095581824473
29344.888,0.1491600405784362
29344.889,0.14915913049261523
29344.89,0.1491582254484994
29344.891,0.1491573259477997
29344.892,0.14915643266791584
29344.893,0.1491555453767614
29344.894,0.1491546644369935
29344.895,0.1491537896931788
29344.896,0.14915292085082318
29344.897,0.14915205805049356
29344.898,0.14915120125896617
29344.899,0.1491503510179416
29344.9,0.14914950736864654
29344.901,0.14914867051837968
29344.902,0.14914784088815058
29344.903,0.14914701823675705
29344.904,0.1491462028410717
29344.905,0.14914539504271165
29344.906,0.1491445941132663
29344.907,0.14914380017118753
29344.908,0.14914301371493574
29344.909,0.14914223469165458
29344.91,0.14914146274016835
29344.911,0.14914069779855998
29344.912,0.14913993991247698
29344.913,0.14913918861163786
29344.914,0.14913844324118825
29344.915,0.1491377042446458
29344.916,0.1491369717919603
29344.917,0.14913624562458272
29344.918,0.14913552556542087
29344.919,0.14913481197740508
29344.92,0.14913410513029376
29344.921,0.14913340425367216
29344.922,0.14913270908512255
29344.923,0.14913201907177237
29344.924,0.14913133448907265
29344.925,0.14913065563423983
29344.926,0.14912998179705075
29344.927,0.14912931266193072
29344.928,0.14912864850624144
29344.929,0.14912798883434258
29344.93,0.14912733254488555
29344.931,0.14912667994261294
29344.932,0.14912603097605912
29344.933,0.14912538508027937
29344.934,0.14912474225430947
29344.935,0.1491241024805839
29344.936,0.14912346548253438
29344.937,0.14912283160416162
29344.938,0.1491222000382536
29344.939,0.14912157050204622
29344.94,0.1491209425455176
29344.941,0.14912031664457004
29344.942,0.14911969267653583
29344.943,0.14911907017676232
29344.944,0.14911844838502578
29344.945,0.149117827429613
29344.946,0.14911720692495772
29344.947,0.14911658631445107
29344.948,0.14911596524116563
29344.949,0.1491153440551783
29344.95,0.1491147225118108
29344.951,0.14911410071876097
29344.952,0.14911347829543678
29344.953,0.1491128548637647
29344.954,0.1491122306644282
29344.955,0.14911160632382578
29344.956,0.14911098065369408
29344.957,0.14911035370682368
29344.958,0.14910972578735218
29344.959,0.14910909703956737
29344.96,0.14910846739817316
29344.961,0.14910783654278648
29344.962,0.1491072044423608
29344.963,0.1491065706780597
29344.964,0.14910593470621542
29344.965,0.149105296796307
29344.966,0.14910465719413604
29344.967,0.1491040164504141
29344.968,0.14910337449196262
29344.969,0.1491027315469904
29344.97,0.14910208765369806
29344.971,0.14910144324924487
29344.972,0.14910079831221304
29344.973,0.14910015274496005
29344.974,0.14909950703459904
29344.975,0.14909886118785196
29344.976,0.14909821569106407
29344.977,0.14909756992169282
29344.978,0.14909692439400196
29344.979,0.14909627949973125
29344.98,0.14909563467510253
29344.981,0.14909499019308112
29344.982,0.14909434629075802
29344.983,0.14909370303985825
29344.984,0.1490930607696921
29344.985,0.14909241965053543
29344.986,0.14909178023915007
29344.987,0.14909114219357433
29344.988,0.149090505852154
29344.989,0.14908987137653276
29344.99,0.1490892385417421
29344.991,0.1490886084835738
29344.992,0.14908798144607538
29344.993,0.1490873569641898
29344.994,0.14908673538146444
29344.995,0.14908611698207008
29344.996,0.14908550152614244
29344.997,0.149084888824227
29344.998,0.1490842789125356
29344.999,0.1490836720970513
29345.0,0.14908306854184372
29345.001,0.1490824680932084
29345.002,0.1490818709779469
29345.003,0.14908127723837894
29345.004,0.14908068694733093
29345.005,0.14908010055218093
29345.006,0.14907951739855288
29345.007,0.1490789378918704
29345.008,0.1490783627274931
29345.009,0.14907779163377888
29345.01,0.1490772248595444
29345.011,0.14907666215357604
29345.012,0.14907610362742277
29345.013,0.14907554868937356
29345.014,0.14907499699624757
29345.015,0.14907444895580274
29345.016,0.14907390441914906
29345.017,0.14907336347175737
29345.018,0.14907282619510306
29345.019,0.14907229311079342
29345.02,0.14907176380049178
29345.021,0.1490712379799934
29345.022,0.14907071582312284
29345.023,0.1490701973688498
29345.024,0.14906968315891977
29345.025,0.14906917354954036
29345.026,0.14906866808961394
29345.027,0.14906816647193183
29345.028,0.14906766923026915
29345.029,0.14906717602677136
29345.03,0.14906668629898467
29345.031,0.14906619975129015
29345.032,0.14906571637862523
29345.033,0.14906523673720692
29345.034,0.14906476099090837
29345.035,0.14906428888079779
29345.036,0.14906382023209835
29345.037,0.1490633552350391
29345.038,0.1490628937862861
29345.039,0.14906243608731448
29345.04,0.14906198165444431
29345.041,0.14906153126383803
29345.042,0.14906108454629932
29345.043,0.14906064161288884
29345.044,0.14906020202965595
29345.045,0.1490597661615963
29345.046,0.14905933326991558
29345.047,0.1490589028591008
29345.048,0.14905847507597844
29345.049,0.1490580499981994
29345.05,0.14905762750901358
29345.051,0.1490572076114652
29345.052,0.14905679021946472
29345.053,0.14905637491746157
29345.054,0.14905596188275894
29345.055,0.14905555130704637
29345.056,0.1490551420233535
29345.057,0.14905473463150026
29345.058,0.14905432919160488
29345.059,0.14905392595343048
29345.06,0.14905352414041761
29345.061,0.14905312388928543
29345.062,0.14905272474437628
29345.063,0.14905232619911257
29345.064,0.1490519274678391
29345.065,0.14905152890480178
29345.066,0.14905113039547513
29345.067,0.14905073209088546
29345.068,0.14905033314255553
29345.069,0.1490499336105999
29345.07,0.14904953336112642
29345.071,0.14904913224537958
29345.072,0.14904872971283717
29345.073,0.14904832570007867
29345.074,0.14904792011717263
29345.075,0.1490475133347501
29345.076,0.1490471055126964
29345.077,0.14904669578254567
29345.078,0.14904628418467442
29345.079,0.14904587009948903
29345.08,0.14904545248572848
29345.081,0.14904503153507692
29345.082,0.14904460734296393
29345.083,0.14904417966117356
29345.084,0.1490437488166505
29345.085,0.14904331466041437
29345.086,0.149042877141377
29345.087,0.14904243555339566
29345.088,0.14904199049404154
29345.089,0.14904154170683936
29345.09,0.14904108879938666
29345.091,0.1490406324244883
29345.092,0.1490401725295031
29345.093,0.149039708723636
29345.094,0.1490392408757902
29345.095,0.14903876884312642
29345.096,0.14903829205951255
29345.097,0.14903781017158593
29345.098,0.14903732333718006
29345.099,0.1490368318079981
29345.1,0.14903633589716214
29345.101,0.1490358357641049
29345.102,0.14903533154880066
29345.103,0.1490348231047599
29345.104,0.14903431035327072
29345.105,0.14903379370998981
29345.106,0.14903327257033033
29345.107,0.14903274703683395
29345.108,0.14903221754835086
29345.109,0.14903168427964233
29345.11,0.14903114709535265
29345.111,0.14903060590181663
29345.112,0.14903006049179793
29345.113,0.1490295103018244
29345.114,0.1490289550746923
29345.115,0.14902839492681813
29345.116,0.14902783052099344
29345.117,0.14902726178185682
29345.118,0.14902668881675302
29345.119,0.14902611162001647
29345.12,0.14902552982682454
29345.121,0.14902494376841868
29345.122,0.14902435345001563
29345.123,0.14902375859908862
29345.124,0.14902315939378988
29345.125,0.14902255642216602
29345.126,0.14902194911225528
29345.127,0.14902133736788908
29345.128,0.14902072157933843
29345.129,0.14902010111705438
29345.13,0.1490194754682561
29345.131,0.14901884462522091
29345.132,0.1490182090084834
29345.133,0.14901756885557593
29345.134,0.14901692397824012
29345.135,0.1490162745119788
29345.136,0.14901562054964557
29345.137,0.14901496193193356
29345.138,0.14901429876312564
29345.139,0.14901363110220345
29345.14,0.149012958806965
29345.141,0.14901228257266647
29345.142,0.1490116025620509
29345.143,0.14901091876632325
29345.144,0.14901023083842066
29345.145,0.14900953914471307
29345.146,0.14900884314899832
29345.147,0.14900814285224018
29345.148,0.14900743856714505
29345.149,0.14900673063393757
29345.15,0.149006019281846
29345.151,0.14900530510279653
29345.152,0.14900458787943172
29345.153,0.14900386793234818
29345.154,0.14900314564903328
29345.155,0.14900242147354473
29345.156,0.1490016949070886
29345.157,0.14900096637732857
29345.158,0.149000236688623
29345.159,0.14899950642186274
29345.16,0.1489987752826906
29345.161,0.1489980440005357
29345.162,0.1489973122453312
29345.163,0.14899657994781376
29345.164,0.14899584705243368
29345.165,0.1489951144195631
29345.166,0.14899438225393546
29345.167,0.14899365136163883
29345.168,0.1489929219617262
29345.169,0.1489921942858171
29345.17,0.1489914683995494
29345.171,0.14899074482624985
29345.172,0.148990023616168
29345.173,0.14898930509897257
29345.174,0.14898858919350347
29345.175,0.1489878769610992
29345.176,0.14898716781611573
29345.177,0.1489864615841537
29345.178,0.14898575904518968
29345.179,0.14898506003111156
29345.18,0.14898436427654418
29345.181,0.14898367159405593
29345.182,0.14898298215121905
29345.183,0.14898229572992683
29345.184,0.14898161270987648
29345.185,0.14898093296366244
29345.186,0.14898025623111089
29345.187,0.1489795824901433
29345.188,0.14897891201643124
29345.189,0.14897824449375138
29345.19,0.1489775797544067
29345.191,0.14897691826670192
29345.192,0.14897625954976626
29345.193,0.1489756033626372
29345.194,0.14897494949844364
29345.195,0.14897429821527175
29345.196,0.1489736488484325
29345.197,0.1489730006854641
29345.198,0.14897235351953642
29345.199,0.14897170726707504
29345.2,0.14897106220476145
29345.201,0.14897041759016683
29345.202,0.1489697730552602
29345.203,0.14896912845246038
29345.204,0.14896848373509688
29345.205,0.14896783870031052
29345.206,0.14896719273079287
29345.207,0.1489665457900439
29345.208,0.14896589874296687
29345.209,0.14896525092206414
29345.21,0.14896460167319436
29345.211,0.1489639508652084
29345.212,0.14896329830302615
29345.213,0.1489626438353881
29345.214,0.1489619871204486
29345.215,0.14896132833967618
29345.216,0.14896066715116327
29345.217,0.14896000366766549
29345.218,0.14895933807241857
29345.219,0.148958670380004
29345.22,0.14895800031612869
29345.221,0.14895732813541143
29345.222,0.14895665358084928
29345.223,0.1489559771779671
29345.224,0.14895529912970248
29345.225,0.14895462005401885
29345.226,0.14895393970418241
29345.227,0.14895325830786177
29345.228,0.14895257605419443
29345.229,0.14895189292018768
29345.23,0.14895120853739002
29345.231,0.14895052288705649
29345.232,0.1489498365693395
29345.233,0.14894914995733236
29345.234,0.14894846308440168
29345.235,0.14894777653413846
29345.236,0.1489470902975915
29345.237,0.1489464048352776
29345.238,0.14894572064373002
29345.239,0.148945037973465
29345.24,0.14894435675884307
29345.241,0.14894367741210904
29345.242,0.1489430005018567
29345.243,0.1489423260068055
29345.244,0.14894165400115683
29345.245,0.14894098471349093
29345.246,0.1489403181753573
29345.247,0.1489396545132299
29345.248,0.1489389935019418
29345.249,0.14893833565813683
29345.25,0.14893768093475207
29345.251,0.1489370296868364
29345.252,0.14893638193903916
29345.253,0.1489357383022145
29345.254,0.14893509886795042
29345.255,0.14893446409415667
29345.256,0.148933833226421
29345.257,0.14893320668347534
29345.258,0.1489325851091565
29345.259,0.14893196850481513
29345.26,0.1489313569289962
29345.261,0.1489307503033033
29345.262,0.14893014871061241
29345.263,0.14892955146627737
29345.264,0.14892895841335216
29345.265,0.1489283695830628
29345.266,0.14892778482800417
29345.267,0.14892720448738248
29345.268,0.1489266284462438
29345.269,0.14892605632276817
29345.27,0.14892548826697924
29345.271,0.14892492447403094
29345.272,0.148924364685804
29345.273,0.1489238085592552
29345.274,0.1489232558082253
29345.275,0.14892270744182956
29345.276,0.1489221629209266
29345.277,0.14892162236084328
29345.278,0.14892108520026628
29345.279,0.14892055077696087
29345.28,0.14892001863021592
29345.281,0.14891948866932259
29345.282,0.14891896132103025
29345.283,0.14891843616082182
29345.284,0.14891791351712413
29345.285,0.1489173931795895
29345.286,0.148916874623897
29345.287,0.14891635813424223
29345.288,0.1489158437222969
29345.289,0.1489153311918321
29345.29,0.14891482013163565
29345.291,0.14891431120695064
29345.292,0.14891380445481053
29345.293,0.1489132997456853
29345.294,0.14891279669317134
29345.295,0.14891229524093919
29345.296,0.14891179475070196
29345.297,0.14891129482994936
29345.298,0.14891079545711478
29345.299,0.14891029732851688
29345.3,0.14890980007144894
29345.301,0.14890930351342774
29345.302,0.14890880792187453
29345.303,0.14890831358915319
29345.304,0.14890782018497212
29345.305,0.1489073279643516
29345.306,0.14890683659477238
29345.307,0.14890634616106851
29345.308,0.1489058573783025
29345.309,0.14890537017759942
29345.31,0.1489048849778405
29345.311,0.14890440201871497
29345.312,0.14890392132857916
29345.313,0.14890344224519522
29345.314,0.14890296431133238
29345.315,0.1489024879458775
29345.316,0.14890201304094183
29345.317,0.1489015403827898
29345.318,0.14890106984325455
29345.319,0.14890060175691044
29345.32,0.14890013664827798
29345.321,0.14889967463171108
29345.322,0.1488992158662046
29345.323,0.14889876043204453
29345.324,0.14889830778644242
29345.325,0.1488978594860575
29345.326,0.1488974151600232
29345.327,0.14889697471816146
29345.328,0.14889653817125909
29345.329,0.14889610574041134
29345.33,0.14889567703561213
29345.331,0.1488952520103922
29345.332,0.1488948308725382
29345.333,0.14889441355906646
29345.334,0.1488940008805357
29345.335,0.14889359303387475
29345.336,0.1488931895117025
29345.337,0.14889279086688742
29345.338,0.1488923969487523
29345.339,0.14889200782345896
29345.34,0.1488916232766762
29345.341,0.14889124390661332
29345.342,0.14889087000704565
29345.343,0.14889050144729102
29345.344,0.1488901382091878
29345.345,0.14888977995788294
29345.346,0.14888942665832797
29345.347,0.14888907807485946
29345.348,0.14888873379910503
29345.349,0.14888839465608952
29345.35,0.14888806033986537
29345.351,0.14888773059903607
29345.352,0.14888740546323032
29345.353,0.1488870850323487
29345.354,0.14888676899722733
29345.355,0.14888645751854326
29345.356,0.14888614977427847
29345.357,0.14888584594756285
29345.358,0.14888554619875669
29345.359,0.14888525084400295
29345.36,0.1488849593021603
29345.361,0.1488846709612136
29345.362,0.14888438584230693
29345.363,0.1488841027215171
29345.364,0.1488838216525485
29345.365,0.14888354266460782
29345.366,0.14888326591619225
29345.367,0.14888299139316497
29345.368,0.14888271855929844
29345.369,0.14888244705571121
29345.37,0.14888217629813116
29345.371,0.14888190630576448
29345.372,0.1488816368793452
29345.373,0.14888136759191845
29345.374,0.14888109803851377
29345.375,0.1488808288840279
29345.376,0.14888055950306742
29345.377,0.1488802894865149
29345.378,0.14888001879237803
29345.379,0.1488797471778165
29345.38,0.14887947390068199
29345.381,0.1488791984304895
29345.382,0.148878920665806
29345.383,0.14887864043209642
29345.384,0.14887835790166032
29345.385,0.14887807260161878
29345.386,0.1488777841724763
29345.387,0.1488774923425664
29345.388,0.14887719727181503
29345.389,0.14887689886424754
29345.39,0.14887659644278428
29345.391,0.14887629054538734
29345.392,0.14887598069436037
29345.393,0.1488756664339487
29345.394,0.1488753475012416
29345.395,0.14887502430812885
29345.396,0.14887469636238426
29345.397,0.14887436299891316
29345.398,0.14887402392784224
29345.399,0.14887367937716592
29345.4,0.14887332896213534
29345.401,0.148872973098979
29345.402,0.148872611604892
29345.403,0.14887224450364606
29345.404,0.14887187163886123
29345.405,0.1488714933904447
29345.406,0.14887110944151585
29345.407,0.14887071984215644
29345.408,0.14887032530381042
29345.409,0.14886992580974823
29345.41,0.14886952081452623
29345.411,0.1488691101100414
29345.412,0.1488686936168749
29345.413,0.1488682711725713
29345.414,0.1488678427399521
29345.415,0.14886740851448016
29345.416,0.14886696869929947
29345.417,0.14886652351010607
29345.418,0.14886607279118155
29345.419,0.14886561702722612
29345.42,0.1488651559732481
29345.421,0.14886468938769043
29345.422,0.1488642177944884
29345.423,0.1488637409215242
29345.424,0.14886325922131668
29345.425,0.14886277377833776
29345.426,0.14886228391486325
29345.427,0.14886178947909287
29345.428,0.14886129063729234
29345.429,0.14886078760502233
29345.43,0.14886027948590155
29345.431,0.14885976629322217
29345.432,0.1488592485649891
29345.433,0.1488587265850545
29345.434,0.14885820069481004
29345.435,0.14885767059499136
29345.436,0.14885713625704655
29345.437,0.14885659809764118
29345.438,0.14885605568496627
29345.439,0.14885550941509057
29345.44,0.14885495863087678
29345.441,0.1488544042091545
29345.442,0.14885384629094528
29345.443,0.1488532847950192
29345.444,0.14885271932505717
29345.445,0.1488521501890822
29345.446,0.14885157710090796
29345.447,0.14885099915969932
29345.448,0.1488504165973664
29345.449,0.1488498298289879
29345.45,0.1488492384531655
29345.451,0.1488486429354003
29345.452,0.14884804358085477
29345.453,0.14884743996517927
29345.454,0.14884683199375692
29345.455,0.14884621950245663
29345.456,0.14884560215728065
29345.457,0.1488449805307252
29345.458,0.14884435519384406
29345.459,0.14884372595914946
29345.46,0.14884309242054014
29345.461,0.14884245492739562
29345.462,0.14884181327765653
29345.463,0.1488411668439566
29345.464,0.1488405154010664
29345.465,0.14883985898644558
29345.466,0.14883919768480827
29345.467,0.14883853168839384
29345.468,0.1488378609716523
29345.469,0.14883718545130917
29345.47,0.1488365051934857
29345.471,0.14883582082822383
29345.472,0.1488351322168742
29345.473,0.14883443903320664
29345.474,0.14883374114207776
29345.475,0.14883303950074
29345.476,0.1488323342358747
29345.477,0.14883162463442282
29345.478,0.1488309109996456
29345.479,0.14883019296948402
29345.48,0.14882946983668072
29345.481,0.1488287418651952
29345.482,0.1488280095117389
29345.483,0.14882727292374284
29345.484,0.14882653234790252
29345.485,0.148825787719656
29345.486,0.148825039118915
29345.487,0.14882428675980128
29345.488,0.14882353123431702
29345.489,0.14882277145357556
29345.49,0.14882200724950054
29345.491,0.14882123972437586
29345.492,0.1488204687747923
29345.493,0.14881969438813877
29345.494,0.14881891665667957
29345.495,0.14881813561940857
29345.496,0.14881735064792856
29345.497,0.14881656127942025
29345.498,0.14881576773660038
29345.499,0.14881497037132535
29345.5,0.14881416904799655
29345.501,0.1488133638470275
29345.502,0.14881255480384842
29345.503,0.1488117418397271
29345.504,0.148810924940105
29345.505,0.14881010469597675
29345.506,0.1488092801731927
29345.507,0.14880845140563592
29345.508,0.14880761888027666
29345.509,0.14880678286496024
29345.51,0.14880594263032038
29345.511,0.1488050982121835
29345.512,0.14880424961856648
29345.513,0.14880339648142293
29345.514,0.14880253767546792
29345.515,0.14880167370279734
29345.516,0.14880080515878746
29345.517,0.14879993183237541
29345.518,0.14879905387568748
29345.519,0.14879817161804682
29345.52,0.14879728459639502
29345.521,0.14879639302792638
29345.522,0.1487954968731798
29345.523,0.14879459586356023
29345.524,0.14879369024401756
29345.525,0.14879278030101944
29345.526,0.14879186593904634
29345.527,0.14879094635012155
29345.528,0.14879002213955603
29345.529,0.1487890933888832
29345.53,0.14878815926968372
29345.531,0.14878722016553447
29345.532,0.14878627634208091
29345.533,0.14878532809383566
29345.534,0.14878437548402096
29345.535,0.14878341833238343
29345.536,0.14878245674826265
29345.537,0.148781491171901
29345.538,0.14878052182234086
29345.539,0.14877954845960562
29345.54,0.14877857115416177
29345.541,0.1487775911278362
29345.542,0.1487766085578095
29345.543,0.14877562335526065
29345.544,0.14877463531532512
29345.545,0.1487736448997435
29345.546,0.14877265177169835
29345.547,0.1487716559000355
29345.548,0.14877065794516067
29345.549,0.14876965777903545
29345.55,0.14876865577450402
29345.551,0.148767652491564
29345.552,0.1487666479988081
29345.553,0.14876564251197819
29345.554,0.1487646366191668
29345.555,0.14876363082815097
29345.556,0.14876262494009448
29345.557,0.14876161935947388
29345.558,0.1487606143311455
29345.559,0.14875961032192048
29345.56,0.14875860737397983
29345.561,0.14875760583466768
29345.562,0.14875660526498022
29345.563,0.14875560573272037
29345.564,0.14875460685291475
29345.565,0.14875360930391934
29345.566,0.14875261330825507
29345.567,0.14875161897945782
29345.568,0.1487506263160582
29345.569,0.1487496353403633
29345.57,0.148748646547015
29345.571,0.14874765996681044
29345.572,0.14874667563085914
29345.573,0.14874569367509544
29345.574,0.148744714203348
29345.575,0.14874373807775038
29345.576,0.14874276515605486
29345.577,0.1487417945678724
29345.578,0.1487408265540064
29345.579,0.14873986077194618
29345.58,0.14873889644441668
29345.581,0.14873793411606054
29345.582,0.14873697399772984
29345.583,0.14873601587850246
29345.584,0.148735059844552
29345.585,0.1487341058193041
29345.586,0.14873315354210875
29345.587,0.1487322026653508
29345.588,0.14873125343045135
29345.589,0.1487303053127566
29345.59,0.1487293587771229
29345.591,0.14872841378878968
29345.592,0.14872747044887655
29345.593,0.1487265285048583
29345.594,0.14872558781590206
29345.595,0.1487246480404952
29345.596,0.14872370872339602
29345.597,0.14872276925799408
29345.598,0.1487218296212088
29345.599,0.14872089020197765
29345.6,0.1487199507075005
29345.601,0.14871901129304266
29345.602,0.1487180719341658
29345.603,0.1487171324593265
29345.604,0.14871619276222842
29345.605,0.1487152528384403
29345.606,0.14871431194686602
29345.607,0.1487133702396296
29345.608,0.14871242849925279
29345.609,0.14871148633489775
29345.61,0.14871054317556945
29345.611,0.1487095992822437
29345.612,0.14870865445846776
29345.613,0.14870770873573627
29345.614,0.14870676107841885
29345.615,0.14870581239380756
29345.616,0.14870486228343524
29345.617,0.14870391071467765
29345.618,0.14870295780683507
29345.619,0.14870200369122638
29345.62,0.14870104827148187
29345.621,0.14870009130662099
29345.622,0.14869913283147038
29345.623,0.14869817296928278
29345.624,0.14869721175072553
29345.625,0.14869624959833927
29345.626,0.1486952865200052
29345.627,0.14869432207329367
29345.628,0.14869335649599644
29345.629,0.14869238945089835
29345.63,0.14869142017710935
29345.631,0.14869044886405947
29345.632,0.1486894758460007
29345.633,0.14868850094413516
29345.634,0.1486875241214838
29345.635,0.14868654555003938
29345.636,0.14868556562224208
29345.637,0.1486845838589038
29345.638,0.14868360022116753
29345.639,0.1486826143077514
29345.64,0.1486816266037232
29345.641,0.14868063728634792
29345.642,0.14867964618708487
29345.643,0.14867865302696498
29345.644,0.1486776578124328
29345.645,0.14867666054995207
29345.646,0.14867566087750703
29345.647,0.1486746580482765
29345.648,0.14867365198927496
29345.649,0.14867264314641726
29345.65,0.14867163149594492
29345.651,0.1486706171189383
29345.652,0.14866959988881448
29345.653,0.14866857949770035
29345.654,0.1486675561619996
29345.655,0.14866652986790357
29345.656,0.1486654999732727
29345.657,0.14866446703909886
29345.658,0.14866343111069288
29345.659,0.1486623921377387
29345.66,0.14866134996709693
29345.661,0.14866030428715363
29345.662,0.14865925429753862
29345.663,0.1486582000397505
29345.664,0.1486571412020237
29345.665,0.1486560780868307
29345.666,0.1486550109874178
29345.667,0.14865394004178767
29345.668,0.1486528652318983
29345.669,0.14865178654883554
29345.67,0.14865070428116425
29345.671,0.14864961808248162
29345.672,0.14864852808874277
29345.673,0.14864743433758174
29345.674,0.1486463363666285
29345.675,0.1486452352629902
29345.676,0.14864413090024625
29345.677,0.1486430226522071
29345.678,0.14864191121252768
29345.679,0.1486407968446476
29345.68,0.14863967889008264
29345.681,0.14863855760726993
29345.682,0.14863743327606618
29345.683,0.1486363056548287
29345.684,0.14863517516363295
29345.685,0.14863404218163132
29345.686,0.14863290658814673
29345.687,0.14863176896138833
29345.688,0.14863062939121052
29345.689,0.1486294877901722
29345.69,0.14862834439235587
29345.691,0.14862719984059092
29345.692,0.14862605458836012
29345.693,0.14862490844075996
29345.694,0.14862376163285096
29345.695,0.148622614135635
29345.696,0.1486214661549026
29345.697,0.14862031737451292
29345.698,0.14861916813225848
29345.699,0.14861801872955976
29345.7,0.1486168695002674
29345.701,0.148615721024179
29345.702,0.14861457332378614
29345.703,0.14861342642266215
29345.704,0.14861228043496572
29345.705,0.14861113578294266
29345.706,0.14860999231334693
29345.707,0.14860885041708527
29345.708,0.14860771094309955
29345.709,0.14860657382211376
29345.71,0.14860543891157058
29345.711,0.14860430638325586
29345.712,0.14860317613775767
29345.713,0.1486020480951247
29345.714,0.14860092152860765
29345.715,0.14859979724676742
29345.716,0.1485986755339862
29345.717,0.1485975562073055
29345.718,0.14859643943615494
29345.719,0.1485953254312327
29345.72,0.14859421400564876
29345.721,0.148593105526388
29345.722,0.14859200009680218
29345.723,0.14859089745196757
29345.724,0.1485897974608952
29345.725,0.1485887007954797
29345.726,0.14858760715527475
29345.727,0.1485865163805421
29345.728,0.14858542808250483
29345.729,0.14858434238386978
29345.73,0.14858325855641027
29345.731,0.14858217651693034
29345.732,0.14858109639707143
29345.733,0.14858001794401857
29345.734,0.14857894162166344
29345.735,0.14857786712835097
29345.736,0.14857679435835694
29345.737,0.1485757232171349
29345.738,0.14857465360604036
29345.739,0.14857358544727037
29345.74,0.14857251853761777
29345.741,0.14857145339012826
29345.742,0.14857038981695803
29345.743,0.14856932733165523
29345.744,0.1485682657084437
29345.745,0.1485672049495544
29345.746,0.148566144770807
29345.747,0.148565084417895
29345.748,0.14856402395446455
29345.749,0.1485629638114274
29345.75,0.14856190326275012
29345.751,0.14856084263463595
29345.752,0.148559781785881
29345.753,0.1485587208365772
29345.754,0.14855765974957122
29345.755,0.14855659833666435
29345.756,0.14855553628688248
29345.757,0.14855447366477453
29345.758,0.14855341056341168
29345.759,0.14855234709854534
29345.76,0.14855128298604142
29345.761,0.14855021793708167
29345.762,0.14854915212796468
29345.763,0.14854808571866743
29345.764,0.1485470176872568
29345.765,0.14854594832642662
29345.766,0.14854487813243483
29345.767,0.14854380696005545
29345.768,0.1485427349808727
29345.769,0.1485416622670505
29345.77,0.148540589066735
29345.771,0.14853951542879165
29345.772,0.1485384414332061
29345.773,0.14853736698348577
29345.774,0.1485362921790068
29345.775,0.1485352183189358
29345.776,0.14853414449127686
29345.777,0.14853307077081354
29345.778,0.14853199777734286
29345.779,0.14853092524219652
29345.78,0.14852985227529494
29345.781,0.14852877959538213
29345.782,0.14852770744546198
29345.783,0.14852663588699785
29345.784,0.1485255653753971
29345.785,0.1485244962446907
29345.786,0.14852342831135415
29345.787,0.14852236213725434
29345.788,0.14852129787466922
29345.789,0.14852023593834732
29345.79,0.14851917629089378
29345.791,0.14851811955343544
29345.792,0.1485170656767858
29345.793,0.148516014259902
29345.794,0.14851496580490425
29345.795,0.14851392042768174
29345.796,0.14851287780457545
29345.797,0.14851183764514456
29345.798,0.14851080031567432
29345.799,0.1485097663232958
29345.8,0.1485087359137431
29345.801,0.14850770886770537
29345.802,0.14850668559820815
29345.803,0.14850566623477682
29345.804,0.14850465097331236
29345.805,0.1485036402863249
29345.806,0.14850263376023337
29345.807,0.1485016317723879
29345.808,0.14850063435379418
29345.809,0.14849964205712785
29345.81,0.14849865449587693
29345.811,0.14849767137777498
29345.812,0.14849669311148933
29345.813,0.14849571945726858
29345.814,0.14849474990288478
29345.815,0.1484937848018996
29345.816,0.14849282418488072
29345.817,0.14849186807530076
29345.818,0.14849091703551137
29345.819,0.14848997097354125
29345.82,0.14848902990882726
29345.821,0.1484880937875741
29345.822,0.14848716251354233
29345.823,0.14848623574607103
29345.824,0.14848531359035705
29345.825,0.14848439664945226
29345.826,0.14848348450497384
29345.827,0.14848257699540995
29345.828,0.14848167402045093
29345.829,0.1484807759336659
29345.83,0.14847988168105314
29345.831,0.14847899130751901
29345.832,0.14847810509077636
29345.833,0.14847722330677543
29345.834,0.1484763457123225
29345.835,0.14847547205051315
29345.836,0.14847460275026558
29345.837,0.1484737376100155
29345.838,0.148472876429241
29345.839,0.1484720198395531
29345.84,0.14847116730496165
29345.841,0.14847031942533126
29345.842,0.14846947592957563
29345.843,0.1484686367329438
29345.844,0.14846780202840762
29345.845,0.14846697159033023
29345.846,0.148466144827461
29345.847,0.14846532143230595
29345.848,0.14846450115602727
29345.849,0.14846368482024044
29345.85,0.14846287213642814
29345.851,0.14846206361099878
29345.852,0.14846125890971512
29345.853,0.14846045789664242
29345.854,0.14845966026584545
29345.855,0.1484588663628389
29345.856,0.14845807574352826
29345.857,0.14845728886960202
29345.858,0.1484565059591499
29345.859,0.14845572715677302
29345.86,0.14845495202622383
29345.861,0.1484541804640486
29345.862,0.14845341240666285
29345.863,0.14845264718456308
29345.864,0.14845188443656643
29345.865,0.14845112467815558
29345.866,0.1484503679784303
29345.867,0.14844961431570783
29345.868,0.14844886353411485
29345.869,0.1484481154258196
29345.87,0.14844737024678906
29345.871,0.14844662779348228
29345.872,0.14844588753310817
29345.873,0.14844514966510083
29345.874,0.1484444144160754
29345.875,0.14844368175514203
29345.876,0.14844295129191562
29345.877,0.1484422231710756
29345.878,0.14844149712981136
29345.879,0.14844077274711165
29345.88,0.14844004919801718
29345.881,0.1484393269277528
29345.882,0.14843860594763938
29345.883,0.14843788606017927
29345.884,0.14843716731933423
29345.885,0.14843644988160976
29345.886,0.1484357334108009
29345.887,0.1484350180493601
29345.888,0.1484343034140365
29345.889,0.14843358901136697
29345.89,0.14843287496404878
29345.891,0.14843216162186862
29345.892,0.14843144923151105
29345.893,0.14843073755402145
29345.894,0.1484300267822437
29345.895,0.14842931645856786
29345.896,0.14842860603840674
29345.897,0.14842789529574665
29345.898,0.14842718443037353
29345.899,0.14842647398468994
29345.9,0.14842576355552237
29345.901,0.14842505328548514
29345.902,0.14842434344853686
29345.903,0.14842363402535472
29345.904,0.1484229252704117
29345.905,0.1484222172172393
29345.906,0.1484215092192121
29345.907,0.14842080180275172
29345.908,0.14842009514447907
29345.909,0.1484193899266673
29345.91,0.14841868562472477
29345.911,0.1484179822484621
29345.912,0.14841728029473472
29345.913,0.14841657890728177
29345.914,0.14841587758020347
29345.915,0.14841517685708322
29345.916,0.14841447707011973
29345.917,0.1484137782028516
29345.918,0.148413080462862
29345.919,0.14841238398625833
29345.92,0.14841168889704304
29345.921,0.14841099517445452
29345.922,0.14841030314084142
29345.923,0.1484096125594832
29345.924,0.14840892349351067
29345.925,0.14840823679968343
29345.926,0.14840755230482303
29345.927,0.14840686986701954
29345.928,0.14840618965549304
29345.929,0.1484055114620028
29345.93,0.148404834320341
29345.931,0.14840415873519244
29345.932,0.14840348487006655
29345.933,0.14840281292349083
29345.934,0.1484021426199144
29345.935,0.14840147449386779
29345.936,0.14840080806339387
29345.937,0.14840014324997092
29345.938,0.14839948013620896
29345.939,0.14839881881230974
29345.94,0.1483981588503103
29345.941,0.14839750070633148
29345.942,0.14839684448812254
29345.943,0.1483961899072726
29345.944,0.14839553652462548
29345.945,0.14839488421942437
29345.946,0.14839423311652042
29345.947,0.1483935824819436
29345.948,0.14839293187594219
29345.949,0.14839228188796702
29345.95,0.14839163192955773
29345.951,0.14839098246740068
29345.952,0.14839033323574752
29345.953,0.14838968420705753
29345.954,0.14838903531232253
29345.955,0.14838838652997474
29345.956,0.14838773737484143
29345.957,0.14838708784544127
29345.958,0.1483864378090587
29345.959,0.14838578747319672
29345.96,0.14838513654078278
29345.961,0.14838448485257952
29345.962,0.1483838323202742
29345.963,0.14838317857565886
29345.964,0.1483825233662766
29345.965,0.14838186665085595
29345.966,0.1483812086251041
29345.967,0.14838054925319505
29345.968,0.14837988810321046
29345.969,0.14837922510328702
29345.97,0.14837856050638917
29345.971,0.14837789398962714
29345.972,0.14837722575592643
29345.973,0.14837655616911033
29345.974,0.14837588491247397
29345.975,0.14837521212879767
29345.976,0.14837453809005635
29345.977,0.14837386259963625
29345.978,0.14837318538167607
29345.979,0.14837250617866463
29345.98,0.14837182462936033
29345.981,0.14837114084099595
29345.982,0.14837045472440366
29345.983,0.14836976635808485
29345.984,0.14836907605490862
29345.985,0.1483683838278658
29345.986,0.1483676897533382
29345.987,0.14836699374786105
29345.988,0.14836629613009014
29345.989,0.14836559697139293
29345.99,0.14836489624794894
29345.991,0.14836419443629334
29345.992,0.14836349179201577
29345.993,0.14836278839647843
29345.994,0.1483620840115461
29345.995,0.14836137886997286
29345.996,0.14836067280783702
29345.997,0.14835996571046506
29345.998,0.1483592577771667
29345.999,0.14835854928752515
29346.0,0.148357840193801
29346.001,0.1483571308163814
29346.002,0.14835642171708546
29346.003,0.14835571263345682
29346.004,0.1483550037392633
29346.005,0.14835429535668562
29346.006,0.14835358761885897
29346.007,0.14835288086339668
29346.008,0.1483521756855309
29346.009,0.14835147225090176
29346.01,0.1483507705737797
29346.011,0.14835007074581905
29346.012,0.14834937274909274
29346.013,0.14834867653117967
29346.014,0.14834798223484824
29346.015,0.1483472904446563
29346.016,0.1483466015678361
29346.017,0.14834591549554663
29346.018,0.14834523279226333
29346.019,0.1483445535397965
29346.02,0.14834387806366256
29346.021,0.14834320651364552
29346.022,0.14834253935203645
29346.023,0.14834187641506208
29346.024,0.1483412176790148
29346.025,0.14834056442384835
29346.026,0.14833991654481773
29346.027,0.1483392734850635
29346.028,0.1483386356133102
29346.029,0.14833800303818875
29346.03,0.14833737491292945
29346.031,0.14833675196884877
29346.032,0.14833613420056582
29346.033,0.1483355216967094
29346.034,0.14833491441640392
29346.035,0.14833431261722801
29346.036,0.14833371599987075
29346.037,0.14833312523419578
29346.038,0.1483325400804318
29346.039,0.1483319602926475
29346.04,0.14833138596976603
29346.041,0.1483308172621908
29346.042,0.14833025489753074
29346.043,0.14832969832103465
29346.044,0.14832914713471296
29346.045,0.14832860132375725
29346.046,0.14832806054462186
29346.047,0.14832752393654067
29346.048,0.14832699158334917
29346.049,0.1483264641822584
29346.05,0.14832594133573931
29346.051,0.14832542281667954
29346.052,0.14832490826815167
29346.053,0.14832439759758953
29346.054,0.14832389075011168
29346.055,0.14832338742942827
29346.056,0.14832288732284923
29346.057,0.14832239055111757
29346.058,0.1483218973570348
29346.059,0.1483214077797232
29346.06,0.14832092126099272
29346.061,0.14832043734594644
29346.062,0.14831995611624413
29346.063,0.1483194771125935
29346.064,0.148318999197555
29346.065,0.1483185225488019
29346.066,0.14831804696606513
29346.067,0.1483175723811836
29346.068,0.14831709878214175
29346.069,0.14831662632268153
29346.07,0.14831615512610852
29346.071,0.14831568452316748
29346.072,0.14831521448127147
29346.073,0.14831474438801795
29346.074,0.14831427400350294
29346.075,0.14831380395523147
29346.076,0.14831333411735786
29346.077,0.1483128640561509
29346.078,0.14831239325165868
29346.079,0.14831192175368094
29346.08,0.14831144880122277
29346.081,0.14831097429779336
29346.082,0.14831049833095766
29346.083,0.14831002074068309
29346.084,0.1483095415458276
29346.085,0.14830906099183208
29346.086,0.1483085789116292
29346.087,0.1483080948814826
29346.088,0.1483076090192778
29346.089,0.14830712086642997
29346.09,0.14830663017831505
29346.091,0.14830613744817872
29346.092,0.1483056425394473
29346.093,0.14830514558156893
29346.094,0.1483046461900759
29346.095,0.14830414427012903
29346.096,0.14830363944517275
29346.097,0.14830313140616827
29346.098,0.14830261993533597
29346.099,0.14830210555727283
29346.1,0.1483015880493028
29346.101,0.1483010673307081
29346.102,0.1483005436681692
29346.103,0.14830001674316035
29346.104,0.14829948690325895
29346.105,0.1482989543439428
29346.106,0.14829841846949005
29346.107,0.14829787938920272
29346.108,0.14829733787816446
29346.109,0.14829679392796913
29346.11,0.14829624748628442
29346.111,0.14829569849005228
29346.112,0.1482951466885512
29346.113,0.14829459211428592
29346.114,0.14829403466971489
29346.115,0.14829347434246318
29346.116,0.14829291122880198
29346.117,0.14829234559048918
29346.118,0.14829177796935483
29346.119,0.14829120837732826
29346.12,0.14829063710984688
29346.121,0.14829006437330208
29346.122,0.14828949008650652
29346.123,0.1482889137679285
29346.124,0.14828833612316147
29346.125,0.1482877582289823
29346.126,0.14828717976438402
29346.127,0.14828660033581714
29346.128,0.1482860207526857
29346.129,0.14828544088208143
29346.13,0.14828486031879876
29346.131,0.1482842793473379
29346.132,0.14828369823572823
29346.133,0.14828311730397892
29346.134,0.14828253718618956
29346.135,0.1482819577768604
29346.136,0.1482813793380787
29346.137,0.14828080248009293
29346.138,0.14828022689155318
29346.139,0.14827965320987913
29346.14,0.14827908141993126
29346.141,0.14827851192888528
29346.142,0.14827794507250722
29346.143,0.1482773805079152
29346.144,0.14827681879905086
29346.145,0.1482762600491434
29346.146,0.1482757041421129
29346.147,0.14827515071645594
29346.148,0.14827459946698132
29346.149,0.14827405141493372
29346.15,0.14827350600481826
29346.151,0.1482729637900769
29346.152,0.14827242532744245
29346.153,0.14827189030989057
29346.154,0.14827135898609953
29346.155,0.14827083146772962
29346.156,0.14827030762999296
29346.157,0.14826978746872851
29346.158,0.14826927151180005
29346.159,0.148268759903851
29346.16,0.14826825243928884
29346.161,0.14826774890103575
29346.162,0.14826724957867146
29346.163,0.14826675388525404
29346.164,0.14826626100583035
29346.165,0.14826577173694713
29346.166,0.14826528600314176
29346.167,0.14826480400960412
29346.168,0.14826432549160043
29346.169,0.14826385072504955
29346.17,0.14826337940830542
29346.171,0.14826291161448857
29346.172,0.1482624474403692
29346.173,0.14826198642691704
29346.174,0.1482615291221972
29346.175,0.1482610758002944
29346.176,0.1482606260156637
29346.177,0.1482601791632971
29346.178,0.14825973567909742
29346.179,0.14825929547157748
29346.18,0.14825885777688091
29346.181,0.14825842248343946
29346.182,0.14825798955342043
29346.183,0.1482575591060754
29346.184,0.1482571315429543
29346.185,0.14825670653573264
29346.186,0.14825628364205667
29346.187,0.14825586291248088
29346.188,0.14825544450193673
29346.189,0.14825502838809645
29346.19,0.1482546143808322
29346.191,0.1482542031320021
29346.192,0.14825379458521137
29346.193,0.1482533885766894
29346.194,0.1482529845731477
29346.195,0.14825258248369613
29346.196,0.148252182253012
29346.197,0.14825178333552969
29346.198,0.1482513851514719
29346.199,0.14825098861668626
29346.2,0.14825059324518775
29346.201,0.14825019914946724
29346.202,0.14824980615484917
29346.203,0.14824941415386028
29346.204,0.14824902299647957
29346.205,0.14824863301692925
29346.206,0.14824824333746395
29346.207,0.1482478543564517
29346.208,0.14824746636824285
29346.209,0.1482470791157993
29346.21,0.1482466924259062
29346.211,0.14824630586144824
29346.212,0.14824591943819104
29346.213,0.1482455326273313
29346.214,0.14824514472281408
29346.215,0.1482447557838602
29346.216,0.14824436559725293
29346.217,0.1482439744057725
29346.218,0.14824358189908862
29346.219,0.1482431880700652
29346.22,0.14824279292236314
29346.221,0.1482423960432106
29346.222,0.14824199683726885
29346.223,0.14824159529190076
29346.224,0.14824119171576183
29346.225,0.14824078622166748
29346.226,0.14824037851169924
29346.227,0.14823996807737388
29346.228,0.1482395551951359
29346.229,0.14823913929655552
29346.23,0.1482387194660443
29346.231,0.14823829573758543
29346.232,0.14823786831536567
29346.233,0.14823743666422975
29346.234,0.14823700101945914
29346.235,0.14823656108397726
29346.236,0.14823611708088047
29346.237,0.14823566862944676
29346.238,0.14823521550060142
29346.239,0.1482347579303054
29346.24,0.14823429505623692
29346.241,0.14823382765602816
29346.242,0.148233355858478
29346.243,0.14823287955277403
29346.244,0.1482323987129144
29346.245,0.14823191296829444
29346.246,0.14823142210174037
29346.247,0.14823092602690713
29346.248,0.14823042444564016
29346.249,0.14822991809182343
29346.25,0.14822940666993625
29346.251,0.14822889062095007
29346.252,0.14822836975943599
29346.253,0.1482278438914206
29346.254,0.14822731379735446
29346.255,0.14822677909774595
29346.256,0.1482262400976951
29346.257,0.14822569702772387
29346.258,0.14822515095342587
29346.259,0.14822460189680972
29346.26,0.14822404968210365
29346.261,0.148223494147884
29346.262,0.14822293554510507
29346.263,0.14822237371532493
29346.264,0.14822180835517917
29346.265,0.1482212405730039
29346.266,0.14822067069974823
29346.267,0.14822009923589366
29346.268,0.14821952632091065
29346.269,0.14821895251702033
29346.27,0.14821837768196283
29346.271,0.1482178025875888
29346.272,0.14821722710874374
29346.273,0.14821665111525378
29346.274,0.14821607541831475
29346.275,0.1482155006657421
29346.276,0.14821492715627962
29346.277,0.14821435468168287
29346.278,0.14821378422447504
29346.279,0.14821321555053582
29346.28,0.1482126482930691
29346.281,0.14821208287534704
29346.282,0.1482115198941909
29346.283,0.14821095999142797
29346.284,0.14821040326100288
29346.285,0.1482098495067821
29346.286,0.14820929911105218
29346.287,0.14820875251570922
29346.288,0.14820820996533768
29346.289,0.14820767152031122
29346.29,0.14820713717135928
29346.291,0.14820660757229906
29346.292,0.14820608323416568
29346.293,0.14820556402017873
29346.294,0.14820504978805785
29346.295,0.1482045406969897
29346.296,0.14820403671916887
29346.297,0.14820353722320573
29346.298,0.14820304173583104
29346.299,0.14820255142024935
29346.3,0.148202065896524
29346.301,0.1482015852861277
29346.302,0.14820110963192376
29346.303,0.1482006390855179
29346.304,0.14820017360121876
29346.305,0.1481997132202962
29346.306,0.14819925709661325
29346.307,0.1481988052970962
29346.308,0.14819835832812703
29346.309,0.14819791580569863
29346.31,0.14819747745565404
29346.311,0.14819704274536943
29346.312,0.14819661222186775
29346.313,0.14819618430414971
29346.314,0.14819575875485272
29346.315,0.14819533557498665
29346.316,0.14819491468039528
29346.317,0.14819449613653624
29346.318,0.14819407935128864
29346.319,0.14819366409394935
29346.32,0.1481932500491216
29346.321,0.1481928368587569
29346.322,0.14819242422409576
29346.323,0.14819201177998062
29346.324,0.1481915993518345
29346.325,0.14819118756099325
29346.326,0.14819077571859723
29346.327,0.14819036297202437
29346.328,0.1481899492121842
29346.329,0.14818953377803118
29346.33,0.1481891161310103
29346.331,0.14818869601060797
29346.332,0.14818827295115075
29346.333,0.1481878472822017
29346.334,0.14818741895959345
29346.335,0.14818698753560355
29346.336,0.14818655271138267
29346.337,0.1481861143292612
29346.338,0.14818567243101247
29346.339,0.1481852270281101
29346.34,0.14818477740835845
29346.341,0.1481843245603415
29346.342,0.14818386829050864
29346.343,0.14818340822647946
29346.344,0.14818294426522974
29346.345,0.14818247605058849
29346.346,0.1481820034073599
29346.347,0.14818152597101442
29346.348,0.1481810432397924
29346.349,0.14818055598231142
29346.35,0.14818006433082842
29346.351,0.14817956812078178
29346.352,0.1481790681232777
29346.353,0.14817856431807108
29346.354,0.1481780571844497
29346.355,0.14817754672880315
29346.356,0.14817703318997877
29346.357,0.1481765164506957
29346.358,0.14817599722210714
29346.359,0.14817547547874588
29346.36,0.14817495132888528
29346.361,0.14817442515505694
29346.362,0.14817389732971156
29346.363,0.14817336814308796
29346.364,0.14817283683170043
29346.365,0.14817230399693235
29346.366,0.14817177000926798
29346.367,0.14817123519034778
29346.368,0.14817070012716066
29346.369,0.14817016527946336
29346.37,0.14816963066812733
29346.371,0.14816909669876213
29346.372,0.14816856316736407
29346.373,0.14816803017920027
29346.374,0.1481674989979622
29346.375,0.14816697012942567
29346.376,0.14816644377263957
29346.377,0.14816591980137525
29346.378,0.14816539918281046
29346.379,0.14816488142067125
29346.38,0.14816436585096981
29346.381,0.14816385272374352
29346.382,0.14816334229884254
29346.383,0.14816283492074922
29346.384,0.1481623309231098
29346.385,0.1481618302894947
29346.386,0.14816133313916915
29346.387,0.14816083961190119
29346.388,0.14816035011817225
29346.389,0.14815986432625416
29346.39,0.14815938231503095
29346.391,0.1481589046788197
29346.392,0.14815843173316842
29346.393,0.14815796269896964
29346.394,0.14815749802962602
29346.395,0.14815703749401274
29346.396,0.14815658094195353
29346.397,0.1481561276495607
29346.398,0.14815567751279138
29346.399,0.14815523131292582
29346.4,0.14815478835817986
29346.401,0.14815434848748282
29346.402,0.1481539117141773
29346.403,0.1481534781349732
29346.404,0.1481530473289499
29346.405,0.14815261923212564
29346.406,0.1481521936144731
29346.407,0.14815177028927798
29346.408,0.14815134984587494
29346.409,0.14815093202306714
29346.41,0.14815051645762384
29346.411,0.14815010290245162
29346.412,0.14814969092860725
29346.413,0.1481492797113775
29346.414,0.14814886934477653
29346.415,0.14814845970587268
29346.416,0.14814805075949122
29346.417,0.14814764260930433
29346.418,0.1481472350022429
29346.419,0.14814682801468934
29346.42,0.1481464217904007
29346.421,0.14814601604258754
29346.422,0.14814561047534994
29346.423,0.14814520491727454
29346.424,0.14814479956243973
29346.425,0.1481443948068219
29346.426,0.14814398979233817
29346.427,0.14814358457562873
29346.428,0.14814317948188724
29346.429,0.14814277431509462
29346.43,0.14814236834856284
29346.431,0.14814196120449946
29346.432,0.14814155306354965
29346.433,0.1481411445748335
29346.434,0.14814073511888046
29346.435,0.14814032504715338
29346.436,0.1481399146551795
29346.437,0.14813950387695154
29346.438,0.14813909289786661
29346.439,0.14813868156712673
29346.44,0.14813826944686534
29346.441,0.14813785761457288
29346.442,0.14813744593975708
29346.443,0.1481370346181928
29346.444,0.14813662339473044
29346.445,0.14813621222860293
29346.446,0.14813580111008748
29346.447,0.14813538964313605
29346.448,0.14813497789814697
29346.449,0.14813456653821744
29346.45,0.14813415561731721
29346.451,0.14813374526526304
29346.452,0.14813333565316955
29346.453,0.14813292647086396
29346.454,0.14813251805652458
29346.455,0.14813211039090454
29346.456,0.14813170332741005
29346.457,0.1481312967681595
29346.458,0.14813089131242596
29346.459,0.14813048722252597
29346.46,0.14813008463506136
29346.461,0.1481296836615303
29346.462,0.14812928419750623
29346.463,0.14812888582352918
29346.464,0.14812848787369703
29346.465,0.14812809107721428
29346.466,0.14812769582371227
29346.467,0.14812730209612907
29346.468,0.14812690983291266
29346.469,0.14812651875549257
29346.47,0.14812612875149414
29346.471,0.1481257400387576
29346.472,0.1481253529908528
29346.473,0.14812496746179923
29346.474,0.14812458401717865
29346.475,0.14812420263479995
29346.476,0.14812382330705384
29346.477,0.14812344575720643
29346.478,0.14812307013105566
29346.479,0.14812269601136802
29346.48,0.14812232274961928
29346.481,0.14812195049671806
29346.482,0.148121579452469
29346.483,0.1481212098108497
29346.484,0.14812084164101144
29346.485,0.14812047452162605
29346.486,0.14812010877609083
29346.487,0.14811974474890774
29346.488,0.14811938234898755
29346.489,0.1481190212279665
29346.49,0.14811866152428077
29346.491,0.14811830344965762
29346.492,0.14811794748815554
29346.493,0.14811759268795857
29346.494,0.14811723955810727
29346.495,0.14811688780508928
29346.496,0.14811653715845755
29346.497,0.1481161867258749
29346.498,0.14811583668898026
29346.499,0.14811548752317627
29346.5,0.14811513895128614
29346.501,0.1481147911810336
29346.502,0.14811444466988702
29346.503,0.14811409920017615
29346.504,0.14811375452921424
29346.505,0.1481134110435908
29346.506,0.1481130680499829
29346.507,0.14811272558477995
29346.508,0.1481123843936978
29346.509,0.14811204469885436
29346.51,0.1481117062286571
29346.511,0.14811136897570637
29346.512,0.14811103289475896
29346.513,0.14811069775629848
29346.514,0.14811036278249506
29346.515,0.1481100283312668
29346.516,0.1481096946380356
29346.517,0.1481093617946035
29346.518,0.14810902960486028
29346.519,0.1481086981216193
29346.52,0.1481083676032491
29346.521,0.1481080377093119
29346.522,0.14810770853166047
29346.523,0.14810737986725805
29346.524,0.1481070519306895
29346.525,0.14810672539748734
29346.526,0.1481064002439341
29346.527,0.14810607597712291
29346.528,0.14810575278465288
29346.529,0.14810543064897655
29346.53,0.14810510873125274
29346.531,0.14810478719914683
29346.532,0.14810446648077602
29346.533,0.14810414680488115
29346.534,0.14810382782145778
29346.535,0.14810350998097424
29346.536,0.14810319303923922
29346.537,0.14810287710035067
29346.538,0.14810256220967033
29346.539,0.14810224810011471
29346.54,0.14810193466693247
29346.541,0.14810162244169348
29346.542,0.14810131144589958
29346.543,0.14810100159403486
29346.544,0.14810069284556654
29346.545,0.14810038513718884
29346.546,0.14810007807816622
29346.547,0.14809977106561403
29346.548,0.14809946405323246
29346.549,0.14809915720473413
29346.55,0.14809885058515934
29346.551,0.1480985441001671
29346.552,0.14809823799640945
29346.553,0.1480979321411382
29346.554,0.14809762654693392
29346.555,0.14809732110766388
29346.556,0.148097015514187
29346.557,0.14809670998669822
29346.558,0.1480964052434974
29346.559,0.14809610121370262
29346.56,0.14809579785119015
29346.561,0.14809549410089926
29346.562,0.14809519055815137
29346.563,0.14809488652537206
29346.564,0.14809458140380996
29346.565,0.14809427542145867
29346.566,0.14809396859842858
29346.567,0.14809366116319503
29346.568,0.148093353265723
29346.569,0.14809304454263242
29346.57,0.14809273528460057
29346.571,0.14809242584043653
29346.572,0.14809211609356315
29346.573,0.14809180556663576
29346.574,0.1480914947470381
29346.575,0.1480911840752331
29346.576,0.14809087360240972
29346.577,0.14809056290227018
29346.578,0.14809025203705026
29346.579,0.14808994109193163
29346.58,0.14808962925559968
29346.581,0.14808931707988165
29346.582,0.14808900477895695
29346.583,0.14808869268188948
29346.584,0.14808838066136779
29346.585,0.1480880688411021
29346.586,0.14808775764950508
29346.587,0.14808744707174631
29346.588,0.14808713725518735
29346.589,0.14808682847423343
29346.59,0.14808652046326495
29346.591,0.1480862140471309
29346.592,0.14808590942849528
29346.593,0.14808560647704216
29346.594,0.14808530566235045
29346.595,0.1480850069617357
29346.596,0.1480847099848564
29346.597,0.1480844147916542
29346.598,0.14808412136585372
29346.599,0.14808383063102232
29346.6,0.1480835424940393
29346.601,0.14808325730416794
29346.602,0.14808297567055934
29346.603,0.14808269721117875
29346.604,0.14808242181869266
29346.605,0.1480821497382517
29346.606,0.14808188074584455
29346.607,0.1480816155037514
29346.608,0.14808135464980532
29346.609,0.14808109799494346
29346.61,0.14808084530567167
29346.611,0.14808059637792434
29346.612,0.14808035116240675
29346.613,0.14808010934873256
29346.614,0.14807987057700678
29346.615,0.14807963526885345
29346.616,0.1480794031258515
29346.617,0.1480791746172968
29346.618,0.1480789493725635
29346.619,0.14807872735722225
29346.62,0.14807850873081416
29346.621,0.14807829314881937
29346.622,0.1480780803326739
29346.623,0.14807786997709108
29346.624,0.14807766241035186
29346.625,0.14807745810716544
29346.626,0.1480772564524815
29346.627,0.1480770566123231
29346.628,0.14807685919781718
29346.629,0.14807666341206632
29346.63,0.14807646801113344
29346.631,0.14807627322821468
29346.632,0.1480760788530449
29346.633,0.14807588413879683
29346.634,0.14807568929185486
29346.635,0.1480754939650653
29346.636,0.14807529739271894
29346.637,0.14807509982536185
29346.638,0.14807490074154114
29346.639,0.1480746996888448
29346.64,0.1480744966941922
29346.641,0.14807429202701083
29346.642,0.1480740857305385
29346.643,0.14807387705811423
29346.644,0.14807366566781419
29346.645,0.1480734509587474
29346.646,0.14807323278435983
29346.647,0.14807301024146685
29346.648,0.1480727829045927
29346.649,0.14807255099858255
29346.65,0.14807231480968155
29346.651,0.1480720743860214
29346.652,0.14807182967601415
29346.653,0.14807158010863597
29346.654,0.1480713257389888
29346.655,0.1480710667141024
29346.656,0.14807080273667178
29346.657,0.1480705340143972
29346.658,0.1480702607065874
29346.659,0.1480699829212058
29346.66,0.14806970063280095
29346.661,0.14806941378912394
29346.662,0.1480691231264195
29346.663,0.14806882734926075
29346.664,0.14806852660650122
29346.665,0.14806822153478716
29346.666,0.14806791274608072
29346.667,0.14806760045450176
29346.668,0.14806728497160504
29346.669,0.14806696618058243
29346.67,0.1480666447353142
29346.671,0.14806632069813294
29346.672,0.1480659942938566
29346.673,0.14806566543631172
29346.674,0.1480653350256308
29346.675,0.14806500406872808
29346.676,0.1480646728110658
29346.677,0.14806434080847206
29346.678,0.14806400925625232
29346.679,0.1480636778882994
29346.68,0.14806334631557697
29346.681,0.14806301541675662
29346.682,0.14806268571823303
29346.683,0.1480623576227074
29346.684,0.14806203138977592
29346.685,0.14806170769046856
29346.686,0.14806138701477745
29346.687,0.14806106924982068
29346.688,0.1480607554159746
29346.689,0.14806044558995143
29346.69,0.1480601397906083
29346.691,0.148059839151489
29346.692,0.14805954399011043
29346.693,0.14805925459953903
29346.694,0.1480589710881885
29346.695,0.14805869373411026
29346.696,0.14805842212844797
29346.697,0.14805815644168602
29346.698,0.1480578968288242
29346.699,0.1480576440630263
29346.7,0.14805739749626198
29346.701,0.14805715759946347
29346.702,0.14805692500261314
29346.703,0.14805669927464774
29346.704,0.14805648035093036
29346.705,0.1480562688872376
29346.706,0.1480560643451665
29346.707,0.14805586713168692
29346.708,0.14805567773328043
29346.709,0.14805549603064616
29346.71,0.14805532205572594
29346.711,0.14805515517428902
29346.712,0.1480549955275458
29346.713,0.14805484266600058
29346.714,0.1480546957724246
29346.715,0.14805455479005972
29346.716,0.14805441985227194
29346.717,0.14805429094695885
29346.718,0.148054167432724
29346.719,0.14805404947616327
29346.72,0.14805393700436353
29346.721,0.14805382956321056
29346.722,0.1480537271810873
29346.723,0.14805362932206118
29346.724,0.14805353582585679
29346.725,0.14805344683976998
29346.726,0.1480533621008782
29346.727,0.14805328096507817
29346.728,0.14805320349295661
29346.729,0.14805312862398617
29346.73,0.1480530560724606
29346.731,0.14805298528514016
29346.732,0.14805291617972727
29346.733,0.1480528485831748
29346.734,0.14805278248833645
29346.735,0.14805271752732857
29346.736,0.14805265336832116
29346.737,0.14805259026781678
29346.738,0.14805252750144676
29346.739,0.14805246490208823
29346.74,0.14805240218986998
29346.741,0.14805233947095106
29346.742,0.1480522766422165
29346.743,0.14805221304874835
29346.744,0.14805214849866327
29346.745,0.1480520827593118
29346.746,0.1480520154812354
29346.747,0.14805194608608138
29346.748,0.1480518746724001
29346.749,0.14805180128174716
29346.75,0.14805172605851813
29346.751,0.14805164872060023
29346.752,0.14805156887834958
29346.753,0.14805148681892552
29346.754,0.14805140281599574
29346.755,0.14805131671462737
29346.756,0.1480512280348269
29346.757,0.1480511370336059
29346.758,0.148051044018466
29346.759,0.14805094928081008
29346.76,0.14805085277413904
29346.761,0.14805075431759632
29346.762,0.14805065408698906
29346.763,0.1480505515138595
29346.764,0.14805044641506174
29346.765,0.1480503392771175
29346.766,0.14805023031915104
29346.767,0.14805011898448137
29346.768,0.14805000588297307
29346.769,0.1480498911076469
29346.77,0.1480497753775277
29346.771,0.1480496586380723
29346.772,0.14804954087437328
29346.773,0.14804942245460376
29346.774,0.1480493041638563
29346.775,0.14804918620299595
29346.776,0.1480490681112422
29346.777,0.14804894981358543
29346.778,0.14804883214402179
29346.779,0.148048714583778
29346.78,0.14804859698330733
29346.781,0.1480484795722502
29346.782,0.14804836248088898
29346.783,0.14804824571758488
29346.784,0.1480481301082995
29346.785,0.1480480158807986
29346.786,0.14804790288762526
29346.787,0.14804779110118907
29346.788,0.1480476812129311
29346.789,0.14804757280657915
29346.79,0.14804746587369733
29346.791,0.14804736099933616
29346.792,0.1480472586925523
29346.793,0.14804715892655637
29346.794,0.14804706170924828
29346.795,0.14804696673111742
29346.796,0.14804687426195
29346.797,0.14804678367359772
29346.798,0.14804669490251085
29346.799,0.14804660832460886
29346.8,0.1480465242562842
29346.801,0.1480464429632856
29346.802,0.14804636471855726
29346.803,0.1480462887824575
29346.804,0.14804621523803593
29346.805,0.1480461445051042
29346.806,0.14804607667304925
29346.807,0.14804601202046286
29346.808,0.14804595070425638
29346.809,0.14804589305654234
29346.81,0.1480458385943486
29346.811,0.1480457873359672
29346.812,0.14804573948025992
29346.813,0.14804569429885753
29346.814,0.14804565160465105
29346.815,0.14804561174196104
29346.816,0.14804557493067222
29346.817,0.14804554101548173
29346.818,0.14804551023524803
29346.819,0.1480454825475784
29346.82,0.14804545815484874
29346.821,0.14804543689814487
29346.822,0.14804541853402692
29346.823,0.14804540252015488
29346.824,0.148045389721724
29346.825,0.14804538076434942
29346.826,0.14804537546662858
29346.827,0.14804537315568067
29346.828,0.14804537489196518
29346.829,0.14804537977712454
29346.83,0.14804538768934233
29346.831,0.14804539787242998
29346.832,0.14804541097652013
29346.833,0.14804542674364138
29346.834,0.1480454452605952
29346.835,0.14804546662223383
29346.836,0.14804549057683358
29346.837,0.1480455175770673
29346.838,0.14804554726960936
29346.839,0.14804557935853277
29346.84,0.14804561367341523
29346.841,0.14804565105102807
29346.842,0.1480456911855806
29346.843,0.14804573405352991
29346.844,0.14804577962554546
29346.845,0.1480458279427154
29346.846,0.14804587807911268
29346.847,0.1480459295449871
29346.848,0.14804598213997036
29346.849,0.14804603588943507
29346.85,0.14804609114816156
29346.851,0.1480461473789126
29346.852,0.14804620478792635
29346.853,0.14804626302365545
29346.854,0.14804632197873116
29346.855,0.1480463811747711
29346.856,0.14804644027970185
29346.857,0.14804649955095467
29346.858,0.1480465593683677
29346.859,0.14804661940557198
29346.86,0.1480466794833719
29346.861,0.1480467393928766
29346.862,0.14804679882165872
29346.863,0.14804685685522126
29346.864,0.1480469130728718
29346.865,0.1480469672728952
29346.866,0.14804701999843395
29346.867,0.14804707091597377
29346.868,0.14804712018269375
29346.869,0.1480471674416118
29346.87,0.14804721217438996
29346.871,0.14804725403553234
29346.872,0.14804729343495585
29346.873,0.14804733017823357
29346.874,0.14804736399503865
29346.875,0.14804739531226235
29346.876,0.14804742387105072
29346.877,0.14804744951968749
29346.878,0.14804747217577258
29346.879,0.14804749134856163
29346.88,0.1480475061325296
29346.881,0.14804751670799934
29346.882,0.1480475232472713
29346.883,0.1480475256930509
29346.884,0.1480475241958076
29346.885,0.14804751822105278
29346.886,0.1480475076245157
29346.887,0.14804749272667633
29346.888,0.14804747372302066
29346.889,0.14804745035241587
29346.89,0.14804742240810093
29346.891,0.14804739037678327
29346.892,0.14804735454236334
29346.893,0.14804731451483724
29346.894,0.14804727022328318
29346.895,0.14804722198401596
29346.896,0.14804716960104425
29346.897,0.14804711221351904
29346.898,0.14804705023719306
29346.899,0.1480469839507539
29346.9,0.14804691324315863
29346.901,0.1480468385150764
29346.902,0.14804675967570904
29346.903,0.14804667639429217
29346.904,0.14804658957616096
29346.905,0.1480464991454272
29346.906,0.14804640503535996
29346.907,0.148046307058249
29346.908,0.14804620602511562
29346.909,0.14804610211947816
29346.91,0.1480459949330402
29346.911,0.14804588459482815
29346.912,0.1480457710923049
29346.913,0.14804565452753546
29346.914,0.14804553447900098
29346.915,0.1480454109740229
29346.916,0.14804528438622686
29346.917,0.14804515517250075
29346.918,0.1480450235617137
29346.919,0.1480448893910441
29346.92,0.14804475295302685
29346.921,0.1480446141683593
29346.922,0.1480444729983545
29346.923,0.14804432987395816
29346.924,0.14804418502802175
29346.925,0.14804403875236247
29346.926,0.14804389080436864
29346.927,0.14804374102151263
29346.928,0.14804358989683813
29346.929,0.14804343624117783
29346.93,0.1480432802610063
29346.931,0.14804312185935337
29346.932,0.1480429613443298
29346.933,0.148042798651799
29346.934,0.14804263401423645
29346.935,0.14804246734909696
29346.936,0.1480422983651056
29346.937,0.1480421271870368
29346.938,0.14804195342186321
29346.939,0.1480417770862556
29346.94,0.14804159875124087
29346.941,0.14804141852562042
29346.942,0.14804123600100969
29346.943,0.14804105134088807
29346.944,0.14804086424751423
29346.945,0.14804067440546406
29346.946,0.14804048139639034
29346.947,0.14804028487315088
29346.948,0.14804008455345052
29346.949,0.14803988079391525
29346.95,0.14803967352324837
29346.951,0.14803946267570658
29346.952,0.14803924827874557
29346.953,0.14803902976556954
29346.954,0.14803880710120632
29346.955,0.14803858022774666
29346.956,0.14803834927165982
29346.957,0.14803811445659412
29346.958,0.14803787589617529
29346.959,0.14803763356091362
29346.96,0.14803738739162473
29346.961,0.1480371369566187
29346.962,0.14803688224407124
29346.963,0.14803662295870285
29346.964,0.14803635853110392
29346.965,0.14803608933663603
29346.966,0.14803581552063702
29346.967,0.14803553671112013
29346.968,0.1480352534496861
29346.969,0.14803496605848218
29346.97,0.1480346743186254
29346.971,0.14803437867974967
29346.972,0.1480340790952522
29346.973,0.14803377523208439
29346.974,0.14803346773277717
29346.975,0.14803315732762132
29346.976,0.1480328441206864
29346.977,0.14803252773655282
29346.978,0.1480322091213774
29346.979,0.14803188786818042
29346.98,0.14803156381162563
29346.981,0.14803123710530977
29346.982,0.14803090781707012
29346.983,0.1480305764772841
29346.984,0.14803024342774054
29346.985,0.14802990905095256
29346.986,0.14802957361884034
29346.987,0.14802923747641275
29346.988,0.14802890095437754
29346.989,0.14802856409580398
29346.99,0.14802822712828048
29346.991,0.14802789104703862
29346.992,0.14802755641805143
29346.993,0.1480272234787563
29346.994,0.14802689222481338
29346.995,0.14802656291476898
29346.996,0.14802623523230707
29346.997,0.14802590905119317
29346.998,0.14802558474350044
29346.999,0.1480252630312741
29347.0,0.1480249440490196
29347.001,0.1480246282748989
29347.002,0.14802431535195495
29347.003,0.14802400580703254
29347.004,0.14802370020782346
29347.005,0.1480233983442522
29347.006,0.1480231006543576
29347.007,0.14802280705839282
29347.008,0.1480225184608408
29347.009,0.14802223503651923
29347.01,0.14802195659981818
29347.011,0.1480216832708541
29347.012,0.14802141548898867
29347.013,0.14802115252333867
29347.014,0.14802089376976893
29347.015,0.14802063965832615
29347.016,0.14802039052209062
29347.017,0.14802014654087808
29347.018,0.14801990750512795
29347.019,0.14801967373517816
29347.02,0.14801944519725116
29347.021,0.14801922167467202
29347.022,0.14801900317284994
29347.023,0.14801878945067087
29347.024,0.1480185805610782
29347.025,0.14801837740156013
29347.026,0.14801817962030056
29347.027,0.1480179869320481
29347.028,0.14801779943076196
29347.029,0.1480176167402163
29347.03,0.14801743848823104
29347.031,0.1480172642093371
29347.032,0.1480170941476658
29347.033,0.14801692818305512
29347.034,0.14801676665603497
29347.035,0.14801660919479778
29347.036,0.14801645584009512
29347.037,0.14801630680932962
29347.038,0.14801616199729226
29347.039,0.1480160211939054
29347.04,0.14801588456906228
29347.041,0.1480157521089651
29347.042,0.14801562377189284
29347.043,0.14801549958852622
29347.044,0.14801537956755498
29347.045,0.14801526316937155
29347.046,0.1480151502292743
29347.047,0.14801504050059092
29347.048,0.1480149339331397
29347.049,0.14801483080252192
29347.05,0.14801473110222677
29347.051,0.14801463497181946
29347.052,0.14801454245857704
29347.053,0.14801445357815204
29347.054,0.1480143685215094
29347.055,0.14801428727350588
29347.056,0.1480142097765006
29347.057,0.1480141359449739
29347.058,0.14801406635204334
29347.059,0.1480140012389761
29347.06,0.1480139401850791
29347.061,0.14801388313205696
29347.062,0.14801383003757787
29347.063,0.14801378071640495
29347.064,0.1480137345410692
29347.065,0.14801369203033482
29347.066,0.14801365326132193
29347.067,0.14801361867120139
29347.068,0.1480135878596189
29347.069,0.14801356109773928
29347.07,0.14801353823429655
29347.071,0.1480135197580677
29347.072,0.1480135054914998
29347.073,0.14801349561444604
29347.074,0.14801349036307002
29347.075,0.148013490272614
29347.076,0.14801349541819292
29347.077,0.1480135052996775
29347.078,0.14801352025728426
29347.079,0.1480135394265765
29347.08,0.14801356275322425
29347.081,0.14801358998631625
29347.082,0.14801362180858915
29347.083,0.14801365815941894
29347.084,0.14801369912179924
29347.085,0.14801374471634432
29347.086,0.14801379487918662
29347.087,0.14801384984298782
29347.088,0.14801391011356974
29347.089,0.14801397508299913
29347.09,0.14801404492618975
29347.091,0.14801412001532693
29347.092,0.14801420071782617
29347.093,0.14801428665801306
29347.094,0.14801437779097693
29347.095,0.14801447418917327
29347.096,0.14801457546119914
29347.097,0.14801468131486759
29347.098,0.14801479144266552
29347.099,0.1480149063111746
29347.1,0.14801502611539905
29347.101,0.14801515104179028
29347.102,0.14801528116383933
29347.103,0.14801541675206784
29347.104,0.14801555728396615
29347.105,0.14801570277322856
29347.106,0.14801585327989714
29347.107,0.14801600872478413
29347.108,0.14801617003031914
29347.109,0.14801633721031138
29347.11,0.14801651004731992
29347.111,0.14801668800200388
29347.112,0.14801687135721064
29347.113,0.1480170591967695
29347.114,0.14801725143168215
29347.115,0.14801744817400114
29347.116,0.14801764948115353
29347.117,0.1480178552408369
29347.118,0.1480180654130727
29347.119,0.1480182799508791
29347.12,0.14801849884865342
29347.121,0.14801872181485856
29347.122,0.14801894884948047
29347.123,0.14801917942945395
29347.124,0.14801941412832065
29347.125,0.14801965302278441
29347.126,0.14801989586260295
29347.127,0.14802014227171872
29347.128,0.14802039256338229
29347.129,0.14802064625859362
29347.13,0.14802090239342228
29347.131,0.1480211602479002
29347.132,0.14802142022962117
29347.133,0.14802168197528903
29347.134,0.1480219459051599
29347.135,0.14802221149349587
29347.136,0.14802247855635828
29347.137,0.14802274679959146
29347.138,0.1480230163817707
29347.139,0.148023286813795
29347.14,0.14802355780565127
29347.141,0.14802382985997115
29347.142,0.14802410268038027
29347.143,0.1480243762823231
29347.144,0.14802465045658605
29347.145,0.14802492479879897
29347.146,0.1480251990912633
29347.147,0.14802547247110504
29347.148,0.14802574475753746
29347.149,0.14802601664123294
29347.15,0.14802628820497268
29347.151,0.1480265588360296
29347.152,0.14802682883822116
29347.153,0.14802709758921892
29347.154,0.14802736533692834
29347.155,0.14802763197648203
29347.156,0.14802789775723044
29347.157,0.14802816243231282
29347.158,0.14802842667915156
29347.159,0.14802869053618156
29347.16,0.14802895336147404
29347.161,0.14802921550902523
29347.162,0.14802947715984277
29347.163,0.14802973762037513
29347.164,0.1480299962768116
29347.165,0.1480302539469006
29347.166,0.1480305107707164
29347.167,0.14803076691091593
29347.168,0.14803102251073735
29347.169,0.14803127772168337
29347.17,0.14803153250991044
29347.171,0.14803178723562527
29347.172,0.1480320417706107
29347.173,0.14803229583990568
29347.174,0.14803254971314542
29347.175,0.1480328041649956
29347.176,0.14803305880106724
29347.177,0.14803331317109164
29347.178,0.14803356784990104
29347.179,0.1480338224055654
29347.18,0.14803407653861023
29347.181,0.14803433012078557
29347.182,0.14803458370751715
29347.183,0.14803483714860077
29347.184,0.14803509086581734
29347.185,0.1480353446654939
29347.186,0.14803559829351395
29347.187,0.1480358519208123
29347.188,0.1480361056423411
29347.189,0.1480363588113324
29347.19,0.14803661167681312
29347.191,0.14803686459357818
29347.192,0.14803711798536412
29347.193,0.1480373711573217
29347.194,0.1480376244499087
29347.195,0.14803787747821345
29347.196,0.14803812959341223
29347.197,0.14803838033850636
29347.198,0.14803862954734842
29347.199,0.14803887772073462
29347.2,0.14803912490482574
29347.201,0.14803937076246235
29347.202,0.14803961501063334
29347.203,0.14803985759289248
29347.204,0.1480400983375952
29347.205,0.14804033762226199
29347.206,0.14804057503859663
29347.207,0.14804081020539905
29347.208,0.14804104383400538
29347.209,0.14804127550618795
29347.21,0.14804150455294807
29347.211,0.14804173096628176
29347.212,0.14804195506774823
29347.213,0.1480421755684834
29347.214,0.14804239242615352
29347.215,0.1480426053509968
29347.216,0.1480428144198907
29347.217,0.1480430199383648
29347.218,0.14804322191608515
29347.219,0.14804342048751193
29347.22,0.14804361533174243
29347.221,0.14804380615871918
29347.222,0.14804399296659662
29347.223,0.1480441753516834
29347.224,0.14804435336963456
29347.225,0.14804452757711076
29347.226,0.14804469830119457
29347.227,0.1480448645658292
29347.228,0.14804502654141988
29347.229,0.14804518349389775
29347.23,0.14804533493483987
29347.231,0.1480454807282275
29347.232,0.14804562143331837
29347.233,0.14804575666165265
29347.234,0.14804588653537712
29347.235,0.14804601077348886
29347.236,0.1480461293868052
29347.237,0.14804624266270286
29347.238,0.1480463505103944
29347.239,0.1480464525513296
29347.24,0.1480465485553405
29347.241,0.14804663930025452
29347.242,0.14804672457135234
29347.243,0.1480468045092774
29347.244,0.14804687905050148
29347.245,0.14804694789315662
29347.246,0.1480470105280796
29347.247,0.14804706664181014
29347.248,0.14804711631725326
29347.249,0.14804715999609158
29347.25,0.1480471971621108
29347.251,0.1480472281028268
29347.252,0.14804725311452718
29347.253,0.14804727200843473
29347.254,0.1480472849426178
29347.255,0.1480472920638596
29347.256,0.1480472932835171
29347.257,0.14804728854980834
29347.258,0.14804727896029204
29347.259,0.14804726443336919
29347.26,0.1480472447263143
29347.261,0.1480472204368363
29347.262,0.14804719130835908
29347.263,0.14804715682400574
29347.264,0.1480471169049664
29347.265,0.14804707196278227
29347.266,0.14804702255034524
29347.267,0.14804696864365144
29347.268,0.1480469106775333
29347.269,0.1480468485332053
29347.27,0.14804678307878566
29347.271,0.1480467142611947
29347.272,0.14804664217938457
29347.273,0.1480465670461493
29347.274,0.1480464894980602
29347.275,0.14804641056120707
29347.276,0.14804633016382343
29347.277,0.14804624832804902
29347.278,0.14804616544078883
29347.279,0.14804608156896823
29347.28,0.14804599687284192
29347.281,0.14804591152533036
29347.282,0.1480458259538215
29347.283,0.14804574093357017
29347.284,0.14804565654404186
29347.285,0.14804557324903142
29347.286,0.1480454913623774
29347.287,0.14804541170123622
29347.288,0.14804533426665784
29347.289,0.1480452590449015
29347.29,0.14804518639956207
29347.291,0.14804511790013936
29347.292,0.14804505354906616
29347.293,0.14804499343022232
29347.294,0.14804493765169874
29347.295,0.14804488644875022
29347.296,0.14804483967038667
29347.297,0.14804479746415924
29347.298,0.14804476021467738
29347.299,0.14804472838782068
29347.3,0.14804470228374186
29347.301,0.14804468203198168
29347.302,0.14804466800655045
29347.303,0.1480446603986243
29347.304,0.14804465947023562
29347.305,0.1480446649794795
29347.306,0.1480446772822781
29347.307,0.1480446965005261
29347.308,0.14804472386297832
29347.309,0.14804475885021282
29347.31,0.14804480166276762
29347.311,0.14804485251614793
29347.312,0.1480449113270412
29347.313,0.14804497774964104
29347.314,0.14804505180764022
29347.315,0.14804513310508094
29347.316,0.14804522223888375
29347.317,0.14804531945287921
29347.318,0.14804542464901976
29347.319,0.14804553785252542
29347.32,0.1480456588039145
29347.321,0.14804578819531983
29347.322,0.14804592582566173
29347.323,0.1480460715947796
29347.324,0.14804622583589835
29347.325,0.14804638954344318
29347.326,0.1480465617337918
29347.327,0.14804674237721782
29347.328,0.14804693165356203
29347.329,0.14804712900877867
29347.33,0.14804733421106095
29347.331,0.14804754679351415
29347.332,0.14804776716865925
29347.333,0.14804799537593055
29347.334,0.14804823169159265
29347.335,0.1480484757787934
29347.336,0.1480487275931663
29347.337,0.14804898699625033
29347.338,0.14804925392713117
29347.339,0.1480495283249627
29347.34,0.14804981013151283
29347.341,0.14805010003539695
29347.342,0.14805039780229173
29347.343,0.14805070296513284
29347.344,0.14805101548241215
29347.345,0.14805133506381427
29347.346,0.148051661446128
29347.347,0.148051993889522
29347.348,0.1480523321964926
29347.349,0.14805267652066723
29347.35,0.14805302674825938
29347.351,0.1480533830107457
29347.352,0.14805374490310308
29347.353,0.14805411199684781
29347.354,0.14805448445429892
29347.355,0.14805486230103085
29347.356,0.14805524499177666
29347.357,0.14805563231237304
29347.358,0.14805602470512796
29347.359,0.14805642140448488
29347.36,0.14805682229133946
29347.361,0.1480572270112868
29347.362,0.14805763526992718
29347.363,0.14805804647375836
29347.364,0.14805845995500147
29347.365,0.14805887577531718
29347.366,0.14805929364022247
29347.367,0.14805971306565954
29347.368,0.14806013442725713
29347.369,0.1480605571048832
29347.37,0.14806098145205593
29347.371,0.14806140651809327
29347.372,0.14806183230489883
29347.373,0.14806225833111114
29347.374,0.14806268460565827
29347.375,0.1480631114665761
29347.376,0.14806353820631396
29347.377,0.14806396412188821
29347.378,0.14806438955950316
29347.379,0.1480648141052199
29347.38,0.14806523691182732
29347.381,0.14806565764928076
29347.382,0.1480660763599993
29347.383,0.14806649291151955
29347.384,0.14806690693899333
29347.385,0.14806731895866504
29347.386,0.1480677286180905
29347.387,0.14806813566123417
29347.388,0.14806853978082468
29347.389,0.14806894096761397
29347.39,0.1480693390554395
29347.391,0.14806973473983795
29347.392,0.14807012743399375
29347.393,0.14807051755243714
29347.394,0.14807090489625693
29347.395,0.14807128943961406
29347.396,0.14807167064806562
29347.397,0.1480720482007158
29347.398,0.1480724220011494
29347.399,0.14807279242736426
29347.4,0.1480731594759523
29347.401,0.14807352298753568
29347.402,0.14807388330013616
29347.403,0.14807424043667763
29347.404,0.1480745945977844
29347.405,0.14807494539787242
29347.406,0.14807529341116826
29347.407,0.14807563843873964
29347.408,0.1480759812635587
29347.409,0.14807632213717933
29347.41,0.1480766608623766
29347.411,0.14807699724952708
29347.412,0.14807733152417338
29347.413,0.1480776631855734
29347.414,0.14807799183934298
29347.415,0.14807831762902213
29347.416,0.14807864134438284
29347.417,0.14807896323258435
29347.418,0.1480792832552984
29347.419,0.14807960167093642
29347.42,0.1480799185605302
29347.421,0.14808023383667537
29347.422,0.14808054734272588
29347.423,0.14808085907597499
29347.424,0.148081169307053
29347.425,0.1480814789361281
29347.426,0.14808178760221452
29347.427,0.1480820952802598
29347.428,0.1480824021105162
29347.429,0.1480827081073243
29347.43,0.14808301305577476
29347.431,0.14808331634481586
29347.432,0.14808361854352722
29347.433,0.14808391938939408
29347.434,0.14808421906467578
29347.435,0.1480845177856612
29347.436,0.14808481571206752
29347.437,0.1480851125449785
29347.438,0.148085408646187
29347.439,0.14808570398080567
29347.44,0.14808599838744776
29347.441,0.14808629229049702
29347.442,0.14808658619140055
29347.443,0.14808687963803452
29347.444,0.14808717287114406
29347.445,0.14808746561774602
29347.446,0.14808775768646337
29347.447,0.14808804857936828
29347.448,0.1480883380841404
29347.449,0.14808862694446417
29347.45,0.14808891521384296
29347.451,0.14808920297724534
29347.452,0.14808949015537334
29347.453,0.14808977673905632
29347.454,0.14809006277756573
29347.455,0.14809034857788797
29347.456,0.14809063414154586
29347.457,0.1480909192604079
29347.458,0.14809120472287626
29347.459,0.14809149042942588
29347.46,0.14809177614941457
29347.461,0.148092062015868
29347.462,0.14809234793969667
29347.463,0.1480926334495002
29347.464,0.14809291808569483
29347.465,0.14809320252762628
29347.466,0.14809348718433987
29347.467,0.14809377191179812
29347.468,0.14809405670407852
29347.469,0.14809434133312538
29347.47,0.14809462607463006
29347.471,0.1480949108023919
29347.472,0.14809519566062057
29347.473,0.14809548038293718
29347.474,0.14809576502772623
29347.475,0.14809605018827326
29347.476,0.14809633586765691
29347.477,0.1480966215937027
29347.478,0.1480969081364808
29347.479,0.1480971952569743
29347.48,0.14809748247432347
29347.481,0.148097768990901
29347.482,0.1480980553168014
29347.483,0.14809834144854966
29347.484,0.14809862758281625
29347.485,0.14809891388724183
29347.486,0.1480991999466462
29347.487,0.14809948604540996
29347.488,0.14809977230230068
29347.489,0.14810005871920467
29347.49,0.1481003451648818
29347.491,0.1481006323941837
29347.492,0.1481009204510732
29347.493,0.14810120927591414
29347.494,0.14810149871368786
29347.495,0.14810178869560645
29347.496,0.14810207889233964
29347.497,0.14810236880542535
29347.498,0.14810265875482032
29347.499,0.14810294910622318
29347.5,0.14810323966599584
29347.501,0.14810353065833087
29347.502,0.14810382249934353
29347.503,0.14810411468557033
29347.504,0.14810440746171077
29347.505,0.14810470062472655
29347.506,0.148104994394509
29347.507,0.14810528848673107
29347.508,0.14810558374499178
29347.509,0.1481058804496944
29347.51,0.14810617766055603
29347.511,0.14810647608974062
29347.512,0.14810677565280092
29347.513,0.1481070755467243
29347.514,0.14810737549785266
29347.515,0.14810767587158813
29347.516,0.14810797688155278
29347.517,0.14810827832288384
29347.518,0.1481085803055208
29347.519,0.1481088826074069
29347.52,0.14810918516600963
29347.521,0.14810948831995724
29347.522,0.14810979200764596
29347.523,0.14811009581519136
29347.524,0.14811040010031287
29347.525,0.14811070511992672
29347.526,0.14811101038925584
29347.527,0.14811131600620533
29347.528,0.14811162221649207
29347.529,0.14811192814695845
29347.53,0.14811223322102113
29347.531,0.1481125371404777
29347.532,0.14811283978996725
29347.533,0.14811314137603523
29347.534,0.14811344136850482
29347.535,0.14811373970902936
29347.536,0.1481140364824656
29347.537,0.1481143316171703
29347.538,0.14811462492741123
29347.539,0.14811491591174394
29347.54,0.14811520416323043
29347.541,0.14811549018926484
29347.542,0.14811577386008534
29347.543,0.1481160543636762
29347.544,0.14811633165530988
29347.545,0.14811660543995114
29347.546,0.14811687502386522
29347.547,0.1481171393978389
29347.548,0.14811739834401658
29347.549,0.14811765238594718
29347.55,0.14811790082168064
29347.551,0.14811814374793683
29347.552,0.1481183805131296
29347.553,0.14811861062722353
29347.554,0.14811883434472087
29347.555,0.14811905163453648
29347.556,0.14811926160472919
29347.557,0.14811946393352673
29347.558,0.14811965957851558
29347.559,0.14811984777795892
29347.56,0.14812002821610304
29347.561,0.14812020097112616
29347.562,0.14812036549737098
29347.563,0.14812052132408218
29347.564,0.14812066802838383
29347.565,0.14812080586206486
29347.566,0.1481209344374341
29347.567,0.14812105357699223
29347.568,0.14812116343213175
29347.569,0.14812126381888038
29347.57,0.14812135510429575
29347.571,0.14812143704450634
29347.572,0.14812150953908
29347.573,0.14812157265058085
29347.574,0.1481216262754325
29347.575,0.14812167164448015
29347.576,0.14812170854894313
29347.577,0.14812173642099472
29347.578,0.1481217561205103
29347.579,0.14812176793071655
29347.58,0.14812177044590863
29347.581,0.1481217636601714
29347.582,0.14812174869359113
29347.583,0.14812172571142068
29347.584,0.14812169516036267
29347.585,0.14812165710734856
29347.586,0.14812161180587868
29347.587,0.1481215598987504
29347.588,0.1481215016282569
29347.589,0.14812143716367324
29347.59,0.14812136649245172
29347.591,0.14812129090239282
29347.592,0.14812121053502791
29347.593,0.14812112591949045
29347.594,0.14812103747139413
29347.595,0.1481209452762566
29347.596,0.14812084929321498
29347.597,0.14812074961562224
29347.598,0.14812064680463802
29347.599,0.1481205414309814
29347.6,0.14812043375516132
29347.601,0.1481203244000388
29347.602,0.14812021413584933
29347.603,0.14812010301522344
29347.604,0.14811999140576773
29347.605,0.14811987957653538
29347.606,0.14811976820202383
29347.607,0.14811965754712747
29347.608,0.14811954897818552
29347.609,0.1481194424439311
29347.61,0.14811933745276995
29347.611,0.14811923497545762
29347.612,0.14811913510397223
29347.613,0.148119037755566
29347.614,0.1481189431816396
29347.615,0.1481188518601384
29347.616,0.14811876382830907
29347.617,0.14811867943223578
29347.618,0.14811859936223026
29347.619,0.1481185236004655
29347.62,0.1481184524043631
29347.621,0.1481183859828884
29347.622,0.14811832411877746
29347.623,0.1481182671753657
29347.624,0.1481182153400538
29347.625,0.1481181692320569
29347.626,0.14811812891629586
29347.627,0.14811809426797548
29347.628,0.14811806514508094
29347.629,0.14811804154411382
29347.63,0.1481180228136423
29347.631,0.14811800862183302
29347.632,0.14811799966438757
29347.633,0.14811799587274826
29347.634,0.1481179971269481
29347.635,0.1481180038324646
29347.636,0.1481180156863635
29347.637,0.1481180324805553
29347.638,0.14811805400168496
29347.639,0.14811808009857613
29347.64,0.14811811030650004
29347.641,0.14811814504821177
29347.642,0.14811818409129524
29347.643,0.1481182272713589
29347.644,0.14811827433135488
29347.645,0.1481183253109431
29347.646,0.1481183794934929
29347.647,0.14811843608818148
29347.648,0.1481184950085497
29347.649,0.14811855629633933
29347.65,0.14811861959069
29347.651,0.14811868479219628
29347.652,0.14811875169818597
29347.653,0.14811881993362006
29347.654,0.14811888958717298
29347.655,0.1481189598816753
29347.656,0.14811903057595924
29347.657,0.14811910152954783
29347.658,0.14811917326168558
29347.659,0.14811924518651465
29347.66,0.14811931717909615
29347.661,0.14811938899065757
29347.662,0.14811946036553392
29347.663,0.14811953063641817
29347.664,0.14811959908239578
29347.665,0.14811966530679418
29347.666,0.14811972923482392
29347.667,0.14811979099006986
29347.668,0.14811985026246074
29347.669,0.14811990698393737
29347.67,0.1481199612467468
29347.671,0.14812001256006763
29347.672,0.14812006061921343
29347.673,0.14812010521792285
29347.674,0.14812014606224708
29347.675,0.1481201841295354
29347.676,0.1481202189234663
29347.677,0.14812024993912146
29347.678,0.14812027748361156
29347.679,0.14812030120744912
29347.68,0.14812031962521452
29347.681,0.14812033315255407
29347.682,0.14812034198928897
29347.683,0.14812034629535997
29347.684,0.14812034562701545
29347.685,0.14812033986081294
29347.686,0.14812032905600825
29347.687,0.1481203131087405
29347.688,0.14812029208141947
29347.689,0.148120265789556
29347.69,0.1481202343970199
29347.691,0.14812019871509916
29347.692,0.14812015867241213
29347.693,0.14812011436397343
29347.694,0.14812006565430322
29347.695,0.14812001239186368
29347.696,0.14811995437156364
29347.697,0.14811989133452308
29347.698,0.14811982360430268
29347.699,0.14811975160263027
29347.7,0.14811967522874844
29347.701,0.1481195949403673
29347.702,0.1481195109047146
29347.703,0.14811942265878164
29347.704,0.14811933106641345
29347.705,0.14811923623355014
29347.706,0.14811913829374854
29347.707,0.1481190372756652
29347.708,0.1481189341357347
29347.709,0.14811882895231127
29347.71,0.14811872206081517
29347.711,0.14811861409523755
29347.712,0.14811850485111475
29347.713,0.14811839379079692
29347.714,0.14811828113135203
29347.715,0.14811816734152547
29347.716,0.14811805232198455
29347.717,0.14811793700020162
29347.718,0.14811782175312027
29347.719,0.1481177063069869
29347.72,0.14811759095338461
29347.721,0.14811747618161186
29347.722,0.14811736202026923
29347.723,0.14811724867728351
29347.724,0.14811713657962422
29347.725,0.14811702653254696
29347.726,0.1481169182841838
29347.727,0.14811681202419927
29347.728,0.1481167079250895
29347.729,0.14811660572105276
29347.73,0.14811650481637678
29347.731,0.14811640554611075
29347.732,0.1481163084859539
29347.733,0.1481162130478728
29347.734,0.14811611991616488
29347.735,0.14811602893517775
29347.736,0.1481159401184469
29347.737,0.1481158537979805
29347.738,0.1481157698730852
29347.739,0.14811568817007564
29347.74,0.14811560859087558
29347.741,0.14811553187756474
29347.742,0.1481154583064845
29347.743,0.148115387526234
29347.744,0.14811531953328638
29347.745,0.14811525406744816
29347.746,0.14811519042663038
29347.747,0.14811512819220862
29347.748,0.14811506732816726
29347.749,0.1481150085756873
29347.75,0.14811495157875318
29347.751,0.1481148963987979
29347.752,0.14811484275453513
29347.753,0.1481147904875723
29347.754,0.14811473963059493
29347.755,0.14811469010450012
29347.756,0.1481146419195422
29347.757,0.14811459527433057
29347.758,0.14811455039277802
29347.759,0.1481145068364552
29347.76,0.14811446414561544
29347.761,0.14811442235376393
29347.762,0.14811438117008724
29347.763,0.14811434002429533
29347.764,0.14811429873253606
29347.765,0.14811425760899752
29347.766,0.1481142165551701
29347.767,0.14811417569074728
29347.768,0.14811413470693338
29347.769,0.1481140933523526
29347.77,0.14811405149671011
29347.771,0.14811400908945274
29347.772,0.14811396591045184
29347.773,0.14811392224447942
29347.774,0.148113877597078
29347.775,0.1481138331567735
29347.776,0.14811378809728434
29347.777,0.14811374203170324
29347.778,0.14811369525204493
29347.779,0.1481136473094643
29347.78,0.14811359708605545
29347.781,0.14811354502828833
29347.782,0.1481134912919924
29347.783,0.14811343567201163
29347.784,0.14811337853098835
29347.785,0.14811331972264977
29347.786,0.14811325917601015
29347.787,0.14811319689224994
29347.788,0.14811313281481342
29347.789,0.14811306669909788
29347.79,0.14811299831541258
29347.791,0.1481129281520531
29347.792,0.14811285615763925
29347.793,0.14811278206086878
29347.794,0.14811270591204614
29347.795,0.14811262717508134
29347.796,0.14811254578444155
29347.797,0.14811246150922033
29347.798,0.14811237433180513
29347.799,0.14811228429451756
29347.8,0.14811219148631763
29347.801,0.1481120958747134
29347.802,0.14811199760687574
29347.803,0.14811189668266284
29347.804,0.14811179320168172
29347.805,0.14811168683803969
29347.806,0.1481115776621455
29347.807,0.1481114658381086
29347.808,0.14811135182015495
29347.809,0.1481112356907765
29347.81,0.14811111729639387
29347.811,0.14811099622150065
29347.812,0.14811087274627036
29347.813,0.14811074608267236
29347.814,0.14811061608820247
29347.815,0.14811048291169668
29347.816,0.14811034637352974
29347.817,0.1481102071597461
29347.818,0.14811006532672336
29347.819,0.14810992056191957
29347.82,0.14810977304778958
29347.821,0.14810962316563056
29347.822,0.14810947073060599
29347.823,0.14810931562827434
29347.824,0.14810915785311718
29347.825,0.14810899737091707
29347.826,0.14810883449451492
29347.827,0.1481086689961647
29347.828,0.14810850063587894
29347.829,0.1481083293941215
29347.83,0.14810815492942586
29347.831,0.1481079769597552
29347.832,0.1481077955209439
29347.833,0.14810761047201085
29347.834,0.14810742194734536
29347.835,0.1481072297866192
29347.836,0.14810703384853235
29347.837,0.14810683444146278
29347.838,0.1481066314097461
29347.839,0.14810642408595648
29347.84,0.14810621294343232
29347.841,0.148105998371872
29347.842,0.14810578035923344
29347.843,0.14810555864220415
29347.844,0.14810533300319753
29347.845,0.14810510295226922
29347.846,0.14810486835676195
29347.847,0.14810462908783917
29347.848,0.1481043849285616
29347.849,0.14810413621625973
29347.85,0.1481038824945126
29347.851,0.1481036238982866
29347.852,0.14810336036626084
29347.853,0.14810309206564853
29347.854,0.14810281887953822
29347.855,0.1481025409973424
29347.856,0.14810225861984386
29347.857,0.14810197145232715
29347.858,0.14810167976892946
29347.859,0.1481013842700165
29347.86,0.14810108488017987
29347.861,0.148100781437326
29347.862,0.14810047412825933
29347.863,0.14810016272733856
29347.864,0.14809984693709724
29347.865,0.14809952670550142
29347.866,0.1480992023618561
29347.867,0.14809887445632333
29347.868,0.1480985432147993
29347.869,0.1480982090183222
29347.87,0.1480978724544949
29347.871,0.1480975337445656
29347.872,0.14809719294026477
29347.873,0.14809685023470012
29347.874,0.14809650563060878
29347.875,0.14809616040798718
29347.876,0.14809581419957152
29347.877,0.14809546761046483
29347.878,0.14809512100797173
29347.879,0.14809477407548655
29347.88,0.14809442671601594
29347.881,0.14809407940168434
29347.882,0.14809373219935862
29347.883,0.1480933853936294
29347.884,0.1480930394236647
29347.885,0.14809269440846834
29347.886,0.14809235084202974
29347.887,0.1480920088719868
29347.888,0.1480916689350597
29347.889,0.1480913311431181
29347.89,0.14809099517802043
29347.891,0.14809066178459912
29347.892,0.14809033151816905
29347.893,0.14809000452164453
29347.894,0.14808968078199666
29347.895,0.14808936040389192
29347.896,0.148089043394596
29347.897,0.14808872908366427
29347.898,0.14808841748358204
29347.899,0.14808810898643096
29347.9,0.14808780368048075
29347.901,0.14808750139200175
29347.902,0.14808720279140897
29347.903,0.14808690742291156
29347.904,0.1480866154689929
29347.905,0.14808632690982404
29347.906,0.14808604145403667
29347.907,0.14808575938822638
29347.908,0.14808548112889341
29347.909,0.14808520690198337
29347.91,0.148084936286966
29347.911,0.1480846688736957
29347.912,0.14808440500229644
29347.913,0.14808414383251203
29347.914,0.1480838853849223
29347.915,0.14808362966600866
29347.916,0.14808337644378256
29347.917,0.14808312637459714
29347.918,0.14808287913432278
29347.919,0.1480826342403045
29347.92,0.1480823920068174
29347.921,0.14808215234632796
29347.922,0.14808191513198454
29347.923,0.14808168028211968
29347.924,0.14808144784924346
29347.925,0.1480812185672764
29347.926,0.14808099257047752
29347.927,0.14808076911222445
29347.928,0.14808054850972663
29347.929,0.1480803306295471
29347.93,0.14808011479142974
29347.931,0.14807990087485723
29347.932,0.14807968932852134
29347.933,0.14807948021690015
29347.934,0.14807927373030158
29347.935,0.14807907012441865
29347.936,0.1480788695365624
29347.937,0.14807867195433025
29347.938,0.14807847722633197
29347.939,0.14807828524790156
29347.94,0.1480780964058575
29347.941,0.14807791077496357
29347.942,0.14807772857894066
29347.943,0.14807754992544975
29347.944,0.14807737466257787
29347.945,0.14807720314186892
29347.946,0.14807703508381895
29347.947,0.14807687022110752
29347.948,0.14807670835202288
29347.949,0.14807654998017578
29347.95,0.14807639522114652
29347.951,0.14807624413309967
29347.952,0.14807609688743079
29347.953,0.14807595359069828
29347.954,0.14807581500207506
29347.955,0.1480756806161965
29347.956,0.14807555052740848
29347.957,0.14807542467254856
29347.958,0.14807530364585778
29347.959,0.14807518788351365
29347.96,0.14807507636813302
29347.961,0.14807496938937723
29347.962,0.14807486750097312
29347.963,0.1480747697918859
29347.964,0.14807467613582737
29347.965,0.14807458652826003
29347.966,0.14807450134741865
29347.967,0.1480744205351094
29347.968,0.1480743440842002
29347.969,0.1480742717027687
29347.97,0.14807420352154674
29347.971,0.14807413958959834
29347.972,0.14807407999374406
29347.973,0.14807402430997715
29347.974,0.14807397276838782
29347.975,0.14807392609756684
29347.976,0.1480738842473009
29347.977,0.14807384656040956
29347.978,0.1480738131303423
29347.979,0.14807378348402075
29347.98,0.1480737572018019
29347.981,0.1480737340472024
29347.982,0.14807371407810302
29347.983,0.14807369762561604
29347.984,0.14807368458773082
29347.985,0.14807367488590067
29347.986,0.14807366814916492
29347.987,0.1480736644538193
29347.988,0.1480736639392945
29347.989,0.14807366625579407
29347.99,0.14807367143035347
29347.991,0.14807368000102442
29347.992,0.14807369201862755
29347.993,0.14807370695324362
29347.994,0.1480737246971376
29347.995,0.14807374527274603
29347.996,0.14807376807431452
29347.997,0.14807379268972126
29347.998,0.1480738191661544
29347.999,0.14807384758840986
29348.0,0.14807387793557325
29348.001,0.14807391017348867
29348.002,0.1480739445334455
29348.003,0.148073980465472
29348.004,0.1480740184914777
29348.005,0.14807405818044586
29348.006,0.14807409976962452
29348.007,0.14807414325961382
29348.008,0.14807418888266158
29348.009,0.1480742366950256
29348.01,0.1480742862318539
29348.011,0.1480743376978031
29348.012,0.1480743909139433
29348.013,0.14807444526834293
29348.014,0.14807450055265026
29348.015,0.14807455667987926
29348.016,0.14807461396899393
29348.017,0.1480746724957299
29348.018,0.14807473232675783
29348.019,0.14807479344254418
29348.02,0.1480748561006883
29348.021,0.14807492021157714
29348.022,0.14807498568006613
29348.023,0.14807505230931348
29348.024,0.14807512039820464
29348.025,0.14807519053528564
29348.026,0.14807526227239282
29348.027,0.14807533577312748
29348.028,0.14807541099171878
29348.029,0.1480754879607546
29348.03,0.14807556615471776
29348.031,0.14807564549777485
29348.032,0.14807572617603967
29348.033,0.14807580813866583
29348.034,0.14807589152004938
29348.035,0.14807597671496134
29348.036,0.1480760636501206
29348.037,0.14807615238366426
29348.038,0.14807624331536806
29348.039,0.14807633623465702
29348.04,0.1480764311577029
29348.041,0.1480765282262236
29348.042,0.14807662784944556
29348.043,0.14807673029453228
29348.044,0.14807683565280377
29348.045,0.14807694363128712
29348.046,0.14807705381037917
29348.047,0.1480771658686374
29348.048,0.14807727984211672
29348.049,0.14807739605053863
29348.05,0.1480775144720258
29348.051,0.14807763518106493
29348.052,0.14807775838871606
29348.053,0.14807788405106598
29348.054,0.14807801233795523
29348.055,0.148078142318397
29348.056,0.14807827477042698
29348.057,0.148078409707843
29348.058,0.1480785475275063
29348.059,0.1480786882275009
29348.06,0.1480788312938796
29348.061,0.14807897641035317
29348.062,0.1480791238330734
29348.063,0.14807927226929007
29348.064,0.14807942199064084
29348.065,0.14807957300358132
29348.066,0.1480797252519553
29348.067,0.1480798787994856
29348.068,0.1480800335523749
29348.069,0.14808018960049366
29348.07,0.14808034678784526
29348.071,0.14808050495824807
29348.072,0.1480806638807529
29348.073,0.14808082310516751
29348.074,0.1480809828675421
29348.075,0.1480811435995681
29348.076,0.14808130502298344
29348.077,0.14808146642857667
29348.078,0.14808162805779965
29348.079,0.14808178918470263
29348.08,0.1480819491546009
29348.081,0.1480821078709812
29348.082,0.14808226542294484
29348.083,0.14808242163112617
29348.084,0.1480825763868226
29348.085,0.14808272976066741
29348.086,0.14808288155453764
29348.087,0.1480830313165757
29348.088,0.1480831792242872
29348.089,0.14808332507819605
29348.09,0.1480834686190005
29348.091,0.14808361001629777
29348.092,0.14808374974414862
29348.093,0.14808388748159743
29348.094,0.14808402313324395
29348.095,0.14808415640933198
29348.096,0.14808428646859198
29348.097,0.14808441263008268
29348.098,0.14808453505118638
29348.099,0.14808465412218785
29348.1,0.14808477016670432
29348.101,0.1480848829008348
29348.102,0.14808499252354435
29348.103,0.14808509877110035
29348.104,0.1480852018016772
29348.105,0.14808530084022745
29348.106,0.14808539623378972
29348.107,0.1480854876428656
29348.108,0.1480855757911973
29348.109,0.14808566064120707
29348.11,0.14808574182340745
29348.111,0.14808581942537852
29348.112,0.14808589344414333
29348.113,0.14808596328755685
29348.114,0.14808602855189612
29348.115,0.14808608950229254
29348.116,0.14808614600128692
29348.117,0.14808619845003212
29348.118,0.1480862470863237
29348.119,0.14808629128981204
29348.12,0.14808633125015946
29348.121,0.14808636734567954
29348.122,0.1480863994784261
29348.123,0.14808642772655484
29348.124,0.14808645194387737
29348.125,0.14808647291844068
29348.126,0.14808649066950957
29348.127,0.14808650492518768
29348.128,0.14808651614000867
29348.129,0.148086524124003
29348.13,0.1480865280608462
29348.131,0.14808652804819356
29348.132,0.1480865243965803
29348.133,0.14808651722061383
29348.134,0.14808650710200358
29348.135,0.14808649432430981
29348.136,0.14808647838076747
29348.137,0.14808645959742736
29348.138,0.14808643838160068
29348.139,0.14808641466559677
29348.14,0.14808638839692098
29348.141,0.1480863609206618
29348.142,0.1480863325831636
29348.143,0.14808630312120752
29348.144,0.14808627262085486
29348.145,0.14808624090982014
29348.146,0.14808620795584052
29348.147,0.14808617357533235
29348.148,0.14808613811673563
29348.149,0.14808610203283004
29348.15,0.1480860657506011
29348.151,0.1480860297184993
29348.152,0.14808599463336977
29348.153,0.14808596027813736
29348.154,0.14808592711996804
29348.155,0.1480858952525591
29348.156,0.14808586478472374
29348.157,0.14808583604600883
29348.158,0.1480858095398003
29348.159,0.1480857855830446
29348.16,0.14808576437296364
29348.161,0.1480857461801009
29348.162,0.14808573147156273
29348.163,0.14808571923194763
29348.164,0.14808570974802884
29348.165,0.14808570304161783
29348.166,0.14808569936585506
29348.167,0.1480856993206038
29348.168,0.1480857027940477
29348.169,0.14808571039021803
29348.17,0.1480857219588213
29348.171,0.14808573804176978
29348.172,0.14808575827483317
29348.173,0.1480857825432036
29348.174,0.14808581122996245
29348.175,0.14808584490587443
29348.176,0.14808588328455463
29348.177,0.14808592599375855
29348.178,0.14808597323440734
29348.179,0.14808602498084023
29348.18,0.14808608072155352
29348.181,0.1480861402302855
29348.182,0.14808620352634877
29348.183,0.1480862707212921
29348.184,0.14808634188905895
29348.185,0.14808641697748678
29348.186,0.14808649592158743
29348.187,0.14808657887524704
29348.188,0.14808666609564555
29348.189,0.1480867571238907
29348.19,0.1480868514848189
29348.191,0.14808694985132365
29348.192,0.14808705233530922
29348.193,0.14808715830346447
29348.194,0.1480872678980427
29348.195,0.148087380815963
29348.196,0.14808749654426034
29348.197,0.1480876149416352
29348.198,0.14808773591421942
29348.199,0.14808785952027548
29348.2,0.14808798563941467
29348.201,0.14808811383375206
29348.202,0.14808824455077443
29348.203,0.1480883775131748
29348.204,0.14808851279506038
29348.205,0.1480886501870665
29348.206,0.14808879001454706
29348.207,0.14808893200557016
29348.208,0.1480890766836951
29348.209,0.1480892242068151
29348.21,0.1480893741447365
29348.211,0.14808952615133023
29348.212,0.1480896804565877
29348.213,0.1480898360105664
29348.214,0.14808999293604197
29348.215,0.14809015195977684
29348.216,0.14809031277716442
29348.217,0.14809047615903034
29348.218,0.14809064187561097
29348.219,0.14809080987746606
29348.22,0.14809098023953937
29348.221,0.14809115319531144
29348.222,0.14809132825521407
29348.223,0.14809150577484145
29348.224,0.14809168582749577
29348.225,0.148091869717618
29348.226,0.14809205689380242
29348.227,0.1480922468377065
29348.228,0.14809244012133202
29348.229,0.14809263583525087
29348.23,0.14809283396664122
29348.231,0.1480930345384575
29348.232,0.14809323777030534
29348.233,0.1480934442105589
29348.234,0.14809365382257866
29348.235,0.1480938664505253
29348.236,0.14809408220506184
29348.237,0.14809430148182026
29348.238,0.1480945242396064
29348.239,0.14809475005289238
29348.24,0.14809497936043742
29348.241,0.14809521308442852
29348.242,0.148095450930213
29348.243,0.14809569295049402
29348.244,0.14809593893944586
29348.245,0.14809618881073705
29348.246,0.14809644242368034
29348.247,0.14809669934784228
29348.248,0.14809695949008606
29348.249,0.1480972234064542
29348.25,0.14809749094678923
29348.251,0.1480977622055728
29348.252,0.14809803696253898
29348.253,0.14809831482553384
29348.254,0.14809859617343518
29348.255,0.14809888116658645
29348.256,0.1480991693562138
29348.257,0.14809946097446577
29348.258,0.14809975616866333
29348.259,0.14810005500322487
29348.26,0.1481003573709819
29348.261,0.14810066299306093
29348.262,0.14810097141682546
29348.263,0.14810128205638992
29348.264,0.1481015947478669
29348.265,0.14810190939569376
29348.266,0.148102225758209
29348.267,0.14810254396736025
29348.268,0.1481028640035698
29348.269,0.14810318566630767
29348.27,0.14810350838765973
29348.271,0.14810383200127966
29348.272,0.14810415618996403
29348.273,0.14810448067526316
29348.274,0.14810480534233186
29348.275,0.14810513045469273
29348.276,0.1481054556459039
29348.277,0.14810578022315976
29348.278,0.1481061042265197
29348.279,0.14810642719792527
29348.28,0.14810674818311426
29348.281,0.1481070665984855
29348.282,0.1481073828811955
29348.283,0.1481076968699214
29348.284,0.14810800811271513
29348.285,0.1481083165392925
29348.286,0.14810862160314628
29348.287,0.14810892310659163
29348.288,0.1481092208107115
29348.289,0.14810951401406053
29348.29,0.1481098023989005
29348.291,0.14811008648936266
29348.292,0.14811036607538763
29348.293,0.14811064058470758
29348.294,0.14811090979426414
29348.295,0.148111173375014
29348.296,0.1481114308409412
29348.297,0.14811168136500905
29348.298,0.14811192459799874
29348.299,0.14811216107931896
29348.3,0.14811239050269334
29348.301,0.14811261246750446
29348.302,0.1481128267566719
29348.303,0.14811303302031867
29348.304,0.1481132313208749
29348.305,0.1481134216667849
29348.306,0.14811360367989498
29348.307,0.14811377728726827
29348.308,0.14811394288298835
29348.309,0.14811410063804237
29348.31,0.1481142497817475
29348.311,0.1481143905278816
29348.312,0.14811452295489824
29348.313,0.14811464625435974
29348.314,0.1481147602665595
29348.315,0.14811486482547537
29348.316,0.1481149596543221
29348.317,0.1481150450846359
29348.318,0.1481151210724177
29348.319,0.14811518775165106
29348.32,0.14811524509824572
29348.321,0.14811529330977338
29348.322,0.1481153324226973
29348.323,0.14811536248122797
29348.324,0.14811538335825722
29348.325,0.14811539595976134
29348.326,0.14811539954750824
29348.327,0.1481153943605711
29348.328,0.14811538115857725
29348.329,0.14811535907006046
29348.33,0.1481153278906542
29348.331,0.14811528739695762
29348.332,0.14811523803077042
29348.333,0.14811518020495867
29348.334,0.14811511334180286
29348.335,0.14811503791895272
29348.336,0.14811495429656849
29348.337,0.14811486247948571
29348.338,0.14811476263884404
29348.339,0.14811465478510139
29348.34,0.14811453943798722
29348.341,0.1481144164228528
29348.342,0.14811428597987955
29348.343,0.14811414840189155
29348.344,0.14811400373302216
29348.345,0.14811385238880898
29348.346,0.14811369391522
29348.347,0.1481135278429335
29348.348,0.14811335462602826
29348.349,0.14811317505496424
29348.35,0.14811298887896485
29348.351,0.14811279646494308
29348.352,0.1481125979711639
29348.353,0.14811239369444326
29348.354,0.1481121838605852
29348.355,0.14811196846276742
29348.356,0.14811174724199544
29348.357,0.14811152055045265
29348.358,0.1481112892662407
29348.359,0.14811105378141123
29348.36,0.1481108136475125
29348.361,0.14811056904323328
29348.362,0.14811032017674877
29348.363,0.14811006656220005
29348.364,0.14810980846014918
29348.365,0.14810954649789754
29348.366,0.1481092805382349
29348.367,0.14810901154672973
29348.368,0.1481087392106414
29348.369,0.14810846354559914
29348.37,0.14810818478835025
29348.371,0.14810790355778775
29348.372,0.1481076200048797
29348.373,0.1481073342349354
29348.374,0.14810704658098017
29348.375,0.14810675772825344
29348.376,0.1481064674765437
29348.377,0.14810617581110325
29348.378,0.14810588329040536
29348.379,0.1481055896954113
29348.38,0.14810529445210385
29348.381,0.14810499762725746
29348.382,0.14810470000468207
29348.383,0.148104401433482
29348.384,0.1481041018959388
29348.385,0.14810380180569055
29348.386,0.14810350096828098
29348.387,0.14810319956793327
29348.388,0.1481028979247572
29348.389,0.14810259569064405
29348.39,0.14810229294567429
29348.391,0.14810199063972382
29348.392,0.1481016885734482
29348.393,0.148101386866962
29348.394,0.14810108541740616
29348.395,0.14810078412595634
29348.396,0.14810048245627336
29348.397,0.14810017979173268
29348.398,0.14809987643122688
29348.399,0.14809957281915995
29348.4,0.14809926877711457
29348.401,0.14809896408575227
29348.402,0.14809865867650043
29348.403,0.14809835249565076
29348.404,0.14809804538557547
29348.405,0.14809773739443854
29348.406,0.14809742813690083
29348.407,0.14809711785097318
29348.408,0.14809680673396053
29348.409,0.1480964946089482
29348.41,0.1480961811643903
29348.411,0.1480958663777375
29348.412,0.14809555002149735
29348.413,0.14809523119506923
29348.414,0.14809490935323494
29348.415,0.14809458459812214
29348.416,0.14809425713415456
29348.417,0.1480939267525798
29348.418,0.14809359347654855
29348.419,0.1480932572548601
29348.42,0.14809291778062655
29348.421,0.14809257498112557
29348.422,0.1480922288879245
29348.423,0.1480918787671922
29348.424,0.1480915245265759
29348.425,0.14809116681287066
29348.426,0.14809080513253423
29348.427,0.14809043911824393
29348.428,0.14809006863377094
29348.429,0.14808969269912095
29348.43,0.148089311148648
29348.431,0.14808892360746154
29348.432,0.14808853031092595
29348.433,0.14808813112645303
29348.434,0.14808772582076601
29348.435,0.14808731482300075
29348.436,0.1480868975092565
29348.437,0.1480864737963334
29348.438,0.14808604367980194
29348.439,0.14808560722418784
29348.44,0.14808516439950015
29348.441,0.14808471532208312
29348.442,0.14808426023645282
29348.443,0.1480837990019809
29348.444,0.14808333119878536
29348.445,0.1480828567888895
29348.446,0.14808237546180483
29348.447,0.14808188663837657
29348.448,0.14808139042845067
29348.449,0.14808088727923058
29348.45,0.14808037723539624
29348.451,0.1480798604926597
29348.452,0.1480793373691729
29348.453,0.1480788076525594
29348.454,0.14807827166836993
29348.455,0.14807772935469676
29348.456,0.14807718088030042
29348.457,0.14807662656464998
29348.458,0.14807606717119082
29348.459,0.14807550285505353
29348.46,0.14807493319502602
29348.461,0.14807435860401003
29348.462,0.1480737788788366
29348.463,0.14807319391941173
29348.464,0.148072603784856
29348.465,0.14807200871591247
29348.466,0.14807140847240918
29348.467,0.14807080425735036
29348.468,0.14807019598956117
29348.469,0.14806958406479492
29348.47,0.14806896874202405
29348.471,0.1480683506340717
29348.472,0.14806772930040668
29348.473,0.1480671046467651
29348.474,0.14806647707737453
29348.475,0.14806584774953535
29348.476,0.148065216543041
29348.477,0.14806458380374124
29348.478,0.14806394955019433
29348.479,0.14806331355102986
29348.48,0.1480626753487695
29348.481,0.14806203524913586
29348.482,0.1480613936322397
29348.483,0.14806075040645658
29348.484,0.14806010570221023
29348.485,0.14805946024095995
29348.486,0.14805881404593524
29348.487,0.14805816713485775
29348.488,0.14805751940208586
29348.489,0.14805687087997196
29348.49,0.148056221646086
29348.491,0.14805557234490682
29348.492,0.14805492275979842
29348.493,0.14805427298930834
29348.494,0.14805362268358147
29348.495,0.14805297154080493
29348.496,0.14805231935570107
29348.497,0.14805166577546985
29348.498,0.1480510109526459
29348.499,0.14805035492781682
29348.5,0.1480496972889377
29348.501,0.1480490378908527
29348.502,0.14804837703888546
29348.503,0.1480477147952419
29348.504,0.1480470514069454
29348.505,0.14804638655693353
29348.506,0.14804571973288322
29348.507,0.14804505066289517
29348.508,0.1480443802142316
29348.509,0.1480437082506187
29348.51,0.14804303423326245
29348.511,0.14804235811764888
29348.512,0.14804167984893898
29348.513,0.1480409987362224
29348.514,0.14804031458608144
29348.515,0.14803962755968703
29348.516,0.14803893803251642
29348.517,0.14803824584184516
29348.518,0.1480375512391952
29348.519,0.14803685392022659
29348.52,0.1480361538263052
29348.521,0.14803545069907534
29348.522,0.14803474468413952
29348.523,0.14803403547116803
29348.524,0.14803332347640047
29348.525,0.1480326095006147
29348.526,0.1480318929701616
29348.527,0.1480311740341468
29348.528,0.14803045290686054
29348.529,0.14802972919738763
29348.53,0.14802900290465018
29348.531,0.14802827417772307
29348.532,0.1480275431580488
29348.533,0.14802680999623152
29348.534,0.14802607484293376
29348.535,0.14802533833971568
29348.536,0.14802460027524283
29348.537,0.14802386157707256
29348.538,0.14802312211630747
29348.539,0.14802238195274373
29348.54,0.14802164103855237
29348.541,0.1480209003532422
29348.542,0.148020160316457
29348.543,0.1480194210492049
29348.544,0.14801868260429865
29348.545,0.1480179450371406
29348.546,0.14801720828995202
29348.547,0.1480164719031559
29348.548,0.14801573640212695
29348.549,0.14801500226076533
29348.55,0.14801426935184936
29348.551,0.148013537960344
29348.552,0.14801280849142673
29348.553,0.14801208110422237
29348.554,0.1480113563100597
29348.555,0.14801063406883014
29348.556,0.14800991387305218
29348.557,0.14800919667553677
29348.558,0.1480084825510245
29348.559,0.14800777158581882
29348.56,0.14800706352228157
29348.561,0.14800635890828992
29348.562,0.1480056577143516
29348.563,0.14800495927361548
29348.564,0.14800426328170826
29348.565,0.1480035698068604
29348.566,0.14800287863183198
29348.567,0.14800218996124048
29348.568,0.1480015037287995
29348.569,0.14800082018812472
29348.57,0.14800013942592036
29348.571,0.14799946126112712
29348.572,0.14799878520435755
29348.573,0.14799811177001054
29348.574,0.1479974408885047
29348.575,0.14799677259845656
29348.576,0.14799610670810226
29348.577,0.14799544311219018
29348.578,0.14799478120413181
29348.579,0.14799412084766725
29348.58,0.14799346145620285
29348.581,0.1479928027162223
29348.582,0.14799214440700104
29348.583,0.14799148651744373
29348.584,0.1479908291960041
29348.585,0.14799017270289977
29348.586,0.14798951634629962
29348.587,0.14798885979050286
29348.588,0.14798820331916251
29348.589,0.14798754690491575
29348.59,0.14798688987223302
29348.591,0.14798623301313707
29348.592,0.1479855761595297
29348.593,0.14798491886942328
29348.594,0.14798426077594776
29348.595,0.14798360172093253
29348.596,0.14798294140201754
29348.597,0.1479822796894935
29348.598,0.14798161616011393
29348.599,0.1479809511457245
29348.6,0.14798028470985436
29348.601,0.14797961711189667
29348.602,0.1479789484640839
29348.603,0.14797827845253364
29348.604,0.14797760744323288
29348.605,0.1479769350360768
29348.606,0.1479762616308475
29348.607,0.14797558732871763
29348.608,0.1479749128106373
29348.609,0.14797423756075237
29348.61,0.14797356176750487
29348.611,0.1479728858587655
29348.612,0.1479722094862536
29348.613,0.14797153216783057
29348.614,0.14797085378660055
29348.615,0.14797017477395125
29348.616,0.14796949571357806
29348.617,0.14796881656471078
29348.618,0.14796813789951915
29348.619,0.14796745957694415
29348.62,0.14796678170821542
29348.621,0.14796610463019463
29348.622,0.147965428942357
29348.623,0.1479647544875655
29348.624,0.14796408149997814
29348.625,0.14796341098590352
29348.626,0.14796274266701953
29348.627,0.14796207674845463
29348.628,0.14796141320555778
29348.629,0.1479607522095976
29348.63,0.1479600934869457
29348.631,0.14795943667644193
29348.632,0.14795878237108318
29348.633,0.1479581309318055
29348.634,0.1479574829160218
29348.635,0.14795683816568206
29348.636,0.1479561966171568
29348.637,0.14795555862123144
29348.638,0.14795492440016092
29348.639,0.1479542937061229
29348.64,0.14795366663516435
29348.641,0.14795304377284804
29348.642,0.14795242494236668
29348.643,0.14795181008800237
29348.644,0.1479511993204593
29348.645,0.1479505925650653
29348.646,0.14794998964787087
29348.647,0.1479493897517967
29348.648,0.14794879317580667
29348.649,0.1479482001619485
29348.65,0.14794761074751558
29348.651,0.14794702482463198
29348.652,0.14794644253503036
29348.653,0.14794586369422558
29348.654,0.14794528770615614
29348.655,0.14794471449443514
29348.656,0.14794414384265223
29348.657,0.14794357634661695
29348.658,0.14794301155916903
29348.659,0.14794244982448163
29348.66,0.14794189058461527
29348.661,0.1479413337452189
29348.662,0.1479407786745561
29348.663,0.1479402248500154
29348.664,0.14793967206276848
29348.665,0.14793912033781817
29348.666,0.1479385695714044
29348.667,0.1479380201471561
29348.668,0.1479374720978166
29348.669,0.14793692479363246
29348.67,0.14793637806189988
29348.671,0.14793583175495084
29348.672,0.1479352858413851
29348.673,0.14793474003368612
29348.674,0.1479341940471953
29348.675,0.14793364862475183
29348.676,0.14793310390329664
29348.677,0.1479325591623415
29348.678,0.14793201416701834
29348.679,0.14793146882077546
29348.68,0.14793092261142093
29348.681,0.14793037532642792
29348.682,0.1479298274291502
29348.683,0.14792927913806508
29348.684,0.1479287306358373
29348.685,0.14792818193344542
29348.686,0.14792763259763603
29348.687,0.14792708304717198
29348.688,0.14792653335829123
29348.689,0.14792598302662013
29348.69,0.14792543232550076
29348.691,0.14792488164576217
29348.692,0.14792433127690185
29348.693,0.14792378123025662
29348.694,0.14792323161115728
29348.695,0.1479226827677829
29348.696,0.14792213448145441
29348.697,0.14792158626787677
29348.698,0.14792103783207394
29348.699,0.14792049014629502
29348.7,0.147919942986053
29348.701,0.14791939663287923
29348.702,0.14791885116641101
29348.703,0.1479183068362472
29348.704,0.14791776387696726
29348.705,0.14791722203343147
29348.706,0.1479166814187448
29348.707,0.14791614247034596
29348.708,0.14791560572404938
29348.709,0.14791507148722477
29348.71,0.1479145394960315
29348.711,0.14791400971078575
29348.712,0.14791348214662586
29348.713,0.14791295657060358
29348.714,0.14791243281687533
29348.715,0.14791191108879256
29348.716,0.14791139158921252
29348.717,0.14791087426107027
29348.718,0.14791035933401758
29348.719,0.14790984684166092
29348.72,0.14790933678242754
29348.721,0.14790882980299352
29348.722,0.14790832527840764
29348.723,0.14790782296548888
29348.724,0.14790732311480972
29348.725,0.14790682647446085
29348.726,0.1479063323673701
29348.727,0.1479058410852429
29348.728,0.14790535252501727
29348.729,0.14790486620459506
29348.73,0.14790438163995934
29348.731,0.14790389884144645
29348.732,0.14790341795396103
29348.733,0.14790293894740367
29348.734,0.1479024618134144
29348.735,0.14790198639811092
29348.736,0.14790151270713214
29348.737,0.14790104074458302
29348.738,0.14790057044391844
29348.739,0.14790010136942972
29348.74,0.14789963376531232
29348.741,0.1478991680154028
29348.742,0.14789870382384177
29348.743,0.14789824091393622
29348.744,0.14789777917275607
29348.745,0.1478973182257814
29348.746,0.14789685737431646
29348.747,0.14789639621433848
29348.748,0.1478959352513791
29348.749,0.14789547441149753
29348.75,0.1478950137305545
29348.751,0.14789455311469557
29348.752,0.14789409270035989
29348.753,0.1478936321346213
29348.754,0.14789317095765345
29348.755,0.14789270972275056
29348.756,0.14789224811528995
29348.757,0.14789178595833458
29348.758,0.14789132365046834
29348.759,0.1478908611771948
29348.76,0.14789039797226053
29348.761,0.14788993434893943
29348.762,0.14788946989621282
29348.763,0.14788900420192094
29348.764,0.1478885369193307
29348.765,0.14788806820586411
29348.766,0.1478875978947407
29348.767,0.14788712642494745
29348.768,0.14788665365188244
29348.769,0.1478861797944959
29348.77,0.1478857051584079
29348.771,0.14788522941584206
29348.772,0.1478847525711803
29348.773,0.14788427422581663
29348.774,0.14788379530491683
29348.775,0.14788331600916546
29348.776,0.14788283637609023
29348.777,0.14788235599670435
29348.778,0.14788187503633102
29348.779,0.14788139341992082
29348.78,0.14788091096355244
29348.781,0.14788042755936848
29348.782,0.14787994365778676
29348.783,0.1478794591980954
29348.784,0.14787897458471622
29348.785,0.1478784897174607
29348.786,0.14787800464911002
29348.787,0.1478775198678009
29348.788,0.14787703535909827
29348.789,0.14787655130151567
29348.79,0.14787606814861773
29348.791,0.147875586108161
29348.792,0.14787510576069068
29348.793,0.1478746270524623
29348.794,0.14787414993611245
29348.795,0.1478736743764718
29348.796,0.14787320027660722
29348.797,0.14787272712181465
29348.798,0.1478722553602995
29348.799,0.1478717854127072
29348.8,0.14787131715468413
29348.801,0.14787085095216684
29348.802,0.14787038698184388
29348.803,0.14786992561293338
29348.804,0.1478694666207558
29348.805,0.14786901019477589
29348.806,0.1478685565950524
29348.807,0.1478681062425872
29348.808,0.14786765930290965
29348.809,0.147867215790533
29348.81,0.1478667757241534
29348.811,0.147866339223292
29348.812,0.1478659062289363
29348.813,0.14786547642663528
29348.814,0.14786504950839216
29348.815,0.14786462598888345
29348.816,0.14786420601739267
29348.817,0.1478637896172845
29348.818,0.14786337714433423
29348.819,0.14786296851388278
29348.82,0.1478625638642572
29348.821,0.1478621634673661
29348.822,0.14786176684751884
29348.823,0.14786137413484413
29348.824,0.1478609856122436
29348.825,0.14786060192417727
29348.826,0.1478602231091279
29348.827,0.14785984902151172
29348.828,0.14785947952071002
29348.829,0.1478591144378668
29348.83,0.1478587536372934
29348.831,0.1478583970636847
29348.832,0.1478580444533976
29348.833,0.1478576964384114
29348.834,0.14785735296801938
29348.835,0.14785701436923376
29348.836,0.1478566808190786
29348.837,0.14785635218508394
29348.838,0.1478560289647076
29348.839,0.14785571090318161
29348.84,0.14785539806292203
29348.841,0.14785509107521322
29348.842,0.14785479000840615
29348.843,0.1478544951900706
29348.844,0.14785420636639707
29348.845,0.14785392356199897
29348.846,0.14785364640967696
29348.847,0.14785337475470106
29348.848,0.1478531087216918
29348.849,0.14785284850351554
29348.85,0.14785259401832668
29348.851,0.14785234535183825
29348.852,0.14785210269145665
29348.853,0.1478518660317275
29348.854,0.1478516355083
29348.855,0.147851411523813
29348.856,0.1478511936435281
29348.857,0.147850981962891
29348.858,0.14785077724016446
29348.859,0.14785057925948916
29348.86,0.14785038770762
29348.861,0.14785020276431746
29348.862,0.1478500241469895
29348.863,0.14784985121993433
29348.864,0.1478496835459985
29348.865,0.14784952122868325
29348.866,0.14784936452707936
29348.867,0.1478492135818255
29348.868,0.14784906836246497
29348.869,0.14784892875023767
29348.87,0.14784879465346398
29348.871,0.1478486659225454
29348.872,0.14784854240390327
29348.873,0.14784842415694885
29348.874,0.14784831133552476
29348.875,0.1478482037859768
29348.876,0.147848101704374
29348.877,0.14784800408295926
29348.878,0.14784791112192275
29348.879,0.14784782266220248
29348.88,0.14784773828895711
29348.881,0.14784765756240176
29348.882,0.14784758075831608
29348.883,0.1478475076804669
29348.884,0.14784743879228723
29348.885,0.14784737374601414
29348.886,0.1478473124444022
29348.887,0.14784725454638262
29348.888,0.14784720015497874
29348.889,0.14784714914428299
29348.89,0.14784710150330108
29348.891,0.1478470580737341
29348.892,0.14784701846076054
29348.893,0.14784698225857604
29348.894,0.14784694938000492
29348.895,0.14784691987200843
29348.896,0.147846893529492
29348.897,0.1478468695884066
29348.898,0.14784684851973454
29348.899,0.14784683063316578
29348.9,0.14784681604432248
29348.901,0.1478468049869975
29348.902,0.14784679731201686
29348.903,0.1478467928702065
29348.904,0.1478467916103953
29348.905,0.14784679398245634
29348.906,0.14784679980815685
29348.907,0.14784680923656324
29348.908,0.14784682278025058
29348.909,0.1478468401910529
29348.91,0.1478468615162991
29348.911,0.14784688644139493
29348.912,0.14784691551616372
29348.913,0.14784694812119342
29348.914,0.14784698415776504
29348.915,0.14784702370925487
29348.916,0.14784706647595755
29348.917,0.14784711300785192
29348.918,0.14784716356624678
29348.919,0.1478472180190733
29348.92,0.14784727645106835
29348.921,0.14784733857813176
29348.922,0.14784740428715182
29348.923,0.14784747353053795
29348.924,0.14784754691206375
29348.925,0.14784762475520935
29348.926,0.14784770672233616
29348.927,0.14784779237555393
29348.928,0.14784788181627673
29348.929,0.14784797456301746
29348.93,0.14784807025246266
29348.931,0.14784816842936543
29348.932,0.14784826935911338
29348.933,0.14784837322809138
29348.934,0.14784847983882707
29348.935,0.1478485891630666
29348.936,0.1478487010122594
29348.937,0.1478488148542192
29348.938,0.14784893130265356
29348.939,0.14784904944245636
29348.94,0.14784916931257122
29348.941,0.14784929117553675
29348.942,0.14784941478254654
29348.943,0.1478495399569454
29348.944,0.1478496662294371
29348.945,0.14784979371564635
29348.946,0.1478499217252065
29348.947,0.14785005020228667
29348.948,0.14785017892271077
29348.949,0.14785030763788817
29348.95,0.1478504361067358
29348.951,0.14785056444211966
29348.952,0.14785069234068113
29348.953,0.14785081951020393
29348.954,0.14785094599195941
29348.955,0.14785107135266323
29348.956,0.1478511954129068
29348.957,0.14785131818355648
29348.958,0.14785143987948668
29348.959,0.1478515600499484
29348.96,0.14785167835686278
29348.961,0.1478517950469619
29348.962,0.14785190967727094
29348.963,0.14785202125261632
29348.964,0.14785212948430268
29348.965,0.14785223468112163
29348.966,0.1478523367797138
29348.967,0.14785243544252116
29348.968,0.14785253078298902
29348.969,0.14785262231855778
29348.97,0.1478527103606149
29348.971,0.14785279424735748
29348.972,0.14785287399324493
29348.973,0.1478529493987518
29348.974,0.14785302036267245
29348.975,0.14785308729631583
29348.976,0.14785314997322208
29348.977,0.14785320815739542
29348.978,0.14785326209950253
29348.979,0.14785331102461075
29348.98,0.14785335451449144
29348.981,0.14785339234662453
29348.982,0.1478534244947212
29348.983,0.14785345102977487
29348.984,0.14785347268678625
29348.985,0.1478534887572928
29348.986,0.1478534992226914
29348.987,0.14785350410337994
29348.988,0.14785350384037121
29348.989,0.1478534976517915
29348.99,0.1478534860395596
29348.991,0.14785346927066034
29348.992,0.14785344696270533
29348.993,0.14785341975478325
29348.994,0.14785338761159497
29348.995,0.14785335026486854
29348.996,0.14785330750318185
29348.997,0.14785325900602386
29348.998,0.14785320495964224
29348.999,0.14785314568920796
29349.0,0.1478530814701844
29349.001,0.1478530122659074
29349.002,0.1478529380772362
29349.003,0.14785285952157304
29349.004,0.14785277680423306
29349.005,0.1478526897567803
29349.006,0.14785259860422834
29349.007,0.14785250370913564
29349.008,0.1478524055632937
29349.009,0.14785230434036736
29349.01,0.14785220033634594
29349.011,0.14785209374265962
29349.012,0.14785198481357872
29349.013,0.14785187277185044
29349.014,0.1478517577588138
29349.015,0.14785164019911123
29349.016,0.14785152025143397
29349.017,0.14785139844023978
29349.018,0.14785127479737087
29349.019,0.14785114960969153
29349.02,0.14785102319268917
29349.021,0.14785089592427123
29349.022,0.14785076825741345
29349.023,0.14785063993115535
29349.024,0.14785051150669035
29349.025,0.1478503834940414
29349.026,0.1478502555844958
29349.027,0.14785012800648864
29349.028,0.14785000085258312
29349.029,0.14784987402481112
29349.03,0.14784974727215128
29349.031,0.14784962033186072
29349.032,0.1478494936600117
29349.033,0.14784936759541334
29349.034,0.14784924250748704
29349.035,0.14784911796450614
29349.036,0.1478489944030646
29349.037,0.14784887167410635
29349.038,0.1478487499640533
29349.039,0.14784862883393324
29349.04,0.1478485083374654
29349.041,0.1478483890042513
29349.042,0.14784827091800407
29349.043,0.14784815403859744
29349.044,0.14784803797427307
29349.045,0.14784792266062038
29349.046,0.14784780742683187
29349.047,0.1478476918588975
29349.048,0.14784757586654756
29349.049,0.14784745972584828
29349.05,0.147847343474964
29349.051,0.1478472267355914
29349.052,0.14784710943860943
29349.053,0.1478469918307177
29349.054,0.1478468735446987
29349.055,0.1478467544818647
29349.056,0.1478466343614174
29349.057,0.14784651306594143
29349.058,0.14784639104949732
29349.059,0.14784626806408482
29349.06,0.14784614370097762
29349.061,0.1478460182152642
29349.062,0.14784589079507968
29349.063,0.14784576100396396
29349.064,0.14784562902552414
29349.065,0.14784549489419488
29349.066,0.14784535844127203
29349.067,0.1478452196342695
29349.068,0.14784507857757903
29349.069,0.14784493504670515
29349.07,0.1478447893181459
29349.071,0.1478446410730579
29349.072,0.14784449043601988
29349.073,0.1478443374577035
29349.074,0.14784418222486548
29349.075,0.14784402531349558
29349.076,0.14784386674293507
29349.077,0.14784370617398662
29349.078,0.147843543512561
29349.079,0.14784337886077767
29349.08,0.1478432119501172
29349.081,0.14784304239291438
29349.082,0.14784287041176855
29349.083,0.14784269669309025
29349.084,0.1478425211766291
29349.085,0.14784234347605685
29349.086,0.14784216383902615
29349.087,0.14784198267844867
29349.088,0.14784180054041926
29349.089,0.14784161699657392
29349.09,0.14784143247992854
29349.091,0.14784124713189076
29349.092,0.1478410613239412
29349.093,0.14784087515984648
29349.094,0.14784068850074192
29349.095,0.14784050169210625
29349.096,0.14784031441146295
29349.097,0.147840126292759
29349.098,0.14783993772135678
29349.099,0.1478397491249605
29349.1,0.14783956049170777
29349.101,0.14783937179370546
29349.102,0.14783918342714888
29349.103,0.147838995376966
29349.104,0.14783880743232736
29349.105,0.14783861957115585
29349.106,0.14783843270855362
29349.107,0.14783824646946667
29349.108,0.14783806147211204
29349.109,0.14783787766746323
29349.11,0.1478376950564912
29349.111,0.14783751372721668
29349.112,0.14783733389480705
29349.113,0.14783715485154197
29349.114,0.1478369764384664
29349.115,0.1478367989043088
29349.116,0.14783662208745837
29349.117,0.14783644696668044
29349.118,0.1478362734506986
29349.119,0.14783610123140745
29349.12,0.14783593032421857
29349.121,0.1478357606221905
29349.122,0.14783559204816155
29349.123,0.1478354245361265
29349.124,0.14783525853789514
29349.125,0.14783509459344885
29349.126,0.14783493233798603
29349.127,0.14783477227973083
29349.128,0.1478346142091021
29349.129,0.14783445771088188
29349.13,0.14783430238610562
29349.131,0.14783414818033178
29349.132,0.1478339952549177
29349.133,0.1478338440800108
29349.134,0.14783369422004783
29349.135,0.1478335459436667
29349.136,0.14783339974229626
29349.137,0.1478332550890245
29349.138,0.1478331122672807
29349.139,0.14783297134111198
29349.14,0.14783283216795362
29349.141,0.1478326952870567
29349.142,0.1478325612984471
29349.143,0.14783242983020853
29349.144,0.1478323008463205
29349.145,0.14783217435838342
29349.146,0.1478320498408347
29349.147,0.14783192685350233
29349.148,0.147831805625182
29349.149,0.14783168668120497
29349.15,0.14783156984710916
29349.151,0.1478314554618179
29349.152,0.14783134409810766
29349.153,0.14783123563850684
29349.154,0.14783112967478612
29349.155,0.14783102648463461
29349.156,0.14783092610908716
29349.157,0.14783082861069993
29349.158,0.14783073456321774
29349.159,0.14783064391742906
29349.16,0.1478305567259884
29349.161,0.14783047332710159
29349.162,0.14783039349011715
29349.163,0.14783031709554448
29349.164,0.14783024408658735
29349.165,0.14783017422959221
29349.166,0.14783010805405827
29349.167,0.14783004586338175
29349.168,0.14782998769289463
29349.169,0.14782993373805686
29349.17,0.14782988411229445
29349.171,0.14782983879575043
29349.172,0.14782979792769832
29349.173,0.14782976209381207
29349.174,0.14782973118293205
29349.175,0.14782970595223774
29349.176,0.14782968609773453
29349.177,0.14782967146050535
29349.178,0.1478296621850899
29349.179,0.14782965838250775
29349.18,0.14782965965238368
29349.181,0.14782966595962496
29349.182,0.1478296779150838
29349.183,0.14782969585727881
29349.184,0.14782971971240005
29349.185,0.147829749815774
29349.186,0.14782978613095968
29349.187,0.14782982909940823
29349.188,0.14782987867618927
29349.189,0.14782993490165197
29349.19,0.14782999795968857
29349.191,0.14783006885392808
29349.192,0.14783014758107882
29349.193,0.1478302340689721
29349.194,0.14783032817363662
29349.195,0.14783043008352068
29349.196,0.1478305397145374
29349.197,0.1478306567989128
29349.198,0.1478307814717181
29349.199,0.1478309139473659
29349.2,0.1478310542540976
29349.201,0.14783120219016807
29349.202,0.14783135833706953
29349.203,0.1478315224395729
29349.204,0.14783169510675956
29349.205,0.14783187667017658
29349.206,0.1478320669567214
29349.207,0.1478322659830577
29349.208,0.14783247420317525
29349.209,0.14783269179863556
29349.21,0.14783291860918146
29349.211,0.1478331547507522
29349.212,0.14783339989131528
29349.213,0.1478336531596958
29349.214,0.14783391444110505
29349.215,0.14783418401748707
29349.216,0.14783446224119087
29349.217,0.1478347494662489
29349.218,0.1478350451603037
29349.219,0.14783534967664227
29349.22,0.14783566313608923
29349.221,0.14783598573332174
29349.222,0.14783631732997168
29349.223,0.14783665755195158
29349.224,0.14783700679731496
29349.225,0.14783736571700976
29349.226,0.1478377341409701
29349.227,0.14783811166188515
29349.228,0.14783849840220198
29349.229,0.14783889380938287
29349.23,0.14783929762412304
29349.231,0.14783970973855529
29349.232,0.14784013030072163
29349.233,0.14784055984658895
29349.234,0.14784099799866973
29349.235,0.1478414449281706
29349.236,0.1478419004157563
29349.237,0.1478423650179943
29349.238,0.1478428383521094
29349.239,0.14784332027122157
29349.24,0.1478438105509702
29349.241,0.1478443098655232
29349.242,0.1478448182441593
29349.243,0.1478453350436313
29349.244,0.14784586067885688
29349.245,0.14784639469272098
29349.246,0.1478469366812693
29349.247,0.14784748659818847
29349.248,0.14784804464203308
29349.249,0.14784861092827326
29349.25,0.1478491848416558
29349.251,0.1478497664853634
29349.252,0.1478503554781322
29349.253,0.14785095185457792
29349.254,0.14785155577074083
29349.255,0.14785216687173594
29349.256,0.1478527847901718
29349.257,0.147853409448074
29349.258,0.14785404134517527
29349.259,0.14785468072303518
29349.26,0.14785532700759438
29349.261,0.14785598008804457
29349.262,0.14785663923397904
29349.263,0.14785730393742985
29349.264,0.1478579733437714
29349.265,0.1478586470117742
29349.266,0.14785932578587357
29349.267,0.14786000912298794
29349.268,0.14786069663080145
29349.269,0.14786138803592674
29349.27,0.14786208317118876
29349.271,0.14786278166065703
29349.272,0.14786348335564473
29349.273,0.1478641876433464
29349.274,0.14786489439353762
29349.275,0.14786560409168123
29349.276,0.14786631623080435
29349.277,0.14786703048231525
29349.278,0.14786774677638112
29349.279,0.14786846394549968
29349.28,0.14786918132785704
29349.281,0.14786989858938618
29349.282,0.147870615806291
29349.283,0.14787133245424086
29349.284,0.147872048134304
29349.285,0.14787276289972154
29349.286,0.14787347634036888
29349.287,0.1478741880493233
29349.288,0.1478748981200131
29349.289,0.14787560618063375
29349.29,0.14787631187864436
29349.291,0.1478770158352078
29349.292,0.1478777175405032
29349.293,0.14787841679750552
29349.294,0.14787911362982492
29349.295,0.14787980834117317
29349.296,0.14788049981118256
29349.297,0.14788118684644574
29349.298,0.14788186967446826
29349.299,0.1478825489825611
29349.3,0.14788322460476658
29349.301,0.14788389641719604
29349.302,0.14788456528202895
29349.303,0.14788523071138754
29349.304,0.1478858930233592
29349.305,0.14788655157977398
29349.306,0.1478872063163323
29349.307,0.1478878578954301
29349.308,0.14788850663484363
29349.309,0.14788915276732492
29349.31,0.14788979616426146
29349.311,0.1478904374997703
29349.312,0.14789107643220256
29349.313,0.14789171272148932
29349.314,0.147892346104073
29349.315,0.1478929775125797
29349.316,0.14789360712903382
29349.317,0.14789423494499113
29349.318,0.14789486117185813
29349.319,0.147895486228295
29349.32,0.1478961103058174
29349.321,0.14789673378768897
29349.322,0.14789735662773307
29349.323,0.14789797869472346
29349.324,0.14789860088385254
29349.325,0.14789922370470535
29349.326,0.14789984727921865
29349.327,0.14790047166435435
29349.328,0.14790109739888396
29349.329,0.14790172382313674
29349.33,0.14790235097839297
29349.331,0.1479029789562678
29349.332,0.14790360806941816
29349.333,0.14790423848191595
29349.334,0.14790487065309704
29349.335,0.1479055050653676
29349.336,0.1479061418348856
29349.337,0.14790678080149722
29349.338,0.1479074220445913
29349.339,0.14790806593044428
29349.34,0.14790871237096262
29349.341,0.14790936211684835
29349.342,0.14791001541841914
29349.343,0.1479106724532359
29349.344,0.14791133273906582
29349.345,0.1479119965263634
29349.346,0.1479126639949744
29349.347,0.14791333474320736
29349.348,0.14791400821492975
29349.349,0.14791468484682382
29349.35,0.14791536457062815
29349.351,0.14791604743141862
29349.352,0.14791673375337047
29349.353,0.14791742361084648
29349.354,0.14791811668154894
29349.355,0.14791881287663775
29349.356,0.1479195124583366
29349.357,0.14792021566532687
29349.358,0.14792092261800346
29349.359,0.14792163383959386
29349.36,0.14792234856240852
29349.361,0.14792306696580468
29349.362,0.14792378858887237
29349.363,0.14792451300944404
29349.364,0.14792523980842767
29349.365,0.14792596943558198
29349.366,0.14792670221892937
29349.367,0.14792743737663147
29349.368,0.1479281752329378
29349.369,0.14792891572728448
29349.37,0.1479296589802558
29349.371,0.14793040478275318
29349.372,0.1479311530035751
29349.373,0.1479319030388603
29349.374,0.1479326554397356
29349.375,0.1479334103675748
29349.376,0.1479341678508574
29349.377,0.14793492813096432
29349.378,0.14793569073266893
29349.379,0.14793645538530997
29349.38,0.14793722141490925
29349.381,0.14793798836359737
29349.382,0.14793875622655017
29349.383,0.14793952513319647
29349.384,0.14794029532723688
29349.385,0.14794106664940718
29349.386,0.14794183888354218
29349.387,0.14794261236813933
29349.388,0.14794338664351953
29349.389,0.14794416138575756
29349.39,0.1479449366881292
29349.391,0.14794571308296842
29349.392,0.1479464902895117
29349.393,0.14794726817813847
29349.394,0.14794804670620765
29349.395,0.14794882539078208
29349.396,0.14794960344649688
29349.397,0.1479503806015142
29349.398,0.14795115720078802
29349.399,0.14795193330402465
29349.4,0.14795270861688326
29349.401,0.14795348322025265
29349.402,0.14795425709949722
29349.403,0.14795502966610366
29349.404,0.14795580119915158
29349.405,0.14795657124043227
29349.406,0.14795733988165122
29349.407,0.14795810748687924
29349.408,0.1479588738577441
29349.409,0.1479596390096793
29349.41,0.14796040315069844
29349.411,0.14796116596146966
29349.412,0.14796192675753217
29349.413,0.14796268512021452
29349.414,0.1479634404586697
29349.415,0.1479641931858365
29349.416,0.14796494275269595
29349.417,0.14796568926895234
29349.418,0.14796643278998925
29349.419,0.14796717304601278
29349.42,0.14796790998231
29349.421,0.14796864356257824
29349.422,0.1479693735858204
29349.423,0.14797009992404803
29349.424,0.14797082296826725
29349.425,0.1479715430948753
29349.426,0.14797225994342378
29349.427,0.14797297305410942
29349.428,0.1479736819413933
29349.429,0.1479743864855392
29349.43,0.1479750863703307
29349.431,0.14797578114844745
29349.432,0.14797647114429183
29349.433,0.1479771564068
29349.434,0.14797783709571583
29349.435,0.14797851283470656
29349.436,0.14797918315121988
29349.437,0.14797984804274225
29349.438,0.14798050792759607
29349.439,0.1479811623311798
29349.44,0.14798181118519216
29349.441,0.14798245497104176
29349.442,0.14798309384854047
29349.443,0.14798372773870966
29349.444,0.14798435679489766
29349.445,0.14798498149297998
29349.446,0.14798560060698757
29349.447,0.14798621326114644
29349.448,0.14798681968509725
29349.449,0.1479874206779684
29349.45,0.14798801591380348
29349.451,0.14798860548711537
29349.452,0.14798918946175985
29349.453,0.14798976777688738
29349.454,0.14799034047696502
29349.455,0.14799090760169406
29349.456,0.14799146944587732
29349.457,0.1479920258776397
29349.458,0.1479925775973635
29349.459,0.14799312490911515
29349.46,0.147993667351327
29349.461,0.14799420530503385
29349.462,0.147994738493198
29349.463,0.14799526678677297
29349.464,0.14799578984699668
29349.465,0.1479963078732232
29349.466,0.1479968209737873
29349.467,0.1479973294931208
29349.468,0.1479978339656029
29349.469,0.14799833429103887
29349.47,0.147998830785186
29349.471,0.14799932342574498
29349.472,0.14799981219521635
29349.473,0.14800029746525306
29349.474,0.14800077971985903
29349.475,0.1480012598766155
29349.476,0.1480017378322154
29349.477,0.14800221318106996
29349.478,0.14800268550423573
29349.479,0.1480031553813463
29349.48,0.14800362224441369
29349.481,0.14800408660719847
29349.482,0.14800454874184923
29349.483,0.14800500894090982
29349.484,0.14800546738644701
29349.485,0.1480059239639527
29349.486,0.14800637898122826
29349.487,0.1480068326718401
29349.488,0.14800728515408088
29349.489,0.1480077367033996
29349.49,0.14800818722491602
29349.491,0.1480086372193666
29349.492,0.14800908664106655
29349.493,0.1480095360007575
29349.494,0.14800998525921835
29349.495,0.1480104342963824
29349.496,0.14801088310841512
29349.497,0.14801133104332695
29349.498,0.14801177841928187
29349.499,0.14801222561728875
29349.5,0.1480126723218536
29349.501,0.14801311866521802
29349.502,0.14801356473161378
29349.503,0.14801401028482775
29349.504,0.1480144555110461
29349.505,0.14801490011068658
29349.506,0.14801534456709478
29349.507,0.14801578897744472
29349.508,0.14801623345150913
29349.509,0.1480166784079264
29349.51,0.14801712324279725
29349.511,0.14801756799257174
29349.512,0.14801801238679135
29349.513,0.14801845589929633
29349.514,0.1480188977345508
29349.515,0.14801933810815132
29349.516,0.14801977726238086
29349.517,0.1480202155078476
29349.518,0.14802065260274552
29349.519,0.14802108821697102
29349.52,0.148021522730908
29349.521,0.14802195595398362
29349.522,0.14802238710484114
29349.523,0.1480228162853258
29349.524,0.14802324366446928
29349.525,0.14802366969620206
29349.526,0.1480240940796391
29349.527,0.14802451698607985
29349.528,0.14802493797128594
29349.529,0.1480253570174084
29349.53,0.14802577383903354
29349.531,0.1480261879356734
29349.532,0.14802659963755913
29349.533,0.14802700883270467
29349.534,0.14802741553611937
29349.535,0.1480278197830268
29349.536,0.14802822168296212
29349.537,0.1480286216704342
29349.538,0.14802901961592976
29349.539,0.1480294154055744
29349.54,0.14802980863903997
29349.541,0.14803020043165563
29349.542,0.14803059084279643
29349.543,0.1480309799605468
29349.544,0.14803136798861083
29349.545,0.14803175438148303
29349.546,0.14803213888351904
29349.547,0.14803252126239153
29349.548,0.148032901916623
29349.549,0.14803328140658853
29349.55,0.1480336597327612
29349.551,0.14803403694918663
29349.552,0.14803441340609194
29349.553,0.1480347891042119
29349.554,0.14803516421229154
29349.555,0.14803553875880943
29349.556,0.14803591286988835
29349.557,0.14803628646217215
29349.558,0.1480366606166032
29349.559,0.1480370350965007
29349.56,0.14803740959511177
29349.561,0.1480377847230654
29349.562,0.14803816032606607
29349.563,0.14803853581708842
29349.564,0.14803891079232995
29349.565,0.14803928594797008
29349.566,0.1480396615076244
29349.567,0.14804003759800777
29349.568,0.14804041370308915
29349.569,0.14804078962750972
29349.57,0.14804116565937642
29349.571,0.14804154197270208
29349.572,0.14804191855910004
29349.573,0.14804229512433698
29349.574,0.14804267164697335
29349.575,0.14804304873224158
29349.576,0.14804342551817135
29349.577,0.14804380210349774
29349.578,0.1480441779938069
29349.579,0.14804455328573915
29349.58,0.1480449268017716
29349.581,0.14804529832261804
29349.582,0.14804566768877356
29349.583,0.14804603473867697
29349.584,0.14804639956603632
29349.585,0.1480467617144934
29349.586,0.1480471210129456
29349.587,0.14804747773382707
29349.588,0.14804783150171505
29349.589,0.14804818142445833
29349.59,0.14804852790937786
29349.591,0.14804887090975954
29349.592,0.14804921087739836
29349.593,0.1480495476599683
29349.594,0.14804988042905845
29349.595,0.14805020904112146
29349.596,0.14805053334313478
29349.597,0.14805085238741464
29349.598,0.1480511664502708
29349.599,0.1480514754360099
29349.6,0.14805177970173714
29349.601,0.14805207918661947
29349.602,0.14805237418051342
29349.603,0.14805266444719606
29349.604,0.14805295044129402
29349.605,0.14805323205898874
29349.606,0.14805350945229304
29349.607,0.1480537825729912
29349.608,0.14805405229092572
29349.609,0.14805431865404975
29349.61,0.14805458143603475
29349.611,0.14805484095963478
29349.612,0.1480550967581791
29349.613,0.14805534847164073
29349.614,0.1480555960318754
29349.615,0.1480558402165325
29349.616,0.1480560810845811
29349.617,0.14805631884325318
29349.618,0.1480565538348796
29349.619,0.14805678618329554
29349.62,0.1480570161013616
29349.621,0.14805724326078284
29349.622,0.14805746812896597
29349.623,0.1480576913577218
29349.624,0.14805791289735235
29349.625,0.14805813329419562
29349.626,0.1480583526864259
29349.627,0.14805857091089955
29349.628,0.1480587874866387
29349.629,0.14805900251186158
29349.63,0.14805921518676782
29349.631,0.14805942540273748
29349.632,0.14805963348812096
29349.633,0.1480598392810575
29349.634,0.14806004294933758
29349.635,0.14806024472932838
29349.636,0.14806044437165217
29349.637,0.1480606417326437
29349.638,0.14806083679646276
29349.639,0.14806102957461653
29349.64,0.14806121968776756
29349.641,0.14806140784971417
29349.642,0.14806159375658184
29349.643,0.14806177706481016
29349.644,0.14806195781377357
29349.645,0.14806213511784475
29349.646,0.14806230864497702
29349.647,0.14806247764489847
29349.648,0.1480626420409026
29349.649,0.14806280216777637
29349.65,0.14806295700939381
29349.651,0.14806310638548023
29349.652,0.1480632509332911
29349.653,0.14806338988152135
29349.654,0.14806352365701367
29349.655,0.14806365180164732
29349.656,0.14806377425718262
29349.657,0.14806389132404207
29349.658,0.14806400307009918
29349.659,0.1480641093700976
29349.66,0.1480642100613362
29349.661,0.14806430525249967
29349.662,0.1480643944566955
29349.663,0.14806447693387306
29349.664,0.14806455275174346
29349.665,0.1480646221910992
29349.666,0.1480646848533099
29349.667,0.14806474067604614
29349.668,0.14806479013087137
29349.669,0.14806483379407778
29349.67,0.1480648715068326
29349.671,0.1480649034658783
29349.672,0.148064929303669
29349.673,0.14806494926870784
29349.674,0.14806496367467822
29349.675,0.14806497297107196
29349.676,0.1480649772957556
29349.677,0.14806497701424792
29349.678,0.14806497164470955
29349.679,0.1480649615039189
29349.68,0.14806494586519267
29349.681,0.14806492510815938
29349.682,0.1480648995037464
29349.683,0.14806486974409291
29349.684,0.14806483615966412
29349.685,0.14806479879914827
29349.686,0.1480647579261447
29349.687,0.14806471373024066
29349.688,0.14806466627260553
29349.689,0.1480646157471814
29349.69,0.1480645625585403
29349.691,0.1480645070753559
29349.692,0.14806444968015084
29349.693,0.14806439039082295
29349.694,0.14806432933443986
29349.695,0.14806426649993448
29349.696,0.14806420199435155
29349.697,0.1480641351010556
29349.698,0.14806406614112708
29349.699,0.1480639955269761
29349.7,0.14806392334796153
29349.701,0.14806384957813337
29349.702,0.14806377500456303
29349.703,0.14806369918207254
29349.704,0.14806362251228072
29349.705,0.14806354490681295
29349.706,0.148063466351283
29349.707,0.148063386840884
29349.708,0.14806330696708575
29349.709,0.14806322634842373
29349.71,0.14806314498282044
29349.711,0.1480630631155658
29349.712,0.1480629804873352
29349.713,0.14806289665861175
29349.714,0.14806281160660686
29349.715,0.1480627254752135
29349.716,0.1480626379288419
29349.717,0.14806254968327864
29349.718,0.14806246049920826
29349.719,0.14806237019364715
29349.72,0.14806227902526145
29349.721,0.14806218683135208
29349.722,0.14806209360137923
29349.723,0.1480619987285265
29349.724,0.1480619025338311
29349.725,0.14806180527629653
29349.726,0.14806170680344302
29349.727,0.14806160702611948
29349.728,0.1480615052541949
29349.729,0.14806140160911802
29349.73,0.14806129564445972
29349.731,0.14806118735740112
29349.732,0.14806107665993554
29349.733,0.1480609636171197
29349.734,0.14806084857461974
29349.735,0.14806073133395875
29349.736,0.14806061176538687
29349.737,0.14806048996628968
29349.738,0.14806036551738633
29349.739,0.14806023795810977
29349.74,0.14806010735085215
29349.741,0.14805997403944024
29349.742,0.14805983831638997
29349.743,0.14805969972154745
29349.744,0.14805955834003529
29349.745,0.14805941349641472
29349.746,0.14805926548020087
29349.747,0.14805911325119633
29349.748,0.14805895689477375
29349.749,0.1480587968924864
29349.75,0.14805863270029662
29349.751,0.14805846499961886
29349.752,0.14805829409496998
29349.753,0.14805811933803922
29349.754,0.14805794087414778
29349.755,0.14805775871916702
29349.756,0.14805757300820277
29349.757,0.14805738371128163
29349.758,0.14805719100629072
29349.759,0.14805699555135693
29349.76,0.14805679694128743
29349.761,0.14805659557935208
29349.762,0.1480563912070119
29349.763,0.1480561833322704
29349.764,0.14805597174228613
29349.765,0.1480557564486132
29349.766,0.1480555374757917
29349.767,0.1480553157001565
29349.768,0.14805509135156739
29349.769,0.14805486434649096
29349.77,0.14805463422190335
29349.771,0.14805440178365536
29349.772,0.14805416664915208
29349.773,0.14805392906513995
29349.774,0.14805368931886612
29349.775,0.14805344797339393
29349.776,0.14805320526796495
29349.777,0.14805296098527232
29349.778,0.14805271491001046
29349.779,0.1480524672022243
29349.78,0.14805221749389963
29349.781,0.1480519659432237
29349.782,0.14805171249103177
29349.783,0.1480514576720505
29349.784,0.14805120134217972
29349.785,0.1480509434036262
29349.786,0.14805068420337783
29349.787,0.14805042364336504
29349.788,0.14805016206940413
29349.789,0.14804989903604115
29349.79,0.14804963482874525
29349.791,0.14804936983847736
29349.792,0.14804910410546804
29349.793,0.14804883783082762
29349.794,0.1480485703891682
29349.795,0.14804830168584923
29349.796,0.14804803174771644
29349.797,0.14804775983564003
29349.798,0.14804748614144966
29349.799,0.14804721109231006
29349.8,0.14804693456558626
29349.801,0.1480466568160229
29349.802,0.14804637757441227
29349.803,0.14804609651229822
29349.804,0.14804581390397142
29349.805,0.14804552962018805
29349.806,0.14804524366679583
29349.807,0.14804495597609554
29349.808,0.1480446671625694
29349.809,0.14804437707833853
29349.81,0.14804408576907124
29349.811,0.14804379302668919
29349.812,0.14804349844632847
29349.813,0.14804320173586516
29349.814,0.148042902570334
29349.815,0.14804260105804573
29349.816,0.14804229714003214
29349.817,0.1480419913938849
29349.818,0.14804168355703595
29349.819,0.14804137377733198
29349.82,0.14804106187272031
29349.821,0.14804074775546758
29349.822,0.148040431530475
29349.823,0.14804011335169714
29349.824,0.14803979370800838
29349.825,0.14803947278213392
29349.826,0.14803915101849086
29349.827,0.14803882792039555
29349.828,0.14803850319192588
29349.829,0.14803817734546282
29349.83,0.1480378495611173
29349.831,0.14803751977280735
29349.832,0.14803718857263046
29349.833,0.1480368558656656
29349.834,0.1480365219354554
29349.835,0.1480361867209415
29349.836,0.14803585020024998
29349.837,0.14803551256985578
29349.838,0.14803517384404694
29349.839,0.14803483428880435
29349.84,0.14803449387765447
29349.841,0.14803415308809706
29349.842,0.1480338122695508
29349.843,0.14803347104477402
29349.844,0.1480331296354625
29349.845,0.14803278798520927
29349.846,0.1480324457022028
29349.847,0.14803210225762445
29349.848,0.14803175821555042
29349.849,0.14803141384244678
29349.85,0.14803106906055083
29349.851,0.1480307239211276
29349.852,0.1480303783516132
29349.853,0.14803003221459973
29349.854,0.148029686029947
29349.855,0.14802933964767145
29349.856,0.14802899284275942
29349.857,0.14802864573340435
29349.858,0.14802829866503336
29349.859,0.14802795153759818
29349.86,0.14802760378076585
29349.861,0.14802725544941156
29349.862,0.14802690625319606
29349.863,0.1480265558139631
29349.864,0.1480262036093706
29349.865,0.1480258498354326
29349.866,0.14802549443372742
29349.867,0.14802513787171157
29349.868,0.14802477975201916
29349.869,0.14802441975945488
29349.87,0.14802405768311744
29349.871,0.1480236939281891
29349.872,0.14802332780286548
29349.873,0.14802295925020575
29349.874,0.14802258807539684
29349.875,0.14802221463794332
29349.876,0.14802183877038522
29349.877,0.14802146025463292
29349.878,0.148021078927654
29349.879,0.14802069429341683
29349.88,0.14802030572907265
29349.881,0.14801991285904414
29349.882,0.14801951597077348
29349.883,0.14801911545545401
29349.884,0.14801871085072602
29349.885,0.1480183022536718
29349.886,0.14801788967132504
29349.887,0.14801747266472362
29349.888,0.14801705124022088
29349.889,0.14801662483284683
29349.89,0.1480161936641215
29349.891,0.14801575786694565
29349.892,0.14801531762400902
29349.893,0.14801487289027435
29349.894,0.14801442351930316
29349.895,0.14801396960678354
29349.896,0.1480135104053044
29349.897,0.14801304572013183
29349.898,0.14801257562018816
29349.899,0.14801210021711064
29349.9,0.1480116198706941
29349.901,0.14801113472001068
29349.902,0.14801064460229926
29349.903,0.1480101497320856
29349.904,0.14800965017387904
29349.905,0.14800914576063823
29349.906,0.1480086366633395
29349.907,0.1480081230236919
29349.908,0.14800760549370093
29349.909,0.14800708422356548
29349.91,0.1480065590087825
29349.911,0.14800602997010207
29349.912,0.14800549656168852
29349.913,0.1480049590457757
29349.914,0.1480044171092508
29349.915,0.1480038710328323
29349.916,0.1480033208926431
29349.917,0.148002767057046
29349.918,0.14800220944229212
29349.919,0.14800164834757146
29349.92,0.1480010836857389
29349.921,0.1480005156864793
29349.922,0.14799994441813924
29349.923,0.14799936993798296
29349.924,0.14799879237573144
29349.925,0.14799821218560763
29349.926,0.1479976292061804
29349.927,0.1479970433757469
29349.928,0.14799645460261956
29349.929,0.1479958629773855
29349.93,0.1479952678647752
29349.931,0.1479946694554842
29349.932,0.14799406793011513
29349.933,0.1479934632431456
29349.934,0.14799285551195396
29349.935,0.1479922445656507
29349.936,0.14799163051445188
29349.937,0.14799101338590773
29349.938,0.14799039309954864
29349.939,0.14798976951613593
29349.94,0.14798914293254298
29349.941,0.147988513760093
29349.942,0.14798788176481764
29349.943,0.1479872467724452
29349.944,0.1479866087221756
29349.945,0.14798596750238122
29349.946,0.14798532262708328
29349.947,0.14798467377904945
29349.948,0.1479840213012557
29349.949,0.14798336509961105
29349.95,0.14798270538966893
29349.951,0.1479820418557143
29349.952,0.14798137477724244
29349.953,0.14798070397848317
29349.954,0.147980029833907
29349.955,0.14797935186092545
29349.956,0.14797867063043235
29349.957,0.1479779860450261
29349.958,0.14797729852360902
29349.959,0.14797660782463215
29349.96,0.14797591417681338
29349.961,0.14797521775399158
29349.962,0.14797451836832384
29349.963,0.14797381554151376
29349.964,0.14797310891708373
29349.965,0.14797239910825993
29349.966,0.1479716861406718
29349.967,0.14797097060832304
29349.968,0.14797025231550742
29349.969,0.14796953140503846
29349.97,0.147968808097431
29349.971,0.14796808235938413
29349.972,0.14796735429355407
29349.973,0.1479666239735982
29349.974,0.14796589178525968
29349.975,0.1479651586149513
29349.976,0.1479644241678935
29349.977,0.14796368843964336
29349.978,0.14796295130519535
29349.979,0.14796221260417572
29349.98,0.14796147219751982
29349.981,0.14796073009008995
29349.982,0.14795998667605978
29349.983,0.14795924197070592
29349.984,0.1479584961859354
29349.985,0.14795774942514425
29349.986,0.14795700185523772
29349.987,0.14795625343527805
29349.988,0.1479555043091667
29349.989,0.1479547542616251
29349.99,0.14795400384558716
29349.991,0.14795325324422706
29349.992,0.1479525029383906
29349.993,0.14795175254632836
29349.994,0.14795100192526547
29349.995,0.14795025093462316
29349.996,0.1479494991176699
29349.997,0.14794874658268928
29349.998,0.1479479927938262
29349.999,0.14794723805981572
29350.0,0.14794648273802813
29350.001,0.14794572652324206
29350.002,0.14794496905492377
29350.003,0.14794421053234813
29350.004,0.14794345071719375
29350.005,0.147942689526418
29350.006,0.1479419267242908
29350.007,0.14794116196505389
29350.008,0.14794039583406346
29350.009,0.14793962779799194
29350.01,0.14793885763788864
29350.011,0.1479380851245435
29350.012,0.1479373097061833
29350.013,0.14793653125713394
29350.014,0.1479357489865155
29350.015,0.1479349629197896
29350.016,0.14793417312388044
29350.017,0.14793337945892773
29350.018,0.1479325819022234
29350.019,0.1479317802793999
29350.02,0.1479309743159707
29350.021,0.14793016368290196
29350.022,0.14792934790242912
29350.023,0.1479285268135859
29350.024,0.1479277003561642
29350.025,0.14792686860497825
29350.026,0.14792603120144368
29350.027,0.14792518799954782
29350.028,0.14792433832893004
29350.029,0.1479234820919651
29350.03,0.14792261831392245
29350.031,0.14792174674466177
29350.032,0.14792086747912908
29350.033,0.14791998085504093
29350.034,0.14791908662743167
29350.035,0.147918184681326
29350.036,0.14791727481687467
29350.037,0.14791635694586755
29350.038,0.1479154309742802
29350.039,0.14791449665854176
29350.04,0.14791355413272814
29350.041,0.14791260329020725
29350.042,0.14791164434739315
29350.043,0.14791067719859474
29350.044,0.14790970194160394
29350.045,0.14790871829399535
29350.046,0.14790772589017934
29350.047,0.14790672469498745
29350.048,0.14790571491145352
29350.049,0.14790469642130302
29350.05,0.14790366998581186
29350.051,0.14790263535270495
29350.052,0.1479015933432408
29350.053,0.14790054410219833
29350.054,0.14789948787589874
29350.055,0.1478984246524315
29350.056,0.14789735474908391
29350.057,0.14789627827957585
29350.058,0.14789519623115563
29350.059,0.14789410870233194
29350.06,0.14789301617022327
29350.061,0.14789191850748049
29350.062,0.14789081590802625
29350.063,0.14788970869555254
29350.064,0.14788859712034927
29350.065,0.14788748175242067
29350.066,0.14788636312893766
29350.067,0.14788524184666413
29350.068,0.14788411845553495
29350.069,0.1478829933699985
29350.07,0.14788186723225819
29350.071,0.14788074024603717
29350.072,0.14787961307697575
29350.073,0.14787848620739044
29350.074,0.14787736041837696
29350.075,0.14787623665638244
29350.076,0.14787511486056154
29350.077,0.14787399570248627
29350.078,0.14787287931827114
29350.079,0.14787176586807238
29350.08,0.14787065543406194
29350.081,0.1478695482123308
29350.082,0.14786844501910543
29350.083,0.14786734657756131
29350.084,0.1478662531225181
29350.085,0.14786516475550118
29350.086,0.14786408203173573
29350.087,0.14786300509525124
29350.088,0.14786193427800082
29350.089,0.147860870007108
29350.09,0.14785981256509895
29350.091,0.14785876252481694
29350.092,0.14785772003141873
29350.093,0.14785668477275576
29350.094,0.14785565708774753
29350.095,0.14785463700293727
29350.096,0.1478536240864764
29350.097,0.14785261794065924
29350.098,0.1478516183528363
29350.099,0.14785062586030373
29350.1,0.14784964065400027
29350.101,0.14784866211433023
29350.102,0.1478476903130455
29350.103,0.14784672527096548
29350.104,0.14784576692827447
29350.105,0.1478448151724758
29350.106,0.14784386952399584
29350.107,0.14784292982663996
29350.108,0.14784199671143036
29350.109,0.14784106961778262
29350.11,0.1478401484102901
29350.111,0.14783923245010536
29350.112,0.14783832122521443
29350.113,0.1478374141751009
29350.114,0.14783651081571209
29350.115,0.14783561100532372
29350.116,0.1478347145091667
29350.117,0.1478338210159506
29350.118,0.1478329303380165
29350.119,0.14783204226162952
29350.12,0.1478311565771714
29350.121,0.14783027260992224
29350.122,0.14782938998936565
29350.123,0.1478285090651197
29350.124,0.14782762926120996
29350.125,0.1478267508092497
29350.126,0.14782587335371927
29350.127,0.14782499619167047
29350.128,0.14782411919038152
29350.129,0.14782324186624407
29350.13,0.14782236339802013
29350.131,0.14782148345185667
29350.132,0.14782060240999945
29350.133,0.14781972001681418
29350.134,0.14781883586543276
29350.135,0.14781795001541684
29350.136,0.14781706214275767
29350.137,0.14781617240887815
29350.138,0.14781528055535068
29350.139,0.14781438644488173
29350.14,0.14781348985615678
29350.141,0.14781259112788536
29350.142,0.1478116899703276
29350.143,0.14781078628722136
29350.144,0.147809879885561
29350.145,0.1478089704895694
29350.146,0.147808057757878
29350.147,0.14780714143041418
29350.148,0.1478062216108707
29350.149,0.14780529846100665
29350.15,0.14780437200597024
29350.151,0.14780344222542002
29350.152,0.14780250956574587
29350.153,0.14780157358160603
29350.154,0.14780063446182806
29350.155,0.14779969247456637
29350.156,0.14779874747194782
29350.157,0.14779779971742263
29350.158,0.1477968495421591
29350.159,0.14779589677443428
29350.16,0.14779494165117993
29350.161,0.1477939842322807
29350.162,0.14779302471230013
29350.163,0.14779206258723424
29350.164,0.14779109738694512
29350.165,0.1477901293300293
29350.166,0.14778915910268775
29350.167,0.1477881869395805
29350.168,0.1477872133874146
29350.169,0.14778623816781472
29350.17,0.14778526158146665
29350.171,0.14778428347421824
29350.172,0.14778330421033142
29350.173,0.1477823241384168
29350.174,0.14778134362885456
29350.175,0.147780363043042
29350.176,0.1477793822123423
29350.177,0.14777840146327267
29350.178,0.14777742038000183
29350.179,0.14777643923525785
29350.18,0.14777545769002143
29350.181,0.14777447615708697
29350.182,0.14777349515286395
29350.183,0.14777251475202333
29350.184,0.14777153475632215
29350.185,0.14777055575070613
29350.186,0.14776957777326338
29350.187,0.14776860083458482
29350.188,0.14776762506756003
29350.189,0.1477666508839427
29350.19,0.14776567792979184
29350.191,0.1477647068976352
29350.192,0.14776373763749856
29350.193,0.14776277041333521
29350.194,0.1477618051434477
29350.195,0.14776084170166434
29350.196,0.14775987941605587
29350.197,0.14775891854961756
29350.198,0.14775795927711918
29350.199,0.14775700177117312
29350.2,0.14775604597659714
29350.201,0.14775509190531377
29350.202,0.1477541400245208
29350.203,0.14775319017502214
29350.204,0.14775224225429312
29350.205,0.14775129644486854
29350.206,0.147750352532794
29350.207,0.1477494106271407
29350.208,0.14774847106689526
29350.209,0.1477475338176106
29350.21,0.14774659838069423
29350.211,0.1477456647691763
29350.212,0.1477447325100991
29350.213,0.14774380158774317
29350.214,0.1477428715062274
29350.215,0.1477419421839663
29350.216,0.1477410136562203
29350.217,0.14774008611606185
29350.218,0.14773915958888031
29350.219,0.1477382341049403
29350.22,0.14773730926898332
29350.221,0.1477363852210335
29350.222,0.14773546160299697
29350.223,0.14773453868986933
29350.224,0.14773361584028308
29350.225,0.14773269368462014
29350.226,0.14773177209499141
29350.227,0.1477308507374536
29350.228,0.14772992942322807
29350.229,0.14772900749943332
29350.23,0.14772808435203166
29350.231,0.147727160003424
29350.232,0.1477262347311707
29350.233,0.1477253084389518
29350.234,0.1477243810795231
29350.235,0.14772345261606862
29350.236,0.14772252273651243
29350.237,0.14772159186940156
29350.238,0.14772065938695564
29350.239,0.14771972561056348
29350.24,0.14771879014187755
29350.241,0.1477178532445832
29350.242,0.14771691494815806
29350.243,0.1477159754798436
29350.244,0.1477150343627047
29350.245,0.14771409124340443
29350.246,0.14771314567517937
29350.247,0.147712197311544
29350.248,0.14771124651004655
29350.249,0.14771029328092206
29350.25,0.14770933745508377
29350.251,0.14770837931774858
29350.252,0.14770741884541466
29350.253,0.14770645584613576
29350.254,0.14770549016603662
29350.255,0.14770452197385625
29350.256,0.14770355129518714
29350.257,0.14770257817407892
29350.258,0.1477016031575658
29350.259,0.14770062638414513
29350.26,0.1476996474992413
29350.261,0.14769866633513687
29350.262,0.14769768296745997
29350.263,0.14769669710545386
29350.264,0.14769570853044217
29350.265,0.14769471780274188
29350.266,0.14769372494550007
29350.267,0.14769273014270345
29350.268,0.147691733409905
29350.269,0.14769073488485257
29350.27,0.14768973475816047
29350.271,0.1476887332965629
29350.272,0.1476877304177684
29350.273,0.14768672641876082
29350.274,0.14768572144048484
29350.275,0.1476847155681579
29350.276,0.14768370919411036
29350.277,0.14768270246889287
29350.278,0.14768169535847414
29350.279,0.14768068773994877
29350.28,0.14767967926574788
29350.281,0.14767867026813788
29350.282,0.14767766080590589
29350.283,0.14767665141224426
29350.284,0.14767564233296399
29350.285,0.1476746338783224
29350.286,0.14767362606461135
29350.287,0.14767261922868796
29350.288,0.1476716135589708
29350.289,0.1476706092688729
29350.29,0.14766960652682395
29350.291,0.14766860575096571
29350.292,0.1476676074144741
29350.293,0.14766661144850188
29350.294,0.147665617945968
29350.295,0.1476646266361829
29350.296,0.14766363761766133
29350.297,0.14766265057969163
29350.298,0.1476616656314942
29350.299,0.1476606830037601
29350.3,0.1476597032060762
29350.301,0.14765872645036746
29350.302,0.14765775270152828
29350.303,0.1476567821770824
29350.304,0.14765581501084893
29350.305,0.14765485127576167
29350.306,0.14765389074057167
29350.307,0.14765293366059204
29350.308,0.14765198075964478
29350.309,0.14765103173144084
29350.31,0.14765008630641735
29350.311,0.14764914464032272
29350.312,0.14764820636783016
29350.313,0.14764727155899404
29350.314,0.1476463396318906
29350.315,0.1476454107977152
29350.316,0.14764448551131532
29350.317,0.14764356383049587
29350.318,0.14764264556162326
29350.319,0.14764173064680805
29350.32,0.14764081908398938
29350.321,0.1476399109139904
29350.322,0.14763900557770218
29350.323,0.14763810349568335
29350.324,0.147637204494023
29350.325,0.1476363092803323
29350.326,0.14763541732384614
29350.327,0.14763452841141014
29350.328,0.14763364240422072
29350.329,0.14763275906506937
29350.33,0.14763187772647554
29350.331,0.1476309983640013
29350.332,0.14763012107642456
29350.333,0.14762924617307377
29350.334,0.14762837344320268
29350.335,0.14762750293215907
29350.336,0.1476266345667415
29350.337,0.14762576863872154
29350.338,0.14762490462198197
29350.339,0.14762404266016033
29350.34,0.14762318232767271
29350.341,0.14762232421217025
29350.342,0.14762146865111914
29350.343,0.147620615134287
29350.344,0.14761976380028635
29350.345,0.14761891443979488
29350.346,0.14761806662892266
29350.347,0.147617219830921
29350.348,0.14761637428422086
29350.349,0.14761553016156415
29350.35,0.1476146876290975
29350.351,0.1476138469438238
29350.352,0.14761300808099204
29350.353,0.14761217101177695
29350.354,0.14761133577475305
29350.355,0.14761050272841525
29350.356,0.14760967156603605
29350.357,0.1476088422081451
29350.358,0.14760801520014105
29350.359,0.1476071904181744
29350.36,0.14760636780626832
29350.361,0.14760554775954074
29350.362,0.14760472995046345
29350.363,0.14760391383610863
29350.364,0.14760309890154455
29350.365,0.14760228582545593
29350.366,0.1476014745622597
29350.367,0.14760066554666737
29350.368,0.14759985895167219
29350.369,0.14759905470556398
29350.37,0.1475982525457176
29350.371,0.14759745290389925
29350.372,0.1475966555524742
29350.373,0.14759586043917886
29350.374,0.14759506796396835
29350.375,0.1475942785078287
29350.376,0.14759349222904525
29350.377,0.14759270829313373
29350.378,0.14759192710872535
29350.379,0.14759114791483324
29350.38,0.14759037069489386
29350.381,0.14758959517756617
29350.382,0.1475888217436236
29350.383,0.14758805053961052
29350.384,0.14758728088754478
29350.385,0.1475865131297108
29350.386,0.1475857474557192
29350.387,0.14758498381021176
29350.388,0.14758422176444894
29350.389,0.14758346131421893
29350.39,0.14758270255620928
29350.391,0.14758194534266672
29350.392,0.14758119021502258
29350.393,0.1475804365021104
29350.394,0.14757968420493292
29350.395,0.1475789329336384
29350.396,0.14757818220554306
29350.397,0.14757743130285877
29350.398,0.1475766805934776
29350.399,0.14757592972001987
29350.4,0.14757517897095085
29350.401,0.14757442793787762
29350.402,0.14757367648101222
29350.403,0.14757292476279776
29350.404,0.1475721723104504
29350.405,0.14757141883612773
29350.406,0.1475706643972103
29350.407,0.1475699091336484
29350.408,0.14756915334473944
29350.409,0.1475683966069617
29350.41,0.14756763859261415
29350.411,0.147566879095878
29350.412,0.14756611784717347
29350.413,0.14756535474699503
29350.414,0.14756458866595565
29350.415,0.14756381975219487
29350.416,0.147563048139298
29350.417,0.1475622737173305
29350.418,0.14756149650598352
29350.419,0.14756071654619993
29350.42,0.14755993382874194
29350.421,0.1475591481765084
29350.422,0.14755835948937432
29350.423,0.14755756772332812
29350.424,0.14755677329487898
29350.425,0.14755597625786612
29350.426,0.14755517656799458
29350.427,0.14755437406024968
29350.428,0.14755356856526328
29350.429,0.14755275956143432
29350.43,0.1475519468326263
29350.431,0.14755113045769813
29350.432,0.14755031074919037
29350.433,0.14754948789224298
29350.434,0.14754866157129254
29350.435,0.1475478322930821
29350.436,0.14754699992017284
29350.437,0.14754616453594824
29350.438,0.14754532593264258
29350.439,0.1475444842967282
29350.44,0.14754363992290248
29350.441,0.14754279343290744
29350.442,0.1475419450400129
29350.443,0.14754109453552128
29350.444,0.14754024209763933
29350.445,0.14753938755513274
29350.446,0.14753853085103563
29350.447,0.14753767189969896
29350.448,0.147536810786874
29350.449,0.14753594797773537
29350.45,0.1475350834066843
29350.451,0.14753421733273492
29350.452,0.14753334987134487
29350.453,0.14753248119876214
29350.454,0.1475316114024748
29350.455,0.14753074067345284
29350.456,0.14752986966613393
29350.457,0.14752899825759908
29350.458,0.1475281271974675
29350.459,0.1475272564997158
29350.46,0.1475263861649374
29350.461,0.14752551631660982
29350.462,0.1475246467829888
29350.463,0.14752377767746894
29350.464,0.1475229087542443
29350.465,0.14752204018967482
29350.466,0.14752117226779912
29350.467,0.14752030539196043
29350.468,0.14751943956421334
29350.469,0.14751857508093594
29350.47,0.14751771209402495
29350.471,0.14751685076017534
29350.472,0.14751599086274836
29350.473,0.1475151322847933
29350.474,0.14751427573183865
29350.475,0.14751342173776769
29350.476,0.14751257005870175
29350.477,0.14751172061610182
29350.478,0.14751087371739977
29350.479,0.14751002814583622
29350.48,0.14750918439089628
29350.481,0.14750834219353579
29350.482,0.14750750204068258
29350.483,0.14750666403658666
29350.484,0.1475058286102664
29350.485,0.14750499599595285
29350.486,0.14750416596209937
29350.487,0.14750333818826133
29350.488,0.14750251265772021
29350.489,0.1475016898845186
29350.49,0.1475008700032815
29350.491,0.1475000531905905
29350.492,0.14749923967415543
29350.493,0.14749842931854343
29350.494,0.14749762190748722
29350.495,0.14749681728565298
29350.496,0.1474960151298464
29350.497,0.1474952158944675
29350.498,0.1474944192957842
29350.499,0.14749362583962258
29350.5,0.14749283567054236
29350.501,0.14749204865104998
29350.502,0.14749126557148606
29350.503,0.14749048676254964
29350.504,0.14748971200364458
29350.505,0.1474889416118714
29350.506,0.14748817568809228
29350.507,0.14748741444346505
29350.508,0.1474866582787677
29350.509,0.14748590739681233
29350.51,0.14748516166626413
29350.511,0.14748442173179965
29350.512,0.14748368723911642
29350.513,0.14748295803835484
29350.514,0.14748223375481437
29350.515,0.14748151496603543
29350.516,0.1474808019816066
29350.517,0.14748009520633223
29350.518,0.14747939511894073
29350.519,0.1474787018182526
29350.52,0.14747801546161204
29350.521,0.14747733576583524
29350.522,0.14747666320767183
29350.523,0.14747599776211803
29350.524,0.14747533988059558
29350.525,0.14747468978192865
29350.526,0.1474740478356946
29350.527,0.14747341393800542
29350.528,0.14747278774627368
29350.529,0.14747216889130824
29350.53,0.14747155728589506
29350.531,0.14747095264344426
29350.532,0.14747035521122356
29350.533,0.14746976516863589
29350.534,0.14746918239442713
29350.535,0.14746860708224988
29350.536,0.14746803879497314
29350.537,0.1474674776291056
29350.538,0.14746692347786583
29350.539,0.1474663760217519
29350.54,0.1474658352368715
29350.541,0.14746530130599958
29350.542,0.14746477370406627
29350.543,0.14746425237817445
29350.544,0.1474637369003929
29350.545,0.14746322703237413
29350.546,0.14746272162724994
29350.547,0.14746221985619093
29350.548,0.14746172183279047
29350.549,0.1474612275742335
29350.55,0.14746073678116958
29350.551,0.1474602489981669
29350.552,0.14745976398618638
29350.553,0.14745928163625077
29350.554,0.14745880145514736
29350.555,0.147458322850182
29350.556,0.1474578455678452
29350.557,0.14745736901091783
29350.558,0.14745689382553034
29350.559,0.14745641926742376
29350.56,0.1474559450531839
29350.561,0.14745547108123142
29350.562,0.14745499644751237
29350.563,0.14745452062471842
29350.564,0.14745404237216833
29350.565,0.14745356169324503
29350.566,0.14745307883104322
29350.567,0.14745259363331614
29350.568,0.1474521058276083
29350.569,0.14745161530576933
29350.57,0.14745112141929137
29350.571,0.14745062429355002
29350.572,0.1474501237634895
29350.573,0.14744961957364028
29350.574,0.1474491121004763
29350.575,0.14744860146811153
29350.576,0.14744808728160885
29350.577,0.1474475696198209
29350.578,0.1474470483236311
29350.579,0.14744652304937597
29350.58,0.14744599366248984
29350.581,0.14744545970994843
29350.582,0.14744492167799791
29350.583,0.14744437975551974
29350.584,0.14744383373248895
29350.585,0.14744328335635842
29350.586,0.14744272918489
29350.587,0.14744217117840078
29350.588,0.14744160987551816
29350.589,0.14744104524855373
29350.59,0.14744047729029505
29350.591,0.1474399066321896
29350.592,0.14743933347743646
29350.593,0.1474387576962327
29350.594,0.14743817938970313
29350.595,0.14743759927611347
29350.596,0.1474370171860673
29350.597,0.147436432570703
29350.598,0.1474358449804798
29350.599,0.14743525515130662
29350.6,0.14743466314197554
29350.601,0.1474340693835897
29350.602,0.14743347415540273
29350.603,0.14743287725279383
29350.604,0.14743227872494122
29350.605,0.14743167911895172
29350.606,0.14743107816749682
29350.607,0.1474304766614505
29350.608,0.14742987496716722
29350.609,0.1474292725509898
29350.61,0.14742866933052337
29350.611,0.14742806606162762
29350.612,0.1474274624557849
29350.613,0.14742685800687438
29350.614,0.14742625251930938
29350.615,0.14742564619128987
29350.616,0.14742503946512994
29350.617,0.14742443237885886
29350.618,0.14742382515611638
29350.619,0.14742321745659298
29350.62,0.14742260919847536
29350.621,0.1474220005965231
29350.622,0.14742139208979485
29350.623,0.1474207831310725
29350.624,0.14742017386758352
29350.625,0.1474195646667051
29350.626,0.1474189554858628
29350.627,0.14741834644633825
29350.628,0.14741773680483886
29350.629,0.14741712682929436
29350.63,0.147416516005747
29350.631,0.14741590417449835
29350.632,0.14741529139952683
29350.633,0.14741467775867112
29350.634,0.1474140630397514
29350.635,0.14741344741175386
29350.636,0.14741283078993495
29350.637,0.14741221342899988
29350.638,0.14741159488999894
29350.639,0.14741097507366316
29350.64,0.14741035420017626
29350.641,0.14740973257985096
29350.642,0.1474091103968347
29350.643,0.14740848756167968
29350.644,0.1474078635837262
29350.645,0.14740723849638443
29350.646,0.1474066117757604
29350.647,0.14740598318482356
29350.648,0.1474053530077794
29350.649,0.14740472102921184
29350.65,0.14740408723205164
29350.651,0.1474034516919706
29350.652,0.1474028145780489
29350.653,0.1474021758593122
29350.654,0.14740153548595689
29350.655,0.14740089337186982
29350.656,0.14740024927938225
29350.657,0.14739960358252388
29350.658,0.14739895658122656
29350.659,0.14739830829552034
29350.66,0.1473976584777889
29350.661,0.14739700692624472
29350.662,0.14739635347780916
29350.663,0.1473956978953736
29350.664,0.14739503949619953
29350.665,0.14739437883464435
29350.666,0.14739371586418826
29350.667,0.14739305075477296
29350.668,0.14739238339502314
29350.669,0.14739171383841593
29350.67,0.14739104209318604
29350.671,0.14739036827216662
29350.672,0.14738969241053398
29350.673,0.14738901434668708
29350.674,0.1473883343890341
29350.675,0.14738765292944958
29350.676,0.14738696986948974
29350.677,0.14738628490012745
29350.678,0.1473855979269138
29350.679,0.14738490853034394
29350.68,0.14738421648157624
29350.681,0.14738352182915718
29350.682,0.14738282513638817
29350.683,0.14738212615882898
29350.684,0.14738142501997725
29350.685,0.14738072173308409
29350.686,0.14738001639302994
29350.687,0.1473793089425734
29350.688,0.1473785997008221
29350.689,0.1473778887067723
29350.69,0.14737717590701624
29350.691,0.14737646178283587
29350.692,0.1473757462448642
29350.693,0.1473750288511397
29350.694,0.14737430982654276
29350.695,0.14737358910590329
29350.696,0.14737286609276135
29350.697,0.14737214016126493
29350.698,0.14737141188310338
29350.699,0.14737068196704867
29350.7,0.14736995073514506
29350.701,0.14736921826388477
29350.702,0.1473684845842791
29350.703,0.147367749533603
29350.704,0.14736701324183424
29350.705,0.14736627621473267
29350.706,0.14736553796143964
29350.707,0.147364799097064
29350.708,0.14736405985245657
29350.709,0.14736332054634677
29350.71,0.14736258129578175
29350.711,0.14736184259849258
29350.712,0.1473611036462551
29350.713,0.14736036450899134
29350.714,0.14735962524405116
29350.715,0.14735888596417987
29350.716,0.1473581471555851
29350.717,0.14735740927701532
29350.718,0.14735667237262032
29350.719,0.14735593675412734
29350.72,0.14735520284240636
29350.721,0.1473544709149349
29350.722,0.147353740525422
29350.723,0.14735301210209978
29350.724,0.14735228631998754
29350.725,0.14735156404796448
29350.726,0.14735084528694942
29350.727,0.14735013022706162
29350.728,0.14734941898052223
29350.729,0.14734871114524378
29350.73,0.1473480067956112
29350.731,0.1473473059384071
29350.732,0.14734660893483173
29350.733,0.14734591684037351
29350.734,0.14734522969713928
29350.735,0.14734454781111364
29350.736,0.14734387133074195
29350.737,0.14734320053432665
29350.738,0.1473425355327778
29350.739,0.14734187688228856
29350.74,0.14734122422135065
29350.741,0.147340578000781
29350.742,0.14733993893128516
29350.743,0.14733930671926726
29350.744,0.14733868177506834
29350.745,0.1473380641220136
29350.746,0.14733745358400469
29350.747,0.1473368497661668
29350.748,0.14733625293282163
29350.749,0.14733566329417022
29350.75,0.14733508128200942
29350.751,0.14733450746221569
29350.752,0.14733394165019553
29350.753,0.14733338394228174
29350.754,0.14733283400612035
29350.755,0.14733229192077285
29350.756,0.14733175790709027
29350.757,0.14733123239017498
29350.758,0.14733071542604104
29350.759,0.1473302068530899
29350.76,0.14732970634347953
29350.761,0.1473292143500426
29350.762,0.1473287303657198
29350.763,0.14732825376458034
29350.764,0.14732778437296082
29350.765,0.14732732190280387
29350.766,0.14732686667782227
29350.767,0.14732641885358644
29350.768,0.14732597821509338
29350.769,0.1473255447021811
29350.77,0.1473251180845129
29350.771,0.14732469847369234
29350.772,0.14732428561241329
29350.773,0.1473238791934003
29350.774,0.14732347926435707
29350.775,0.14732308584167664
29350.776,0.14732269885012436
29350.777,0.14732231791862996
29350.778,0.14732194264799128
29350.779,0.14732157246670577
29350.78,0.14732120684734681
29350.781,0.147320845418967
29350.782,0.14732048813752904
29350.783,0.14732013471210423
29350.784,0.1473197851502554
29350.785,0.1473194393888023
29350.786,0.14731909725290898
29350.787,0.1473187586458499
29350.788,0.14731842321284053
29350.789,0.14731809077967434
29350.79,0.1473177610391139
29350.791,0.14731743426971422
29350.792,0.14731711039574522
29350.793,0.14731678898802125
29350.794,0.14731647025722672
29350.795,0.14731615406776846
29350.796,0.14731583943522597
29350.797,0.14731552588629285
29350.798,0.14731521349510548
29350.799,0.14731490234838218
29350.8,0.14731459221420592
29350.801,0.1473142827394576
29350.802,0.14731397392731524
29350.803,0.14731366554095682
29350.804,0.1473133578181979
29350.805,0.14731305062732214
29350.806,0.14731274333980954
29350.807,0.14731243632548502
29350.808,0.14731212989526704
29350.809,0.1473118239226264
29350.81,0.14731151747083968
29350.811,0.14731121083427362
29350.812,0.14731090348718712
29350.813,0.1473105954221172
29350.814,0.1473102854077225
29350.815,0.14730997338575288
29350.816,0.14730965930755988
29350.817,0.14730934368036952
29350.818,0.14730902606676982
29350.819,0.14730870651252703
29350.82,0.1473083844453784
29350.821,0.1473080598122554
29350.822,0.14730773248488765
29350.823,0.1473074024944134
29350.824,0.14730706951106218
29350.825,0.14730673341865896
29350.826,0.14730639390296876
29350.827,0.14730605102580516
29350.828,0.14730570398408965
29350.829,0.14730535220459623
29350.83,0.14730499564541177
29350.831,0.14730463357391965
29350.832,0.14730426619219483
29350.833,0.14730389311407213
29350.834,0.14730351387325566
29350.835,0.1473031286819772
29350.836,0.14730273723995807
29350.837,0.14730233977019067
29350.838,0.14730193555848564
29350.839,0.14730152462719343
29350.84,0.1473011067427282
29350.841,0.14730068272638414
29350.842,0.14730025271432373
29350.843,0.14729981560329694
29350.844,0.14729937173199248
29350.845,0.1472989205513182
29350.846,0.14729846168504696
29350.847,0.14729799455691964
29350.848,0.14729751911367603
29350.849,0.1472970354409123
29350.85,0.14729654389273755
29350.851,0.14729604445556083
29350.852,0.14729553676847457
29350.853,0.14729502112772658
29350.854,0.14729449747555928
29350.855,0.1472939659106841
29350.856,0.14729342704290677
29350.857,0.14729288049477812
29350.858,0.14729232693184904
29350.859,0.14729176636775873
29350.86,0.14729119877362484
29350.861,0.14729062421688074
29350.862,0.14729004241118598
29350.863,0.14728945377481154
29350.864,0.14728885775759332
29350.865,0.14728825458125308
29350.866,0.14728764510545464
29350.867,0.14728702951099423
29350.868,0.14728640800699222
29350.869,0.1472857809805406
29350.87,0.14728514880899993
29350.871,0.14728451196923764
29350.872,0.14728387031247192
29350.873,0.14728322425938845
29350.874,0.14728257404468953
29350.875,0.14728192043002192
29350.876,0.1472812638961041
29350.877,0.1472806043315272
29350.878,0.1472799422417409
29350.879,0.14727927784000658
29350.88,0.14727861103314738
29350.881,0.1472779421577299
29350.882,0.1472772718488594
29350.883,0.14727660068129209
29350.884,0.1472759287965289
29350.885,0.14727525699904256
29350.886,0.14727458528036663
29350.887,0.14727391401140516
29350.888,0.14727324353830823
29350.889,0.14727257445736866
29350.89,0.14727190667959578
29350.891,0.1472712410221022
29350.892,0.14727057828130408
29350.893,0.14726991835067155
29350.894,0.14726926170880694
29350.895,0.14726860856766727
29350.896,0.14726795834920017
29350.897,0.14726731150061462
29350.898,0.14726666854522125
29350.899,0.1472660300476599
29350.9,0.14726539621044915
29350.901,0.1472647673550452
29350.902,0.14726414373667784
29350.903,0.147263525670999
29350.904,0.14726291347819417
29350.905,0.1472623069475663
29350.906,0.14726170611115122
29350.907,0.14726111138630338
29350.908,0.14726052351320476
29350.909,0.14725994226072842
29350.91,0.1472593672517666
29350.911,0.1472587990806074
29350.912,0.14725823776365732
29350.913,0.14725768238769948
29350.914,0.14725713225608467
29350.915,0.14725658815201384
29350.916,0.14725605023414318
29350.917,0.1472555187725094
29350.918,0.14725499300447084
29350.919,0.1472544729140211
29350.92,0.14725395851208853
29350.921,0.14725344988490816
29350.922,0.14725294614535
29350.923,0.14725244706005536
29350.924,0.14725195307301636
29350.925,0.14725146455637592
29350.926,0.1472509810126667
29350.927,0.14725050197340445
29350.928,0.14725002677770563
29350.929,0.1472495550142309
29350.93,0.1472490857589626
29350.931,0.14724861850709808
29350.932,0.14724815314716222
29350.933,0.1472476898203511
29350.934,0.1472472291233739
29350.935,0.14724676978429038
29350.936,0.14724631190409285
29350.937,0.14724585535563156
29350.938,0.14724539922992805
29350.939,0.1472449437052095
29350.94,0.14724448807215618
29350.941,0.1472440327918384
29350.942,0.14724357771026106
29350.943,0.14724312248335336
29350.944,0.14724266685210566
29350.945,0.14724221023299736
29350.946,0.14724175208040968
29350.947,0.1472412918567491
29350.948,0.1472408296227877
29350.949,0.14724036578352187
29350.95,0.1472399003834691
29350.951,0.14723943320008911
29350.952,0.14723896408461862
29350.953,0.14723849335939093
29350.954,0.1472380209540917
29350.955,0.14723754679387366
29350.956,0.14723707093164845
29350.957,0.1472365928816171
29350.958,0.14723611356284724
29350.959,0.1472356331266995
29350.96,0.14723515145461133
29350.961,0.14723466877609825
29350.962,0.1472341849908683
29350.963,0.14723370008744452
29350.964,0.14723321345536172
29350.965,0.14723272552376473
29350.966,0.14723223668569582
29350.967,0.14723174730051922
29350.968,0.14723125753992072
29350.969,0.14723076759275677
29350.97,0.14723027788794135
29350.971,0.14722978828962416
29350.972,0.14722929859368186
29350.973,0.14722880904859728
29350.974,0.1472283199974239
29350.975,0.14722783221534985
29350.976,0.14722734606010313
29350.977,0.1472268612609791
29350.978,0.14722637818821857
29350.979,0.147225896371637
29350.98,0.14722541542291853
29350.981,0.14722493534753459
29350.982,0.14722445658463873
29350.983,0.14722397922652042
29350.984,0.1472235030876543
29350.985,0.14722302889483016
29350.986,0.14722255652738225
29350.987,0.14722208635382583
29350.988,0.14722161821553859
29350.989,0.14722115234883099
29350.99,0.14722068881481237
29350.991,0.1472202284340678
29350.992,0.1472197712412467
29350.993,0.14721931693563878
29350.994,0.14721886560516922
29350.995,0.14721841721971357
29350.996,0.14721797113366136
29350.997,0.1472175277104694
29350.998,0.14721708674099965
29350.999,0.1472166479479376
29351.0,0.14721621188507364
29351.001,0.14721577867562202
29351.002,0.1472153483342172
29351.003,0.14721492079701518
29351.004,0.14721449602295006
29351.005,0.14721407411649007
29351.006,0.14721365541834325
29351.007,0.1472132400337273
29351.008,0.1472128286583585
29351.009,0.1472124207415627
29351.01,0.1472120162713083
29351.011,0.14721161530870921
29351.012,0.1472112179013267
29351.013,0.14721082347876285
29351.014,0.1472104315790215
29351.015,0.14721004275850313
29351.016,0.1472096570356548
29351.017,0.1472092746242856
29351.018,0.14720889534387444
29351.019,0.14720851913238567
29351.02,0.147208145890921
29351.021,0.1472077758135065
29351.022,0.14720740855891898
29351.023,0.14720704442374638
29351.024,0.14720668373071008
29351.025,0.14720632629637162
29351.026,0.14720597193168664
29351.027,0.14720562097158665
29351.028,0.14720527322011887
29351.029,0.14720492809482374
29351.03,0.147204585011642
29351.031,0.14720424405209745
29351.032,0.14720390536315053
29351.033,0.14720356938788637
29351.034,0.14720323548650563
29351.035,0.14720290304558883
29351.036,0.1472025728508467
29351.037,0.14720224437076088
29351.038,0.14720191747559952
29351.039,0.14720159223415755
29351.04,0.14720126826765229
29351.041,0.14720094652156965
29351.042,0.1472006264809023
29351.043,0.1472003079208531
29351.044,0.1471999905296411
29351.045,0.14719967405051954
29351.046,0.14719935781477406
29351.047,0.1471990416779562
29351.048,0.14719872542802453
29351.049,0.14719840886123756
29351.05,0.14719809205523765
29351.051,0.14719777482052596
29351.052,0.14719745691513922
29351.053,0.14719713821776062
29351.054,0.14719681890972655
29351.055,0.14719649908810647
29351.056,0.14719617816070382
29351.057,0.14719585602084842
29351.058,0.14719553311886668
29351.059,0.14719520953864298
29351.06,0.14719488471187211
29351.061,0.1471945585671861
29351.062,0.1471942306603957
29351.063,0.1471939008019801
29351.064,0.14719356836883848
29351.065,0.14719323351622363
29351.066,0.1471928961485042
29351.067,0.14719255618179397
29351.068,0.1471922138441173
29351.069,0.14719186882917273
29351.07,0.14719152147339876
29351.071,0.1471911713371857
29351.072,0.14719081864434283
29351.073,0.14719046334907537
29351.074,0.14719010596356957
29351.075,0.14718974663873127
29351.076,0.14718938543718485
29351.077,0.14718902189934094
29351.078,0.14718865584342172
29351.079,0.14718828685147964
29351.08,0.14718791478838045
29351.081,0.14718753985015812
29351.082,0.1471871622964563
29351.083,0.1471867819587637
29351.084,0.14718639942028278
29351.085,0.14718601502924147
29351.086,0.14718562824884313
29351.087,0.1471852391265898
29351.088,0.1471848475090706
29351.089,0.14718445426878013
29351.09,0.14718405882451016
29351.091,0.1471836615236261
29351.092,0.14718326268392332
29351.093,0.14718286213565132
29351.094,0.1471824599219598
29351.095,0.14718205589582084
29351.096,0.14718164959455726
29351.097,0.147181241182331
29351.098,0.14718083020894132
29351.099,0.14718041742268761
29351.1,0.14718000295680786
29351.101,0.14717958644321014
29351.102,0.1471791679507703
29351.103,0.14717874749334375
29351.104,0.1471783255239095
29351.105,0.147177902103264
29351.106,0.14717747683219523
29351.107,0.1471770499925557
29351.108,0.14717662194085432
29351.109,0.14717619240203164
29351.11,0.1471757611199599
29351.111,0.14717532833963495
29351.112,0.14717489367869502
29351.113,0.14717445649470481
29351.114,0.14717401606657202
29351.115,0.14717357254168184
29351.116,0.14717312623657378
29351.117,0.14717267748544172
29351.118,0.14717222602549215
29351.119,0.14717177165263434
29351.12,0.1471713143870719
29351.121,0.14717085435845184
29351.122,0.14717039104213978
29351.123,0.14716992446420904
29351.124,0.1471694549319127
29351.125,0.14716898239172235
29351.126,0.14716850703412898
29351.127,0.14716802847879237
29351.128,0.14716754606230323
29351.129,0.14716705929485052
29351.13,0.14716656761963404
29351.131,0.14716607106102722
29351.132,0.14716556948969323
29351.133,0.14716506310993077
29351.134,0.14716455181962348
29351.135,0.14716403573130307
29351.136,0.14716351456295274
29351.137,0.1471629887601272
29351.138,0.14716245781576576
29351.139,0.14716192210200071
29351.14,0.1471613812297567
29351.141,0.1471608358998597
29351.142,0.14716028534134765
29351.143,0.14715973003183916
29351.144,0.14715916975126295
29351.145,0.14715860422593297
29351.146,0.14715803328609392
29351.147,0.1471574566596779
29351.148,0.14715687433940583
29351.149,0.1471562866715786
29351.15,0.14715569413013568
29351.151,0.1471550964903949
29351.152,0.14715449392727578
29351.153,0.14715388657672182
29351.154,0.14715327457090285
29351.155,0.14715265794123647
29351.156,0.14715203650532271
29351.157,0.1471514111551869
29351.158,0.1471507825696348
29351.159,0.14715015059219913
29351.16,0.14714951488972317
29351.161,0.147148875836387
29351.162,0.14714823339744226
29351.163,0.14714758743016476
29351.164,0.14714693729102438
29351.165,0.14714628334917884
29351.166,0.14714562595691258
29351.167,0.14714496598524954
29351.168,0.14714430368384432
29351.169,0.14714363894669033
29351.17,0.1471429723407654
29351.171,0.14714230358091207
29351.172,0.14714163270019903
29351.173,0.14714095981768086
29351.174,0.1471402854777019
29351.175,0.1471396100476848
29351.176,0.14713893362434793
29351.177,0.14713825655080728
29351.178,0.14713757879532274
29351.179,0.14713690012193267
29351.18,0.14713621999451026
29351.181,0.1471355382764556
29351.182,0.1471348552272078
29351.183,0.14713417077263166
29351.184,0.1471334857784227
29351.185,0.14713280004590787
29351.186,0.14713211376759092
29351.187,0.14713142712233185
29351.188,0.14713074011876445
29351.189,0.14713005310904254
29351.19,0.147129365459886
29351.191,0.1471286782356425
29351.192,0.14712799187845757
29351.193,0.14712730609003435
29351.194,0.14712662086787362
29351.195,0.14712593638887794
29351.196,0.14712525206508822
29351.197,0.1471245675949428
29351.198,0.14712388285113617
29351.199,0.1471231985426375
29351.2,0.14712251425222517
29351.201,0.1471218304033374
29351.202,0.14712114720774946
29351.203,0.14712046479736268
29351.204,0.1471197834168626
29351.205,0.14711910288772345
29351.206,0.14711842304827988
29351.207,0.14711774452459145
29351.208,0.14711706766078428
29351.209,0.14711639260083614
29351.21,0.1471157194953694
29351.211,0.14711504814860898
29351.212,0.1471143784407885
29351.213,0.14711370998035214
29351.214,0.14711304247373677
29351.215,0.14711237644445344
29351.216,0.14711171273616228
29351.217,0.14711105072723868
29351.218,0.14711039038487264
29351.219,0.1471097321327593
29351.22,0.14710907651533234
29351.221,0.14710842341545444
29351.222,0.14710777266074931
29351.223,0.14710712460876046
29351.224,0.1471064797379539
29351.225,0.1471058383598722
29351.226,0.14710520032105354
29351.227,0.14710456568210664
29351.228,0.14710393408365705
29351.229,0.1471033057811735
29351.23,0.1471026801990442
29351.231,0.14710205748280153
29351.232,0.14710143811538193
29351.233,0.1471008222521029
29351.234,0.14710020998401782
29351.235,0.147099601744929
29351.236,0.14709899734752246
29351.237,0.14709839714861253
29351.238,0.1470978005964708
29351.239,0.1470972081920537
29351.24,0.14709661994523165
29351.241,0.14709603680620964
29351.242,0.14709545891162557
29351.243,0.14709488638943116
29351.244,0.14709431873166304
29351.245,0.14709375596091692
29351.246,0.14709319813762292
29351.247,0.1470926447898644
29351.248,0.14709209644462792
29351.249,0.14709155327361254
29351.25,0.14709101546631925
29351.251,0.14709048320558224
29351.252,0.14708995691019458
29351.253,0.1470894369044709
29351.254,0.14708892320446157
29351.255,0.14708841595478678
29351.256,0.14708791473242286
29351.257,0.1470874198233478
29351.258,0.1470869317490393
29351.259,0.1470864505981379
29351.26,0.1470859765159167
29351.261,0.14708550991998218
29351.262,0.14708505049789053
29351.263,0.14708459753047715
29351.264,0.14708415074734815
29351.265,0.14708371057479475
29351.266,0.14708327729470655
29351.267,0.14708285123144832
29351.268,0.14708243220271044
29351.269,0.1470820203168368
29351.27,0.1470816160012243
29351.271,0.14708121886638995
29351.272,0.14708082912075388
29351.273,0.1470804466106933
29351.274,0.14708007130491677
29351.275,0.14707970393218878
29351.276,0.1470793443237798
29351.277,0.14707899232689242
29351.278,0.1470786471597525
29351.279,0.1470783086412871
29351.28,0.14707797615656254
29351.281,0.147077649727026
29351.282,0.14707732952656558
29351.283,0.14707701568205322
29351.284,0.14707670834292086
29351.285,0.14707640711111286
29351.286,0.14707611177405866
29351.287,0.147075821875678
29351.288,0.14707553748405525
29351.289,0.14707525854600775
29351.29,0.14707498468911956
29351.291,0.14707471647068177
29351.292,0.14707445370376046
29351.293,0.14707419563947738
29351.294,0.1470739421572118
29351.295,0.1470736927919106
29351.296,0.14707344657217164
29351.297,0.14707320352827735
29351.298,0.14707296355958896
29351.299,0.1470727264091445
29351.3,0.1470724917542287
29351.301,0.1470722597086755
29351.302,0.14707203009269965
29351.303,0.1470718024887785
29351.304,0.14707157668315715
29351.305,0.1470713525041648
29351.306,0.147071129627957
29351.307,0.147070908284707
29351.308,0.14707068844997992
29351.309,0.1470704703265582
29351.31,0.1470702527327845
29351.311,0.1470700359725573
29351.312,0.14706981997509572
29351.313,0.1470696041080117
29351.314,0.14706938752343574
29351.315,0.14706917041962733
29351.316,0.14706895290692232
29351.317,0.14706873488947228
29351.318,0.14706851665268875
29351.319,0.14706829757685885
29351.32,0.14706807774475003
29351.321,0.14706785700330435
29351.322,0.14706763489603616
29351.323,0.14706741171940926
29351.324,0.1470671876027064
29351.325,0.1470669627708715
29351.326,0.14706673723428124
29351.327,0.147066510861157
29351.328,0.14706628303027205
29351.329,0.14706605384909516
29351.33,0.14706582253299832
29351.331,0.14706558905573552
29351.332,0.14706535350035402
29351.333,0.14706511591991292
29351.334,0.1470648763272163
29351.335,0.14706463514116147
29351.336,0.14706439156161133
29351.337,0.1470641458938827
29351.338,0.14706389822051286
29351.339,0.14706364838268401
29351.34,0.1470633961609962
29351.341,0.14706314172563306
29351.342,0.14706288511505214
29351.343,0.14706262635679263
29351.344,0.14706236530261355
29351.345,0.14706210224315538
29351.346,0.1470618363797143
29351.347,0.147061566958714
29351.348,0.14706129437087212
29351.349,0.14706101818595754
29351.35,0.147060738824881
29351.351,0.1470604565696162
29351.352,0.14706017137651758
29351.353,0.14705988296986408
29351.354,0.14705959124284246
29351.355,0.1470592964898038
29351.356,0.1470589982800065
29351.357,0.14705869716646536
29351.358,0.1470583933897135
29351.359,0.1470580870460877
29351.36,0.14705777797780184
29351.361,0.1470574665529962
29351.362,0.147057152508047
29351.363,0.14705683546398435
29351.364,0.14705651512141518
29351.365,0.1470561920951567
29351.366,0.14705586640997192
29351.367,0.14705553808084165
29351.368,0.14705520706578712
29351.369,0.14705487391745756
29351.37,0.14705453868566018
29351.371,0.14705420109443154
29351.372,0.14705386178064622
29351.373,0.14705352036207636
29351.374,0.14705317748205665
29351.375,0.147052833838091
29351.376,0.14705248952983338
29351.377,0.1470521446887566
29351.378,0.14705179939348212
29351.379,0.14705145303149547
29351.38,0.14705110547149766
29351.381,0.14705075683623828
29351.382,0.1470504080681255
29351.383,0.14705005927274353
29351.384,0.14704971034118236
29351.385,0.14704936181651518
29351.386,0.1470490138394172
29351.387,0.1470486666918218
29351.388,0.14704832075364968
29351.389,0.14704797617125814
29351.39,0.1470476330604951
29351.391,0.14704729228998956
29351.392,0.14704695418449476
29351.393,0.14704661866022603
29351.394,0.1470462860853124
29351.395,0.14704595621028904
29351.396,0.14704562883410013
29351.397,0.14704530400760363
29351.398,0.14704498205685307
29351.399,0.14704466306205402
29351.4,0.14704434762075871
29351.401,0.14704403619955844
29351.402,0.14704372882974465
29351.403,0.14704342575196636
29351.404,0.1470431275068725
29351.405,0.1470428341739056
29351.406,0.1470425455579324
29351.407,0.14704226207252657
29351.408,0.14704198438582158
29351.409,0.14704171267031005
29351.41,0.1470414465104861
29351.411,0.14704118695736343
29351.412,0.14704093315652142
29351.413,0.14704068467224768
29351.414,0.14704044148849466
29351.415,0.1470402040408352
29351.416,0.1470399720129182
29351.417,0.14703974623587496
29351.418,0.1470395265012222
29351.419,0.14703931282268745
29351.42,0.14703910587100283
29351.421,0.1470389054790042
29351.422,0.14703871122531353
29351.423,0.14703852367453255
29351.424,0.14703834279426325
29351.425,0.14703816882325116
29351.426,0.14703800175669215
29351.427,0.1470378408606798
29351.428,0.14703768638457704
29351.429,0.1470375376625967
29351.43,0.14703739396457466
29351.431,0.14703725515585814
29351.432,0.1470371216470909
29351.433,0.14703699354712665
29351.434,0.14703687068797514
29351.435,0.14703675302558955
29351.436,0.14703663964353966
29351.437,0.147036531118457
29351.438,0.14703642709914516
29351.439,0.14703632747280143
29351.44,0.1470362322663552
29351.441,0.14703614160408657
29351.442,0.1470360556200267
29351.443,0.14703597369301735
29351.444,0.14703589580403537
29351.445,0.1470358218053029
29351.446,0.14703575067838226
29351.447,0.14703568195954983
29351.448,0.14703561577578128
29351.449,0.14703555219674566
29351.45,0.1470354915281293
29351.451,0.1470354333815936
29351.452,0.1470353775675398
29351.453,0.14703532395203078
29351.454,0.14703527244774667
29351.455,0.14703522299197624
29351.456,0.1470351751629671
29351.457,0.1470351292174676
29351.458,0.14703508600319534
29351.459,0.1470350451457318
29351.46,0.1470350066209454
29351.461,0.14703497044086125
29351.462,0.14703493584287083
29351.463,0.14703490211044293
29351.464,0.1470348690102681
29351.465,0.14703483752262933
29351.466,0.14703480722865922
29351.467,0.14703477847868035
29351.468,0.14703475158151277
29351.469,0.14703472659762173
29351.47,0.1470347031863738
29351.471,0.14703468114651727
29351.472,0.14703466074099317
29351.473,0.14703464195262345
29351.474,0.147034625619584
29351.475,0.14703461222678652
29351.476,0.14703460191692638
29351.477,0.14703459443723896
29351.478,0.147034589642066
29351.479,0.14703458745236214
29351.48,0.1470345878787657
29351.481,0.14703459080413994
29351.482,0.14703459707377506
29351.483,0.14703460618790742
29351.484,0.14703461874887777
29351.485,0.1470346352766506
29351.486,0.1470346556583184
29351.487,0.1470346800370691
29351.488,0.14703470829243995
29351.489,0.14703474072018796
29351.49,0.14703477756480088
29351.491,0.14703481956399744
29351.492,0.14703486662314508
29351.493,0.14703491892367793
29351.494,0.14703497656577888
29351.495,0.147035039623332
29351.496,0.1470351076942555
29351.497,0.14703518082136283
29351.498,0.1470352591742063
29351.499,0.14703534288134087
29351.5,0.14703543253154963
29351.501,0.14703552817449325
29351.502,0.147035629489988
29351.503,0.14703573696437375
29351.504,0.14703585067109468
29351.505,0.14703597083622139
29351.506,0.1470360971678448
29351.507,0.14703623027519644
29351.508,0.14703637047082926
29351.509,0.14703651748533048
29351.51,0.1470366710028143
29351.511,0.14703683148875998
29351.512,0.14703699861752745
29351.513,0.14703717199375108
29351.514,0.14703735101558918
29351.515,0.14703753542312448
29351.516,0.1470377254392621
29351.517,0.1470379218554198
29351.518,0.14703812370427316
29351.519,0.1470383311741665
29351.52,0.14703854423080856
29351.521,0.14703876237917426
29351.522,0.14703898505338306
29351.523,0.14703921245982435
29351.524,0.147039444478327
29351.525,0.14703968128939604
29351.526,0.14703992233180926
29351.527,0.1470401672514388
29351.528,0.147040415904744
29351.529,0.1470406674164571
29351.53,0.1470409212268307
29351.531,0.14704117698902172
29351.532,0.1470414346125068
29351.533,0.14704169403508935
29351.534,0.14704195462780795
29351.535,0.1470422159293471
29351.536,0.14704247742582482
29351.537,0.14704273963014974
29351.538,0.14704300127732092
29351.539,0.14704326250726327
29351.54,0.14704352266905826
29351.541,0.14704378214397806
29351.542,0.14704404068840604
29351.543,0.14704429785075
29351.544,0.14704455375171505
29351.545,0.14704480759421348
29351.546,0.1470450583350826
29351.547,0.14704530572154953
29351.548,0.1470455496155753
29351.549,0.1470457901143946
29351.55,0.14704602694164826
29351.551,0.14704625963043821
29351.552,0.14704648834026193
29351.553,0.14704671314404796
29351.554,0.14704693370378072
29351.555,0.14704715003867153
29351.556,0.14704736169418203
29351.557,0.14704756951013787
29351.558,0.14704777384950363
29351.559,0.1470479738382001
29351.56,0.14704816985301172
29351.561,0.14704836173410799
29351.562,0.14704854933878062
29351.563,0.14704873252669562
29351.564,0.14704891077315788
29351.565,0.1470490845902037
29351.566,0.14704925352046358
29351.567,0.14704941840788854
29351.568,0.14704957952464928
29351.569,0.14704973701128596
29351.57,0.14704989139380173
29351.571,0.14705004278598485
29351.572,0.14705019155104737
29351.573,0.14705033762205014
29351.574,0.14705048142151422
29351.575,0.14705062341972142
29351.576,0.14705076434013828
29351.577,0.14705090410458155
29351.578,0.14705104276284484
29351.579,0.1470511801021664
29351.58,0.14705131589586903
29351.581,0.14705145052042884
29351.582,0.14705158417688186
29351.583,0.147051717604987
29351.584,0.14705185104005225
29351.585,0.1470519847940771
29351.586,0.1470521187741599
29351.587,0.14705225351753715
29351.588,0.14705238927117167
29351.589,0.14705252656321752
29351.59,0.14705266566678768
29351.591,0.14705280720346442
29351.592,0.14705295126800202
29351.593,0.14705309846898576
29351.594,0.14705324870831588
29351.595,0.14705340211287402
29351.596,0.14705355797711075
29351.597,0.1470537166872707
29351.598,0.14705387814587273
29351.599,0.1470540427154317
29351.6,0.14705421048870307
29351.601,0.1470543815712931
29351.602,0.1470545563426216
29351.603,0.14705473583758294
29351.604,0.1470549193901906
29351.605,0.1470551072577424
29351.606,0.14705529889047544
29351.607,0.1470554949413077
29351.608,0.1470556957968765
29351.609,0.14705590167009303
29351.61,0.1470561125340635
29351.611,0.14705632886418718
29351.612,0.14705654976330312
29351.613,0.14705677491080216
29351.614,0.1470570036033714
29351.615,0.14705723621680492
29351.616,0.14705747288041426
29351.617,0.14705771405732762
29351.618,0.1470579593335088
29351.619,0.1470582088773378
29351.62,0.1470584621568789
29351.621,0.14705871900065265
29351.622,0.14705897933940348
29351.623,0.1470592432546627
29351.624,0.14705951076535986
29351.625,0.1470597818946891
29351.626,0.1470600562315501
29351.627,0.14706033389588322
29351.628,0.14706061430368034
29351.629,0.14706089677319795
29351.63,0.1470611804659491
29351.631,0.14706146502120668
29351.632,0.14706175052363973
29351.633,0.14706203650286218
29351.634,0.14706232234951339
29351.635,0.1470626082353885
29351.636,0.14706289357221758
29351.637,0.14706317834850127
29351.638,0.14706346171240317
29351.639,0.14706374380269532
29351.64,0.14706402403970753
29351.641,0.14706430265517736
29351.642,0.14706457904097747
29351.643,0.14706485303329783
29351.644,0.147065124126824
29351.645,0.14706539182708037
29351.646,0.1470656547269055
29351.647,0.14706591243324
29351.648,0.14706616422937416
29351.649,0.1470664100930013
29351.65,0.1470666495374352
29351.651,0.14706688228375997
29351.652,0.14706710807102885
29351.653,0.14706732671108033
29351.654,0.1470675375201635
29351.655,0.1470677403140558
29351.656,0.14706793455634465
29351.657,0.14706812049350876
29351.658,0.1470682975219982
29351.659,0.1470684654837461
29351.66,0.14706862415313032
29351.661,0.14706877353594103
29351.662,0.14706891297744382
29351.663,0.14706904218686287
29351.664,0.14706916032007972
29351.665,0.147069267943949
29351.666,0.14706936452377942
29351.667,0.14706945077143752
29351.668,0.14706952630585943
29351.669,0.1470695914216966
29351.67,0.14706964589693625
29351.671,0.14706968964628447
29351.672,0.1470697229459911
29351.673,0.14706974591576596
29351.674,0.14706975895004074
29351.675,0.1470697629245766
29351.676,0.14706975796260774
29351.677,0.14706974384409177
29351.678,0.14706972071683228
29351.679,0.1470696886105123
29351.68,0.1470696474099116
29351.681,0.14706959774937914
29351.682,0.14706953976090892
29351.683,0.14706947475413681
29351.684,0.14706940259109022
29351.685,0.14706932440442638
29351.686,0.14706924016207962
29351.687,0.14706915082272942
29351.688,0.147069056466721
29351.689,0.14706895800198244
29351.69,0.1470688559080347
29351.691,0.1470687511141797
29351.692,0.1470686443872649
29351.693,0.14706853629685815
29351.694,0.14706842722340693
29351.695,0.1470683178777748
29351.696,0.14706820765053064
29351.697,0.14706809787873895
29351.698,0.14706798897314785
29351.699,0.14706788194268752
29351.7,0.14706777776682842
29351.701,0.14706767704328882
29351.702,0.14706758044994406
29351.703,0.1470674887387608
29351.704,0.1470674018755593
29351.705,0.14706732083794583
29351.706,0.1470672458517263
29351.707,0.1470671780150055
29351.708,0.14706711837189737
29351.709,0.14706706763161362
29351.71,0.14706702594522264
29351.711,0.14706699354596253
29351.712,0.14706697055066603
29351.713,0.1470669570341804
29351.714,0.14706695294102143
29351.715,0.14706695882911253
29351.716,0.14706697552769293
29351.717,0.14706700352464006
29351.718,0.14706704308448945
29351.719,0.14706709436672244
29351.72,0.14706715764449166
29351.721,0.14706723345525496
29351.722,0.14706732147596438
29351.723,0.14706742234592046
29351.724,0.14706753621405041
29351.725,0.1470676636810737
29351.726,0.14706780500903005
29351.727,0.1470679601736217
29351.728,0.14706812846893333
29351.729,0.14706830961135184
29351.73,0.1470685035521012
29351.731,0.14706871023999507
29351.732,0.14706892956896378
29351.733,0.14706916138437456
29351.734,0.14706940603300966
29351.735,0.14706966362339233
29351.736,0.14706993390443016
29351.737,0.1470702170937652
29351.738,0.14707051291056839
29351.739,0.1470708215004732
29351.74,0.14707114265421778
29351.741,0.14707147641866802
29351.742,0.1470718226480913
29351.743,0.14707218095393426
29351.744,0.1470725511926162
29351.745,0.1470729330604183
29351.746,0.14707332558931258
29351.747,0.147073728756774
29351.748,0.14707414209335187
29351.749,0.14707456557124388
29351.75,0.14707499912356606
29351.751,0.1470754426477293
29351.752,0.14707589590585027
29351.753,0.1470763591696576
29351.754,0.14707683169000083
29351.755,0.1470773132386895
29351.756,0.14707780338150225
29351.757,0.14707830207808953
29351.758,0.1470788098452382
29351.759,0.14707932671481921
29351.76,0.14707985269418852
29351.761,0.14708038736908852
29351.762,0.14708092989958618
29351.763,0.1470814794675866
29351.764,0.14708203509826226
29351.765,0.14708259694856926
29351.766,0.14708316519991213
29351.767,0.1470837400150541
29351.768,0.1470843208774327
29351.769,0.14708490743057206
29351.77,0.1470854995120698
29351.771,0.14708609707383527
29351.772,0.1470866993101234
29351.773,0.14708730608205492
29351.774,0.14708791792583276
29351.775,0.14708853508930436
29351.776,0.14708915717689647
29351.777,0.1470897839615856
29351.778,0.14709041470739317
29351.779,0.14709104878968876
29351.78,0.14709168566331263
29351.781,0.14709232510527098
29351.782,0.14709296654258058
29351.783,0.14709361054470954
29351.784,0.14709425665528733
29351.785,0.14709490503169464
29351.786,0.1470955548738337
29351.787,0.14709620690065914
29351.788,0.14709686029911623
29351.789,0.1470975149819181
29351.79,0.14709817029388328
29351.791,0.14709882686430772
29351.792,0.14709948478280055
29351.793,0.14710014403941699
29351.794,0.14710080415476623
29351.795,0.14710146507395233
29351.796,0.14710212591441785
29351.797,0.1471027866589861
29351.798,0.14710344683586635
29351.799,0.14710410657119388
29351.8,0.1471047656565096
29351.801,0.14710542373491678
29351.802,0.14710608095055974
29351.803,0.14710673738595118
29351.804,0.1471073926306661
29351.805,0.14710804650283207
29351.806,0.1471086988716426
29351.807,0.14710935023938598
29351.808,0.14711000081415798
29351.809,0.14711065013766786
29351.81,0.14711129787767602
29351.811,0.14711194414291942
29351.812,0.14711258892475892
29351.813,0.14711323144753594
29351.814,0.1471138710705273
29351.815,0.1471145079778494
29351.816,0.14711514244017967
29351.817,0.14711577440079435
29351.818,0.14711640398046527
29351.819,0.147117030714426
29351.82,0.14711765506012195
29351.821,0.14711827687985887
29351.822,0.1471188953689182
29351.823,0.14711951139387924
29351.824,0.1471201248990974
29351.825,0.1471207363307375
29351.826,0.1471213454743327
29351.827,0.14712195230493288
29351.828,0.14712255626955706
29351.829,0.14712315783384453
29351.83,0.1471237559880823
29351.831,0.14712435066330773
29351.832,0.14712494201998233
29351.833,0.1471255306613092
29351.834,0.14712611692204214
29351.835,0.14712670047597592
29351.836,0.1471272810585379
29351.837,0.1471278588278029
29351.838,0.14712843381537735
29351.839,0.14712900627383746
29351.84,0.1471295764370628
29351.841,0.1471301450354204
29351.842,0.1471307124489747
29351.843,0.14713127883923593
29351.844,0.14713184444548583
29351.845,0.14713240899562155
29351.846,0.1471329715757613
29351.847,0.14713353242370472
29351.848,0.1471340918184679
29351.849,0.14713465042264795
29351.85,0.1471352088951757
29351.851,0.147135767512154
29351.852,0.14713632602050614
29351.853,0.14713688519264634
29351.854,0.14713744504562923
29351.855,0.14713800581451728
29351.856,0.14713856783171078
29351.857,0.14713913199170897
29351.858,0.14713969931446652
29351.859,0.14714026975749006
29351.86,0.1471408433728238
29351.861,0.14714142027018787
29351.862,0.14714200071954497
29351.863,0.14714258463651225
29351.864,0.14714317221825002
29351.865,0.1471437640626315
29351.866,0.14714436096582184
29351.867,0.14714496314085634
29351.868,0.14714557075354126
29351.869,0.14714618463628687
29351.87,0.14714680554042142
29351.871,0.14714743317118928
29351.872,0.14714806783655013
29351.873,0.14714871010689665
29351.874,0.14714936080780064
29351.875,0.14715002041917977
29351.876,0.14715068922425809
29351.877,0.14715136694301717
29351.878,0.14715205389123442
29351.879,0.1471527503798586
29351.88,0.14715345586786813
29351.881,0.14715417043024454
29351.882,0.14715489464258652
29351.883,0.1471556292790114
29351.884,0.14715637413926913
29351.885,0.14715712920622087
29351.886,0.14715789458458006
29351.887,0.14715867070123953
29351.888,0.14715945725571147
29351.889,0.14716025456684959
29351.89,0.1471610636073428
29351.891,0.1471618844351842
29351.892,0.14716271720569213
29351.893,0.14716356183896845
29351.894,0.1471644180470547
29351.895,0.14716528575525264
29351.896,0.14716616393287743
29351.897,0.14716705215978884
29351.898,0.14716795066658528
29351.899,0.14716885927375523
29351.9,0.14716977777790663
29351.901,0.14717070663761947
29351.902,0.14717164517520048
29351.903,0.14717259343587086
29351.904,0.14717355100975885
29351.905,0.14717451739056797
29351.906,0.1471754925970812
29351.907,0.14717647653653898
29351.908,0.14717746892450345
29351.909,0.14717847000057746
29351.91,0.14717947947536475
29351.911,0.14718049715352077
29351.912,0.14718152207201715
29351.913,0.14718255329329313
29351.914,0.14718359008531165
29351.915,0.14718463254927755
29351.916,0.1471856803678162
29351.917,0.14718673361038573
29351.918,0.14718779227754997
29351.919,0.14718885557005196
29351.92,0.14718992365559225
29351.921,0.14719099553957696
29351.922,0.14719207074795737
29351.923,0.14719314948718287
29351.924,0.14719423194033296
29351.925,0.14719531828713764
29351.926,0.14719640866088435
29351.927,0.1471975029309011
29351.928,0.1471986002444647
29351.929,0.14719970056400278
29351.93,0.1472008026464311
29351.931,0.1472019068640541
29351.932,0.14720301294030402
29351.933,0.14720412115611325
29351.934,0.1472052318774428
29351.935,0.14720634468353136
29351.936,0.14720745955885073
29351.937,0.14720857704168036
29351.938,0.14720969729315733
29351.939,0.14721082016619622
29351.94,0.14721194575517202
29351.941,0.14721307419734792
29351.942,0.14721420551278977
29351.943,0.14721534001940562
29351.944,0.14721647810674784
29351.945,0.1472176197904152
29351.946,0.14721876444997192
29351.947,0.14721991260886252
29351.948,0.1472210641348195
29351.949,0.1472222193842973
29351.95,0.1472233785299551
29351.951,0.14722454193150905
29351.952,0.14722570989496087
29351.953,0.14722688271670947
29351.954,0.14722806031089056
29351.955,0.1472292430190749
29351.956,0.14723043083691895
29351.957,0.14723162426019973
29351.958,0.14723282427568313
29351.959,0.14723403080439593
29351.96,0.1472352440342093
29351.961,0.14723646433780518
29351.962,0.14723769138754852
29351.963,0.1472389251549369
29351.964,0.14724016490033365
29351.965,0.14724141113565856
29351.966,0.14724266400570746
29351.967,0.147243923734466
29351.968,0.1472451901084478
29351.969,0.14724646348766926
29351.97,0.14724774350883066
29351.971,0.1472490301867122
29351.972,0.1472503237447723
29351.973,0.1472516240333158
29351.974,0.14725293248654583
29351.975,0.14725424849056548
29351.976,0.14725557210527535
29351.977,0.1472569031414279
29351.978,0.1472582415753772
29351.979,0.1472595870134548
29351.98,0.1472609385182648
29351.981,0.14726229610409539
29351.982,0.14726365980390593
29351.983,0.1472650298057058
29351.984,0.14726640591508752
29351.985,0.14726778844321034
29351.986,0.14726917748460827
29351.987,0.1472705729389701
29351.988,0.14727197424454222
29351.989,0.1472733814375252
29351.99,0.14727479454896383
29351.991,0.14727621381114334
29351.992,0.14727763951097028
29351.993,0.14727907164945606
29351.994,0.14728050965760273
29351.995,0.1472819536924796
29351.996,0.14728340255475728
29351.997,0.1472848566970945
29351.998,0.14728631599800887
29351.999,0.14728778076901866
29352.0,0.14728925091830403
29352.001,0.1472907264413295
29352.002,0.1472922070277102
29352.003,0.14729369318691218
29352.004,0.14729518493427288
29352.005,0.14729668207920468
29352.006,0.14729818487894838
29352.007,0.14729969345821764
29352.008,0.1473012085701871
29352.009,0.14730273023937382
29352.01,0.14730425783143336
29352.011,0.14730579145576375
29352.012,0.14730733121242345
29352.013,0.1473088765958619
29352.014,0.14731042702686034
29352.015,0.1473119828886757
29352.016,0.147313544824802
29352.017,0.14731511279561796
29352.018,0.14731668693275562
29352.019,0.1473182666229254
29352.02,0.14731985231879552
29352.021,0.14732144460115454
29352.022,0.14732304342723057
29352.023,0.14732464834627476
29352.024,0.14732626047073075
29352.025,0.1473278797107628
29352.026,0.14732950575869483
29352.027,0.14733113810504567
29352.028,0.14733277656876717
29352.029,0.14733442120213622
29352.03,0.147336071147601
29352.031,0.14733772656501254
29352.032,0.1473393873866444
29352.033,0.14734105362090763
29352.034,0.14734272472044124
29352.035,0.14734440037285287
29352.036,0.1473460807308956
29352.037,0.14734776609671313
29352.038,0.14734945565562912
29352.039,0.14735114927373966
29352.04,0.1473528469474739
29352.041,0.14735454891614302
29352.042,0.14735625527430357
29352.043,0.1473579656683004
29352.044,0.14735967961765614
29352.045,0.1473613963591757
29352.046,0.1473631148203492
29352.047,0.1473648348508542
29352.048,0.14736655592069078
29352.049,0.14736827817632778
29352.05,0.14737000075333795
29352.051,0.1473717236489441
29352.052,0.14737344584464257
29352.053,0.1473751671485917
29352.054,0.14737688794196155
29352.055,0.14737860747440595
29352.056,0.1473803249233044
29352.057,0.14738204064544747
29352.058,0.14738375459338618
29352.059,0.14738546597977645
29352.06,0.14738717438058113
29352.061,0.1473888796319967
29352.062,0.14739058107853195
29352.063,0.14739227768728505
29352.064,0.14739396849886635
29352.065,0.14739565372434715
29352.066,0.1473973328285956
29352.067,0.14739900606713272
29352.068,0.14740067271476204
29352.069,0.1474023326172554
29352.07,0.1474039855602174
29352.071,0.14740563177856675
29352.072,0.14740727032042314
29352.073,0.14740890129003237
29352.074,0.14741052479561054
29352.075,0.14741214006231443
29352.076,0.1474137471013321
29352.077,0.14741534606362738
29352.078,0.14741693600185948
29352.079,0.14741851683686036
29352.08,0.1474200877963928
29352.081,0.14742164878770905
29352.082,0.14742320021199506
29352.083,0.14742474205926
29352.084,0.14742627417162674
29352.085,0.14742779657131372
29352.086,0.14742930901535037
29352.087,0.1474308116356071
29352.088,0.1474323042922519
29352.089,0.1474337874848652
29352.09,0.14743526107252233
29352.091,0.14743672633471464
29352.092,0.14743818244940665
29352.093,0.14743963006339367
29352.094,0.14744106929668122
29352.095,0.1474425004565062
29352.096,0.1474439226484457
29352.097,0.14744533653741812
29352.098,0.14744674137861424
29352.099,0.14744813769255824
29352.1,0.14744952560456706
29352.101,0.14745090536167096
29352.102,0.14745227758356855
29352.103,0.1474536424706249
29352.104,0.14745500050038457
29352.105,0.14745635159209217
29352.106,0.14745769608460663
29352.107,0.1474590347681089
29352.108,0.14746036855301892
29352.109,0.14746169728839487
29352.11,0.14746302124665336
29352.111,0.1474643412628571
29352.112,0.147465656928057
29352.113,0.14746696776687301
29352.114,0.14746827410494115
29352.115,0.1474695765462815
29352.116,0.14747087539274067
29352.117,0.14747217079419
29352.118,0.14747346346035928
29352.119,0.14747475313569589
29352.12,0.14747604048863452
29352.121,0.14747732588871404
29352.122,0.1474786090390915
29352.123,0.14747989075998014
29352.124,0.14748117193809998
29352.125,0.14748245289202047
29352.126,0.14748373384238408
29352.127,0.14748501491162963
29352.128,0.147486296621458
29352.129,0.1474875786068716
29352.13,0.14748886019149668
29352.131,0.14749014231752192
29352.132,0.1474914250178082
29352.133,0.14749270851389562
29352.134,0.14749399398046695
29352.135,0.14749528153255342
29352.136,0.14749657125232252
29352.137,0.14749786295814907
29352.138,0.14749915663012667
29352.139,0.14750045256308741
29352.14,0.1475017509964704
29352.141,0.14750305239652706
29352.142,0.1475043572412473
29352.143,0.14750566540110593
29352.144,0.14750697713437633
29352.145,0.1475082922291294
29352.146,0.14750960991017426
29352.147,0.14751093031292056
29352.148,0.14751225345077337
29352.149,0.14751357966486567
29352.15,0.14751490845095813
29352.151,0.14751624063225635
29352.152,0.14751757605410504
29352.153,0.14751891493355837
29352.154,0.1475202571143005
29352.155,0.14752160261407962
29352.156,0.14752295151813222
29352.157,0.14752430384516182
29352.158,0.14752565989234948
29352.159,0.14752701960174447
29352.16,0.14752838271299762
29352.161,0.14752974924300336
29352.162,0.14753111875870256
29352.163,0.14753249038722976
29352.164,0.14753386376662037
29352.165,0.14753523877766805
29352.166,0.1475366152103179
29352.167,0.14753799347032703
29352.168,0.14753937325902527
29352.169,0.1475407543210179
29352.17,0.1475421369384986
29352.171,0.14754352111738803
29352.172,0.14754490557759165
29352.173,0.1475462902968963
29352.174,0.14754767560369747
29352.175,0.14754906188299619
29352.176,0.147550448766619
29352.177,0.14755183647674072
29352.178,0.1475532239176547
29352.179,0.14755461100331912
29352.18,0.1475559965725969
29352.181,0.14755738061491547
29352.182,0.14755876293518363
29352.183,0.14756014347539614
29352.184,0.14756152234615738
29352.185,0.14756289967422823
29352.186,0.14756427482671403
29352.187,0.14756564784166676
29352.188,0.147567017677207
29352.189,0.1475683848172065
29352.19,0.14756974855009775
29352.191,0.14757110959571634
29352.192,0.14757246753138428
29352.193,0.14757382288760926
29352.194,0.14757517452011137
29352.195,0.1475765222210864
29352.196,0.14757786488083327
29352.197,0.14757920212150383
29352.198,0.14758053352439815
29352.199,0.14758185940348836
29352.2,0.14758317970499296
29352.201,0.14758449454852562
29352.202,0.1475858032919048
29352.203,0.14758710624979254
29352.204,0.14758840325642783
29352.205,0.1475896937260191
29352.206,0.14759097730608095
29352.207,0.1475922538210773
29352.208,0.1475935235682298
29352.209,0.14759478628152117
29352.21,0.1475960418054715
29352.211,0.1475972903877113
29352.212,0.147598531048023
29352.213,0.14759976339183017
29352.214,0.14760098654146012
29352.215,0.14760220059508858
29352.216,0.1476034054827204
29352.217,0.1476046016645863
29352.218,0.147605788852854
29352.219,0.14760696681781416
29352.22,0.14760813619804705
29352.221,0.14760929671612352
29352.222,0.14761044805751156
29352.223,0.14761158987354625
29352.224,0.14761272231004804
29352.225,0.14761384603658861
29352.226,0.14761496077012237
29352.227,0.14761606703195065
29352.228,0.14761716458401314
29352.229,0.14761825267568685
29352.23,0.14761933070974328
29352.231,0.1476203994923142
29352.232,0.1476214587279392
29352.233,0.14762250875270272
29352.234,0.14762355013131542
29352.235,0.1476245823284794
29352.236,0.14762560605767636
29352.237,0.14762662136109034
29352.238,0.14762762886519612
29352.239,0.1476286285437966
29352.24,0.14762962091511403
29352.241,0.14763060658064814
29352.242,0.14763158652509173
29352.243,0.147632560721036
29352.244,0.14763352921383308
29352.245,0.14763449218134983
29352.246,0.14763544955952995
29352.247,0.14763640169608216
29352.248,0.14763734866904896
29352.249,0.1476382909794575
29352.25,0.14763922893541837
29352.251,0.14764016319955214
29352.252,0.14764109390608132
29352.253,0.14764202190601147
29352.254,0.1476429474293183
29352.255,0.14764387084033886
29352.256,0.1476447920726818
29352.257,0.14764571239228685
29352.258,0.14764663262683203
29352.259,0.14764755278542852
29352.26,0.14764847394140648
29352.261,0.14764939607381666
29352.262,0.14765031937952003
29352.263,0.14765124391944037
29352.264,0.14765216918363872
29352.265,0.14765309642796828
29352.266,0.1476540259748699
29352.267,0.1476549586979807
29352.268,0.147655894728428
29352.269,0.1476568342723898
29352.27,0.1476577781794896
29352.271,0.1476587264652667
29352.272,0.14765967887996223
29352.273,0.14766063610083863
29352.274,0.14766159943535173
29352.275,0.14766256909644715
29352.276,0.14766354565723563
29352.277,0.14766452948847889
29352.278,0.14766552047452955
29352.279,0.14766651846112894
29352.28,0.14766752317603157
29352.281,0.14766853506928745
29352.282,0.1476695542068756
29352.283,0.1476705816508993
29352.284,0.14767161726261907
29352.285,0.14767266109394422
29352.286,0.14767371312690172
29352.287,0.14767477389100428
29352.288,0.14767584312541973
29352.289,0.14767692178038358
29352.29,0.1476780089494588
29352.291,0.14767910605424073
29352.292,0.14768021309926072
29352.293,0.14768132985702886
29352.294,0.14768245634341998
29352.295,0.14768359271918355
29352.296,0.14768473790346637
29352.297,0.14768589179113115
29352.298,0.1476870540292621
29352.299,0.14768822515454394
29352.3,0.14768940489555668
29352.301,0.14769059369069934
29352.302,0.1476917906135898
29352.303,0.1476929961313133
29352.304,0.14769420947361916
29352.305,0.14769543002322286
29352.306,0.14769665769568807
29352.307,0.1476978930894022
29352.308,0.14769913620447098
29352.309,0.14770038684399261
29352.31,0.1477016440765296
29352.311,0.1477029074997904
29352.312,0.14770417638416478
29352.313,0.1477054502121907
29352.314,0.14770672815513494
29352.315,0.14770801001868072
29352.316,0.14770929548643263
29352.317,0.14771058453674632
29352.318,0.14771187623975215
29352.319,0.14771317037943157
29352.32,0.1477144665116674
29352.321,0.1477157638546382
29352.322,0.14771706183601913
29352.323,0.14771836052070014
29352.324,0.14771965989271335
29352.325,0.14772096001364077
29352.326,0.1477222603169651
29352.327,0.14772356102812587
29352.328,0.14772486071646426
29352.329,0.14772615914824241
29352.33,0.14772745529650969
29352.331,0.14772874933633906
29352.332,0.1477300409607415
29352.333,0.1477313301119076
29352.334,0.14773261700523507
29352.335,0.14773390114242005
29352.336,0.14773518240169184
29352.337,0.14773646067488422
29352.338,0.14773773586731503
29352.339,0.14773900783056618
29352.34,0.14774027715389065
29352.341,0.14774154425420333
29352.342,0.14774280901654682
29352.343,0.14774407158876005
29352.344,0.14774533202343343
29352.345,0.14774659063338152
29352.346,0.14774784677546207
29352.347,0.1477491006973239
29352.348,0.14775035211089954
29352.349,0.1477516018210901
29352.35,0.1477528502124234
29352.351,0.14775409795629996
29352.352,0.14775534520702166
29352.353,0.14775659247568643
29352.354,0.14775783983855864
29352.355,0.14775908760816794
29352.356,0.14776033635876337
29352.357,0.1477615869170188
29352.358,0.14776283942708238
29352.359,0.14776409499119617
29352.36,0.14776535414322894
29352.361,0.14776661635380414
29352.362,0.14776788214448783
29352.363,0.1477691511735278
29352.364,0.14777042298719203
29352.365,0.14777169878574126
29352.366,0.14777297875692308
29352.367,0.1477742639144305
29352.368,0.14777555454550945
29352.369,0.14777685064640422
29352.37,0.14777815293485033
29352.371,0.14777946175572246
29352.372,0.1477807768196871
29352.373,0.14778209888181695
29352.374,0.14778342880696338
29352.375,0.14778476669466725
29352.376,0.14778611257279217
29352.377,0.14778746667409542
29352.378,0.14778882867154422
29352.379,0.1477901987527316
29352.38,0.1477915766601598
29352.381,0.14779296257652694
29352.382,0.14779435670951827
29352.383,0.1477957592144528
29352.384,0.14779716966887932
29352.385,0.14779858843450897
29352.386,0.14780001564964376
29352.387,0.147801451185825
29352.388,0.14780289470615388
29352.389,0.14780434640248138
29352.39,0.1478058061456453
29352.391,0.1478072750292415
29352.392,0.14780875265322568
29352.393,0.1478102388147602
29352.394,0.14781173368290515
29352.395,0.1478132361189813
29352.396,0.1478147455624375
29352.397,0.1478162615067165
29352.398,0.1478177842497946
29352.399,0.14781931397522968
29352.4,0.14782085012835933
29352.401,0.14782239286968604
29352.402,0.14782394159414328
29352.403,0.14782549691690217
29352.404,0.14782705836823576
29352.405,0.14782862545707884
29352.406,0.1478301982703447
29352.407,0.14783177682977217
29352.408,0.14783336063951613
29352.409,0.1478349496673273
29352.41,0.14783654353525946
29352.411,0.14783814235398451
29352.412,0.14783974570116049
29352.413,0.1478413529033035
29352.414,0.1478429627564004
29352.415,0.14784457522410654
29352.416,0.14784619021607215
29352.417,0.14784780752296003
29352.418,0.1478494269003118
29352.419,0.14785104853888978
29352.42,0.1478526720855532
29352.421,0.147854297455909
29352.422,0.1478559242834932
29352.423,0.14785755237974757
29352.424,0.1478591816055993
29352.425,0.14786081223732037
29352.426,0.14786244413718408
29352.427,0.14786407743403485
29352.428,0.14786571128253106
29352.429,0.14786734475948649
29352.43,0.14786897762675524
29352.431,0.1478706100109165
29352.432,0.1478722413527557
29352.433,0.14787387150411252
29352.434,0.14787550033607316
29352.435,0.14787712792429553
29352.436,0.1478787543691615
29352.437,0.1478803794885657
29352.438,0.14788200323954767
29352.439,0.14788362582257195
29352.44,0.14788524677454876
29352.441,0.14788686633453021
29352.442,0.14788848465816312
29352.443,0.14789010206581418
29352.444,0.14789171812058874
29352.445,0.14789333256816858
29352.446,0.1478949444295228
29352.447,0.1478965540153288
29352.448,0.14789816134216627
29352.449,0.14789976647537653
29352.45,0.14790136948976154
29352.451,0.14790297067062713
29352.452,0.14790457004490776
29352.453,0.14790616831313194
29352.454,0.1479077653433364
29352.455,0.1479093613725969
29352.456,0.1479109566576667
29352.457,0.14791255126613523
29352.458,0.1479141460640738
29352.459,0.14791574126368698
29352.46,0.14791733688112332
29352.461,0.14791893327894165
29352.462,0.14792053089140686
29352.463,0.14792212921451842
29352.464,0.1479237283002948
29352.465,0.14792532899943409
29352.466,0.14792693168700227
29352.467,0.14792853677529108
29352.468,0.14793014482888592
29352.469,0.14793175631311936
29352.47,0.1479333719936843
29352.471,0.1479349918449977
29352.472,0.14793661557075066
29352.473,0.1479382441529419
29352.474,0.14793987849906326
29352.475,0.147941519278844
29352.476,0.14794316742905772
29352.477,0.14794482330489167
29352.478,0.1479464868164449
29352.479,0.14794815822506902
29352.48,0.14794983704422215
29352.481,0.14795152388954494
29352.482,0.1479532194966555
29352.483,0.14795492436876687
29352.484,0.14795663884928295
29352.485,0.1479583634912048
29352.486,0.14796009895723436
29352.487,0.14796184521844538
29352.488,0.14796360270860248
29352.489,0.14796537233869317
29352.49,0.14796715465216073
29352.491,0.14796895034834376
29352.492,0.14797075942705315
29352.493,0.1479725823076772
29352.494,0.14797441892185645
29352.495,0.14797626927425772
29352.496,0.14797813359803036
29352.497,0.14798001181715717
29352.498,0.14798190386594326
29352.499,0.1479838098449662
29352.5,0.14798572979598407
29352.501,0.14798766418779458
29352.502,0.1479896124779611
29352.503,0.1479915750581717
29352.504,0.14799355163316086
29352.505,0.14799554218065428
29352.506,0.14799754690257125
29352.507,0.14799956586627794
29352.508,0.14800159935771562
29352.509,0.1480036476716754
29352.51,0.1480057104403431
29352.511,0.14800778725016756
29352.512,0.14800987738635682
29352.513,0.14801198029900553
29352.514,0.14801409486597236
29352.515,0.1480162211951662
29352.516,0.1480183593937512
29352.517,0.14802050919110324
29352.518,0.14802267076779932
29352.519,0.1480248434281071
29352.52,0.148027026845596
29352.521,0.1480292206958323
29352.522,0.14803142382234968
29352.523,0.14803363619227478
29352.524,0.14803585844517006
29352.525,0.1480380899771175
29352.526,0.14804033047507698
29352.527,0.14804257973178725
29352.528,0.1480448369032661
29352.529,0.14804710090343604
29352.53,0.14804937142753072
29352.531,0.14805164740039276
29352.532,0.14805392876487766
29352.533,0.14805621542823805
29352.534,0.14805850674742413
29352.535,0.14806080309741904
29352.536,0.14806310332136882
29352.537,0.14806540663661877
29352.538,0.1480677128938502
29352.539,0.1480700217198794
29352.54,0.1480723324726083
29352.541,0.1480746460886153
29352.542,0.14807696208034632
29352.543,0.14807927976439175
29352.544,0.14808159872200571
29352.545,0.1480839181859432
29352.546,0.14808623750918504
29352.547,0.14808855621972208
29352.548,0.14809087345730806
29352.549,0.14809318861080623
29352.55,0.148095502099809
29352.551,0.1480978134634394
29352.552,0.14810012244795676
29352.553,0.14810242832282525
29352.554,0.14810473084523434
29352.555,0.14810703019002666
29352.556,0.14810932555330703
29352.557,0.14811161710068796
29352.558,0.14811390524715612
29352.559,0.14811618920647127
29352.56,0.14811846871434617
29352.561,0.1481207435243326
29352.562,0.1481230131693266
29352.563,0.1481252766709551
29352.564,0.14812753368678402
29352.565,0.1481297842521034
29352.566,0.1481320279412573
29352.567,0.1481342651760704
29352.568,0.14813649554579825
29352.569,0.1481387185274085
29352.57,0.1481409339860962
29352.571,0.14814314206393758
29352.572,0.1481453422560112
29352.573,0.14814753530262162
29352.574,0.14814972158515005
29352.575,0.14815190123409397
29352.576,0.14815407426420088
29352.577,0.14815624025154553
29352.578,0.148158399565258
29352.579,0.14816055175189294
29352.58,0.14816269627485154
29352.581,0.1481648333425303
29352.582,0.14816696353459105
29352.583,0.14816908648201815
29352.584,0.14817120279755344
29352.585,0.14817331273089043
29352.586,0.14817541630830497
29352.587,0.14817751384075376
29352.588,0.14817960542476175
29352.589,0.14818169114299534
29352.59,0.14818377126768925
29352.591,0.14818584652780953
29352.592,0.14818791730262096
29352.593,0.14818998435511685
29352.594,0.1481920476969042
29352.595,0.14819410727524857
29352.596,0.1481961627350119
29352.597,0.14819821417533852
29352.598,0.14820026191961036
29352.599,0.14820230635548096
29352.6,0.14820434770758611
29352.601,0.14820638648215856
29352.602,0.14820842289108616
29352.603,0.14821045765021026
29352.604,0.14821249089544838
29352.605,0.1482145223568755
29352.606,0.14821655232744918
29352.607,0.1482185816038884
29352.608,0.14822061109708726
29352.609,0.14822264110091657
29352.61,0.1482246712801235
29352.611,0.14822670233595497
29352.612,0.14822873417678037
29352.613,0.1482307664514099
29352.614,0.14823279897300798
29352.615,0.14823483209295846
29352.616,0.14823686634415875
29352.617,0.1482389022635484
29352.618,0.1482409400240461
29352.619,0.14824297948187545
29352.62,0.14824502156340635
29352.621,0.14824706632148738
29352.622,0.1482491139410324
29352.623,0.14825116516839532
29352.624,0.1482532200862812
29352.625,0.148255279581666
29352.626,0.14825734375848448
29352.627,0.14825941306165039
29352.628,0.14826148724785063
29352.629,0.14826356592463472
29352.63,0.14826564908010179
29352.631,0.148267736933124
29352.632,0.14826982963615234
29352.633,0.14827192756140836
29352.634,0.1482740311988564
29352.635,0.14827614074969964
29352.636,0.14827825608195117
29352.637,0.14828037742161124
29352.638,0.14828250541401203
29352.639,0.1482846401248707
29352.64,0.14828678188067446
29352.641,0.14828893136510976
29352.642,0.1482910883087501
29352.643,0.14829325289126988
29352.644,0.14829542596833895
29352.645,0.14829760715120688
29352.646,0.1482997959712343
29352.647,0.14830199206141534
29352.648,0.14830419570871317
29352.649,0.14830640711919635
29352.65,0.14830862665441513
29352.651,0.14831085447064943
29352.652,0.14831309060064743
29352.653,0.14831533515198364
29352.654,0.14831758820827293
29352.655,0.14831984938458767
29352.656,0.14832211846589816
29352.657,0.1483243959480276
29352.658,0.14832668206555347
29352.659,0.14832897733828232
29352.66,0.14833128120102268
29352.661,0.14833359396744872
29352.662,0.14833591487865677
29352.663,0.14833824372775614
29352.664,0.14834057987481528
29352.665,0.14834292299779112
29352.666,0.1483452731773169
29352.667,0.14834763054032551
29352.668,0.14834999465694726
29352.669,0.14835236542627453
29352.67,0.14835474273031019
29352.671,0.14835712660848532
29352.672,0.14835951646829312
29352.673,0.14836191262038534
29352.674,0.1483643149704763
29352.675,0.14836672364049414
29352.676,0.1483691383159911
29352.677,0.1483715586493829
29352.678,0.14837398470120017
29352.679,0.14837641522056444
29352.68,0.1483788496167546
29352.681,0.14838128759882588
29352.682,0.14838372921441886
29352.683,0.1483861739404939
29352.684,0.14838862177742715
29352.685,0.14839107235185559
29352.686,0.14839352518002605
29352.687,0.14839598058035783
29352.688,0.1483984377658621
29352.689,0.14840089659037103
29352.69,0.14840335694404086
29352.691,0.14840581920353832
29352.692,0.14840828328285743
29352.693,0.14841074877240176
29352.694,0.14841321564503052
29352.695,0.14841568299890262
29352.696,0.1484181502534688
29352.697,0.14842061679843768
29352.698,0.14842308222174588
29352.699,0.1484255464916428
29352.7,0.14842800982597965
29352.701,0.14843047184473818
29352.702,0.148432932169013
29352.703,0.14843539027391847
29352.704,0.14843784590497702
29352.705,0.14844029863287725
29352.706,0.14844274865549115
29352.707,0.14844519587990299
29352.708,0.14844764033188076
29352.709,0.14845008164500184
29352.71,0.14845251939705068
29352.711,0.14845495325266708
29352.712,0.14845738288794907
29352.713,0.14845980725118427
29352.714,0.14846222583519703
29352.715,0.14846463841412846
29352.716,0.14846704496764349
29352.717,0.1484694453804186
29352.718,0.148471839010703
29352.719,0.14847422575813807
29352.72,0.1484766053218579
29352.721,0.1484789776094107
29352.722,0.1484813416447163
29352.723,0.14848369769471412
29352.724,0.1484860457009547
29352.725,0.14848838652746096
29352.726,0.14849071933151592
29352.727,0.14849304437030666
29352.728,0.1484953604867964
29352.729,0.14849766798145753
29352.73,0.14849996609796892
29352.731,0.14850225456745822
29352.732,0.14850453367216288
29352.733,0.14850680359766122
29352.734,0.14850906389897744
29352.735,0.14851131486270186
29352.736,0.14851355639200295
29352.737,0.14851578841504048
29352.738,0.14851801103839554
29352.739,0.14852022471665546
29352.74,0.14852242971071083
29352.741,0.14852462658377025
29352.742,0.14852681570081158
29352.743,0.14852899720877968
29352.744,0.14853117165456597
29352.745,0.14853333857663056
29352.746,0.14853549782358055
29352.747,0.14853764986921117
29352.748,0.14853979502991604
29352.749,0.14854193360473977
29352.75,0.1485440665840209
29352.751,0.14854619386451423
29352.752,0.14854831621042533
29352.753,0.14855043416862404
29352.754,0.14855254811148988
29352.755,0.14855465818033625
29352.756,0.14855676498298376
29352.757,0.14855886909507152
29352.758,0.14856097120291967
29352.759,0.1485630721055334
29352.76,0.14856517199490282
29352.761,0.148567271966476
29352.762,0.14856937155117547
29352.763,0.1485714711507442
29352.764,0.14857357042498573
29352.765,0.1485756699680662
29352.766,0.14857777089548335
29352.767,0.14857987374165102
29352.768,0.14858197865600395
29352.769,0.1485840865475598
29352.77,0.14858619769609707
29352.771,0.14858831233094924
29352.772,0.14859043017437146
29352.773,0.14859255200789187
29352.774,0.14859467869999726
29352.775,0.14859681097808985
29352.776,0.14859894903044654
29352.777,0.14860109301902794
29352.778,0.14860324322405613
29352.779,0.14860539901487815
29352.78,0.1486075602749676
29352.781,0.14860972748194465
29352.782,0.14861190060395454
29352.783,0.1486140797087817
29352.784,0.14861626506815176
29352.785,0.14861845748723587
29352.786,0.14862065644247613
29352.787,0.14862286262313787
29352.788,0.14862507489216267
29352.789,0.14862729369532207
29352.79,0.14862951965103144
29352.791,0.14863175306602489
29352.792,0.14863399390194226
29352.793,0.14863624208380702
29352.794,0.14863849741166046
29352.795,0.14864075919681735
29352.796,0.14864302708863053
29352.797,0.14864530058555142
29352.798,0.1486475794608237
29352.799,0.14864986393323942
29352.8,0.14865215394057832
29352.801,0.14865444909954825
29352.802,0.14865674939194495
29352.803,0.1486590546415672
29352.804,0.14866136503813066
29352.805,0.14866368019948137
29352.806,0.14866599947755713
29352.807,0.14866832338929867
29352.808,0.14867065205262867
29352.809,0.14867298498471626
29352.81,0.1486753221720614
29352.811,0.14867766316083628
29352.812,0.1486800076683852
29352.813,0.14868235485452133
29352.814,0.14868470414128745
29352.815,0.14868705555011758
29352.816,0.14868940905568076
29352.817,0.14869176478832016
29352.818,0.14869412242983612
29352.819,0.14869648175303468
29352.82,0.1486988425266207
29352.821,0.1487012050946435
29352.822,0.14870356825194045
29352.823,0.14870593248592087
29352.824,0.14870829765297452
29352.825,0.14871066467153732
29352.826,0.1487130326619341
29352.827,0.14871540144248238
29352.828,0.14871777084194004
29352.829,0.14872014053213303
29352.83,0.14872250909743334
29352.831,0.148724876995632
29352.832,0.14872724386340413
29352.833,0.14872960922923212
29352.834,0.14873197364964313
29352.835,0.14873433685295545
29352.836,0.14873669844972004
29352.837,0.14873905881733132
29352.838,0.14874141755880643
29352.839,0.14874377472900185
29352.84,0.14874612988998523
29352.841,0.1487484837696938
29352.842,0.14875083617553314
29352.843,0.1487531876091559
29352.844,0.14875553782422501
29352.845,0.14875788725410072
29352.846,0.14876023461297683
29352.847,0.1487625796181691
29352.848,0.14876492200104827
29352.849,0.1487672616184182
29352.85,0.14876959873024348
29352.851,0.14877193282820605
29352.852,0.14877426423099643
29352.853,0.14877659325732628
29352.854,0.1487789198639495
29352.855,0.14878124379068602
29352.856,0.14878356538018395
29352.857,0.14878588490485842
29352.858,0.14878820242657195
29352.859,0.14879051832180548
29352.86,0.14879283304762406
29352.861,0.14879514631718715
29352.862,0.14879745784685786
29352.863,0.14879976721898716
29352.864,0.14880207444354202
29352.865,0.1488043793873206
29352.866,0.1488066821366137
29352.867,0.14880898304759255
29352.868,0.14881128219380296
29352.869,0.14881357978569143
29352.87,0.14881587542778402
29352.871,0.14881816967329947
29352.872,0.14882046255348794
29352.873,0.1488227545068065
29352.874,0.1488250458443469
29352.875,0.14882733698997283
29352.876,0.14882962813263412
29352.877,0.1488319196106336
29352.878,0.14883421111813075
29352.879,0.14883650241162366
29352.88,0.14883879275288658
29352.881,0.1488410826577159
29352.882,0.14884337192660593
29352.883,0.14884566141290612
29352.884,0.1488479512082395
29352.885,0.14885024164207278
29352.886,0.14885253242895174
29352.887,0.14885482412067635
29352.888,0.14885711626908693
29352.889,0.14885940960383184
29352.89,0.14886170463976342
29352.891,0.14886400189332086
29352.892,0.14886630170413906
29352.893,0.14886860404832616
29352.894,0.14887090856238658
29352.895,0.1488732161673501
29352.896,0.14887552660533346
29352.897,0.14887783973463506
29352.898,0.14888015579632918
29352.899,0.14888247500832336
29352.9,0.14888479754179254
29352.901,0.14888712334565465
29352.902,0.14888945293141898
29352.903,0.14889178658458108
29352.904,0.14889412461583074
29352.905,0.14889646697547484
29352.906,0.14889881363506735
29352.907,0.14890116572100273
29352.908,0.1489035229855161
29352.909,0.14890588631531246
29352.91,0.1489082558140223
29352.911,0.14891063145624953
29352.912,0.14891301368897197
29352.913,0.14891540256801158
29352.914,0.14891779696694904
29352.915,0.14892019748324897
29352.916,0.1489226043694056
29352.917,0.14892501805298866
29352.918,0.1489274382267022
29352.919,0.14892986523847154
29352.92,0.14893229966849017
29352.921,0.14893474186841602
29352.922,0.14893719080234352
29352.923,0.14893964680518104
29352.924,0.1489421107491906
29352.925,0.14894458236911465
29352.926,0.1489470615110515
29352.927,0.14894954844406297
29352.928,0.1489520428091859
29352.929,0.14895454408484016
29352.93,0.14895705156669156
29352.931,0.14895956497434312
29352.932,0.14896208399164065
29352.933,0.1489646091656221
29352.934,0.14896714069925765
29352.935,0.148969677474615
29352.936,0.1489722198589045
29352.937,0.14897476771886134
29352.938,0.14897732070229522
29352.939,0.1489798782863874
29352.94,0.1489824405564584
29352.941,0.1489850078175318
29352.942,0.1489875790291792
29352.943,0.1489901540771056
29352.944,0.1489927320848515
29352.945,0.14899531329692736
29352.946,0.14899789538569339
29352.947,0.14900047821072693
29352.948,0.14900306156985854
29352.949,0.14900564508478487
29352.95,0.14900822888893744
29352.951,0.14901081292882803
29352.952,0.14901339678763048
29352.953,0.14901598022341173
29352.954,0.14901856217786358
29352.955,0.14902114237408515
29352.956,0.149023720132471
29352.957,0.1490262958691396
29352.958,0.14902886965345233
29352.959,0.14903144161777995
29352.96,0.14903401141336836
29352.961,0.14903657785606483
29352.962,0.14903914056766965
29352.963,0.14904169858285765
29352.964,0.14904425186702897
29352.965,0.14904679969016627
29352.966,0.14904934197413675
29352.967,0.1490518793929086
29352.968,0.14905441148980472
29352.969,0.14905693828326716
29352.97,0.14905945948310306
29352.971,0.149061975509868
29352.972,0.14906448614686804
29352.973,0.1490669911802157
29352.974,0.14906949123500193
29352.975,0.14907198637637203
29352.976,0.149074476215323
29352.977,0.149076961066567
29352.978,0.14907944034512144
29352.979,0.14908191438469415
29352.98,0.1490843825051146
29352.981,0.14908684506935166
29352.982,0.14908930199880244
29352.983,0.14909175392438007
29352.984,0.14909420075443314
29352.985,0.14909664284879018
29352.986,0.14909908034310004
29352.987,0.14910151312786507
29352.988,0.14910394129946475
29352.989,0.14910636532208843
29352.99,0.1491087859640144
29352.991,0.1491112034327197
29352.992,0.14911361799151435
29352.993,0.14911602977485117
29352.994,0.14911843951854223
29352.995,0.14912084718472352
29352.996,0.1491232516703082
29352.997,0.14912565237106348
29352.998,0.1491280496461079
29352.999,0.14913044413841842
29353.0,0.14913283631405586
29353.001,0.1491352262433806
29353.002,0.14913761431735942
29353.003,0.14914000067408714
29353.004,0.14914238526799767
29353.005,0.14914476852139996
29353.006,0.14914715034796694
29353.007,0.14914953168984568
29353.008,0.14915191237073216
29353.009,0.1491542926665217
29353.01,0.14915667268678107
29353.011,0.14915905253556824
29353.012,0.1491614321690467
29353.013,0.14916381056785363
29353.014,0.1491661867695862
29353.015,0.14916856161617353
29353.016,0.1491709351914548
29353.017,0.14917330751366484
29353.018,0.14917567844784216
29353.019,0.14917804816712046
29353.02,0.14918041613541116
29353.021,0.14918278196083282
29353.022,0.14918514506370306
29353.023,0.149187506136006
29353.024,0.14918986539700207
29353.025,0.14919222288110373
29353.026,0.14919457852532256
29353.027,0.14919693215821397
29353.028,0.14919928320492357
29353.029,0.14920163093278258
29353.03,0.14920397425383308
29353.031,0.14920631338913173
29353.032,0.14920864799602498
29353.033,0.14921097780132703
29353.034,0.14921330305322283
29353.035,0.14921562255345236
29353.036,0.149217936630304
29353.037,0.1492202451113296
29353.038,0.14922254702672694
29353.039,0.14922484188857624
29353.04,0.1492271301281611
29353.041,0.14922941183329547
29353.042,0.14923168689303526
29353.043,0.14923395575008366
29353.044,0.14923621790160682
29353.045,0.14923847309090932
29353.046,0.1492407201462751
29353.047,0.1492429588074443
29353.048,0.14924518886840152
29353.049,0.1492474103537155
29353.05,0.14924962325562993
29353.051,0.1492518278330142
29353.052,0.14925402324411893
29353.053,0.14925620986412041
29353.054,0.14925838773393418
29353.055,0.14926055644171174
29353.056,0.14926271585492085
29353.057,0.14926486678277198
29353.058,0.14926700952374175
29353.059,0.14926914415269596
29353.06,0.1492712708499771
29353.061,0.14927338976539886
29353.062,0.14927550100254203
29353.063,0.14927760418378022
29353.064,0.14927969913309214
29353.065,0.14928178619312396
29353.066,0.14928386586861916
29353.067,0.1492859385956103
29353.068,0.1492880044091261
29353.069,0.1492900636625649
29353.07,0.14929211654204966
29353.071,0.1492941638505673
29353.072,0.1492962052868855
29353.073,0.14929824099089176
29353.074,0.1493002720878613
29353.075,0.14930229950803403
29353.076,0.14930432345034517
29353.077,0.14930634437982476
29353.078,0.14930836240019005
29353.079,0.14931037761668653
29353.08,0.1493123890797456
29353.081,0.14931439767025215
29353.082,0.14931640406319122
29353.083,0.14931840841359076
29353.084,0.14932041097278217
29353.085,0.14932241226064707
29353.086,0.1493244129839302
29353.087,0.14932641332079682
29353.088,0.1493284138001812
29353.089,0.14933041453787915
29353.09,0.1493324159303112
29353.091,0.14933441859574073
29353.092,0.1493364231292995
29353.093,0.14933842992195143
29353.094,0.14934043944132122
29353.095,0.14934245076164232
29353.096,0.1493444638181878
29353.097,0.14934647855217062
29353.098,0.14934849540816783
29353.099,0.14935051464710572
29353.1,0.14935253650310587
29353.101,0.14935456111955153
29353.102,0.14935658889869569
29353.103,0.14935861978855344
29353.104,0.1493606538353931
29353.105,0.1493626910071786
29353.106,0.14936473121813068
29353.107,0.14936677518648458
29353.108,0.14936882341853394
29353.109,0.14937087616816383
29353.11,0.14937293418030936
29353.111,0.1493749967825742
29353.112,0.1493770639904618
29353.113,0.14937913474968006
29353.114,0.14938120862592363
29353.115,0.1493832861154705
29353.116,0.14938536750453765
29353.117,0.14938745281172375
29353.118,0.14938954194729043
29353.119,0.1493916349503391
29353.12,0.14939373182176174
29353.121,0.14939583292709624
29353.122,0.14939793766001094
29353.123,0.14940004610914345
29353.124,0.14940215838806623
29353.125,0.14940427532422473
29353.126,0.14940639638417344
29353.127,0.1494085222579686
29353.128,0.14941065190492928
29353.129,0.14941278464454083
29353.13,0.14941492020648597
29353.131,0.14941705856792264
29353.132,0.14941919946181956
29353.133,0.14942134322218562
29353.134,0.14942348996723184
29353.135,0.14942563861795854
29353.136,0.14942779011517318
29353.137,0.14942994403062915
29353.138,0.1494320998368807
29353.139,0.1494342579534948
29353.14,0.14943641854169246
29353.141,0.14943858169639707
29353.142,0.14944074794928294
29353.143,0.14944291678194524
29353.144,0.14944508766388623
29353.145,0.1494472606138918
29353.146,0.14944943450389833
29353.147,0.14945160882110656
29353.148,0.14945378354968133
29353.149,0.14945595916244922
29353.15,0.1494581357308828
29353.151,0.14946031288939035
29353.152,0.14946249017213561
29353.153,0.14946466798903324
29353.154,0.14946684628112827
29353.155,0.14946902463340034
29353.156,0.1494712033176582
29353.157,0.14947338274723893
29353.158,0.14947556318224298
29353.159,0.14947774448140808
29353.16,0.1494799268606343
29353.161,0.14948211037604647
29353.162,0.14948429409096028
29353.163,0.14948647784785554
29353.164,0.1494886606973863
29353.165,0.14949084308294697
29353.166,0.1494930251799351
29353.167,0.1494952067608456
29353.168,0.14949738868885015
29353.169,0.14949957057813318
29353.17,0.1495017524830071
29353.171,0.1495039347021037
29353.172,0.1495061170319387
29353.173,0.14950829920045045
29353.174,0.14951048191856742
29353.175,0.1495126652308588
29353.176,0.14951484928947614
29353.177,0.1495170344527205
29353.178,0.14951922114458902
29353.179,0.1495214083949
29353.18,0.14952359504165988
29353.181,0.14952578218692011
29353.182,0.14952797005316634
29353.183,0.14953015821634466
29353.184,0.14953234714824742
29353.185,0.14953453674311848
29353.186,0.14953672755439493
29353.187,0.14953891924165544
29353.188,0.14954111107619872
29353.189,0.14954330318113618
29353.19,0.14954549605363776
29353.191,0.14954769072725735
29353.192,0.1495498868421399
29353.193,0.14955208430664865
29353.194,0.14955428272950408
29353.195,0.149556481895936
29353.196,0.14955868170902822
29353.197,0.14956088200888243
29353.198,0.14956308252023992
29353.199,0.14956528316528078
29353.2,0.14956748406001427
29353.201,0.1495696850260621
29353.202,0.14957188594828336
29353.203,0.14957408632740163
29353.204,0.14957628618137467
29353.205,0.14957848558024878
29353.206,0.14958068432515662
29353.207,0.14958288269722103
29353.208,0.1495850809947704
29353.209,0.14958727878100797
29353.21,0.1495894759674551
29353.211,0.1495916718877689
29353.212,0.1495938659561333
29353.213,0.14959605723399866
29353.214,0.14959824523558515
29353.215,0.1496004301546801
29353.216,0.1496026120903031
29353.217,0.1496047906084386
29353.218,0.14960696548782992
29353.219,0.14960913685071703
29353.22,0.14961130450767737
29353.221,0.14961346788036162
29353.222,0.14961562658804844
29353.223,0.14961778107520443
29353.224,0.14961993144081934
29353.225,0.1496220780418761
29353.226,0.1496242200863512
29353.227,0.1496263574445436
29353.228,0.1496284893069165
29353.229,0.14963061501281066
29353.23,0.1496327346583689
29353.231,0.1496348478928343
29353.232,0.14963695480480468
29353.233,0.14963905519816437
29353.234,0.14964114872090092
29353.235,0.14964323546532698
29353.236,0.14964531614363405
29353.237,0.1496473901059346
29353.238,0.14964945750433073
29353.239,0.14965151866344073
29353.24,0.14965357323582607
29353.241,0.14965562166834692
29353.242,0.14965766456691457
29353.243,0.1496597009749044
29353.244,0.14966173144855618
29353.245,0.1496637562680997
29353.246,0.1496657743110588
29353.247,0.14966778591054208
29353.248,0.14966979130849617
29353.249,0.149671791160785
29353.25,0.14967378536775458
29353.251,0.14967577403121293
29353.252,0.14967775750789186
29353.253,0.1496797360954697
29353.254,0.14968171016147447
29353.255,0.14968367935145382
29353.256,0.14968564434097656
29353.257,0.1496876060014669
29353.258,0.1496895648561302
29353.259,0.14969152116762796
29353.26,0.14969347521606088
29353.261,0.14969542711542075
29353.262,0.14969737681429157
29353.263,0.14969932435065367
29353.264,0.14970126909637216
29353.265,0.14970321180877114
29353.266,0.14970515318928246
29353.267,0.14970709337799457
29353.268,0.14970903336264735
29353.269,0.14971097302719003
29353.27,0.14971291285495908
29353.271,0.14971485334069598
29353.272,0.14971679406376698
29353.273,0.1497187357368279
29353.274,0.14972067944457193
29353.275,0.14972262565826416
29353.276,0.14972457495110217
29353.277,0.1497265273595363
29353.278,0.14972848295930283
29353.279,0.14973044129858532
29353.28,0.14973240190522355
29353.281,0.14973436575548935
29353.282,0.14973633286360705
29353.283,0.14973830341250596
29353.284,0.14974027770253975
29353.285,0.1497422559744187
29353.286,0.14974423903908235
29353.287,0.1497462262722658
29353.288,0.14974821782721748
29353.289,0.14975021458224266
29353.29,0.14975221711429335
29353.291,0.14975422536185204
29353.292,0.1497562387831845
29353.293,0.14975825820553526
29353.294,0.14976028321408955
29353.295,0.14976231388179884
29353.296,0.14976434977495093
29353.297,0.14976639011557835
29353.298,0.14976843484184776
29353.299,0.14977048470666138
29353.3,0.14977253964019147
29353.301,0.1497745993098653
29353.302,0.14977666398781286
29353.303,0.14977873349550883
29353.304,0.14978080810368385
29353.305,0.14978288729384395
29353.306,0.14978497094951315
29353.307,0.14978705927846836
29353.308,0.14978915252195935
29353.309,0.14979125031213644
29353.31,0.1497933532444093
29353.311,0.14979546031133115
29353.312,0.1497975710828606
29353.313,0.14979968571874466
29353.314,0.14980180264628443
29353.315,0.14980392193173325
29353.316,0.14980604349597643
29353.317,0.1498081676838852
29353.318,0.149810294242547
29353.319,0.14981242240482956
29353.32,0.14981455233085786
29353.321,0.14981668362112413
29353.322,0.14981881618326973
29353.323,0.14982094984833944
29353.324,0.1498230845876194
29353.325,0.14982522037216225
29353.326,0.14982735688171595
29353.327,0.14982949448984853
29353.328,0.1498316327710512
29353.329,0.149833771029119
29353.33,0.14983590918373632
29353.331,0.14983804631400904
29353.332,0.1498401822801434
29353.333,0.1498423169155569
29353.334,0.14984445082618386
29353.335,0.14984658411517596
29353.336,0.14984871699256955
29353.337,0.1498508488645044
29353.338,0.14985297985035848
29353.339,0.1498551099738692
29353.34,0.14985723902035267
29353.341,0.1498593678627055
29353.342,0.14986149676704308
29353.343,0.14986362563428504
29353.344,0.1498657550446358
29353.345,0.149867884530528
29353.346,0.1498700127565099
29353.347,0.14987214025830972
29353.348,0.14987426709449095
29353.349,0.14987639292375451
29353.35,0.1498785182213206
29353.351,0.14988064286292013
29353.352,0.14988276729614608
29353.353,0.14988489213100054
29353.354,0.14988701736958776
29353.355,0.14988914263012426
29353.356,0.14989126843858358
29353.357,0.1498933951992188
29353.358,0.14989552340362727
29353.359,0.14989765334686042
29353.36,0.14989978486959527
29353.361,0.14990191784755574
29353.362,0.14990405201470502
29353.363,0.14990618729418886
29353.364,0.14990832257571599
29353.365,0.1499104588380551
29353.366,0.14991259629201223
29353.367,0.14991473498789953
29353.368,0.14991687460454634
29353.369,0.14991901481905792
29353.37,0.14992115631102607
29353.371,0.14992329895700088
29353.372,0.14992544253793147
29353.373,0.14992758698979133
29353.374,0.14992973295961515
29353.375,0.14993188050588802
29353.376,0.14993402940764733
29353.377,0.14993617957799177
29353.378,0.1499383307212524
29353.379,0.1499404820775614
29353.38,0.14994263302939023
29353.381,0.1499447840373137
29353.382,0.1499469350217264
29353.383,0.1499490855815484
29353.384,0.14995123522644835
29353.385,0.1499533843305114
29353.386,0.14995553280534535
29353.387,0.14995768014748886
29353.388,0.14995982648610257
29353.389,0.1499619715966279
29353.39,0.14996411557322264
29353.391,0.14996625859341653
29353.392,0.14996840103760767
29353.393,0.14997054305029722
29353.394,0.14997268415885562
29353.395,0.14997482402974424
29353.396,0.14997696223901016
29353.397,0.1499790980481183
29353.398,0.14998123200754307
29353.399,0.14998336365341347
29353.4,0.14998549266101793
29353.401,0.1499876195355588
29353.402,0.149989744704519
29353.403,0.1499918676873472
29353.404,0.14999398866210545
29353.405,0.14999610716463468
29353.406,0.1499982238639988
29353.407,0.15000033882687158
29353.408,0.1500024528987004
29353.409,0.1500045657020084
29353.41,0.15000667743144044
29353.411,0.15000878749800078
29353.412,0.15001089628171727
29353.413,0.15001300343663537
29353.414,0.15001510800399806
29353.415,0.1500172111892272
29353.416,0.1500193129375007
29353.417,0.15002141348491074
29353.418,0.15002351209236953
29353.419,0.15002560917495278
29353.42,0.15002770498673101
29353.421,0.15002979928899707
29353.422,0.1500318916711763
29353.423,0.15003398280723929
29353.424,0.1500360734774303
29353.425,0.15003816383703017
29353.426,0.1500402540265931
29353.427,0.1500423442638666
29353.428,0.15004443422223282
29353.429,0.15004652344029318
29353.43,0.1500486116493823
29353.431,0.1500506985787227
29353.432,0.15005278467546934
29353.433,0.15005487039040696
29353.434,0.15005695560934193
29353.435,0.1500590402854652
29353.436,0.15006112423443999
29353.437,0.150063207197864
29353.438,0.1500652890601411
29353.439,0.1500673700554842
29353.44,0.15006945007828595
29353.441,0.15007152971707496
29353.442,0.1500736095016461
29353.443,0.150075688850433
29353.444,0.15007776794123007
29353.445,0.15007984613406933
29353.446,0.1500819229934467
29353.447,0.15008399864583352
29353.448,0.15008607260414095
29353.449,0.15008814482316288
29353.45,0.15009021589828525
29353.451,0.15009228540392078
29353.452,0.15009435375428076
29353.453,0.15009642053488867
29353.454,0.15009848582135107
29353.455,0.15010054926681404
29353.456,0.15010261109876186
29353.457,0.15010467155181656
29353.458,0.15010673108448067
29353.459,0.15010878906667663
29353.46,0.15011084557972373
29353.461,0.1501129006005339
29353.462,0.15011495377288078
29353.463,0.15011700506861317
29353.464,0.15011905356136843
29353.465,0.15012109981563704
29353.466,0.15012314380636455
29353.467,0.1501251855776914
29353.468,0.15012722466817444
29353.469,0.15012926148335978
29353.47,0.15013129647837578
29353.471,0.15013332898654455
29353.472,0.15013535904355227
29353.473,0.15013738670963508
29353.474,0.15013941237096756
29353.475,0.15014143599651533
29353.476,0.1501434577031106
29353.477,0.15014547780570617
29353.478,0.15014749630996996
29353.479,0.1501495125825787
29353.48,0.1501515261962578
29353.481,0.15015353701044232
29353.482,0.1501555448636975
29353.483,0.15015755013597987
29353.484,0.15015955285343077
29353.485,0.15016155321939875
29353.486,0.1501635511155729
29353.487,0.1501655467077826
29353.488,0.15016753964399432
29353.489,0.1501695296655528
29353.49,0.15017151680760854
29353.491,0.1501735014381103
29353.492,0.15017548373936684
29353.493,0.15017746344097632
29353.494,0.15017944081541484
29353.495,0.15018141557301343
29353.496,0.15018338676871162
29353.497,0.1501853538898307
29353.498,0.15018731687294598
29353.499,0.15018927538028312
29353.5,0.1501912301568242
29353.501,0.15019318122273553
29353.502,0.1501951282138333
29353.503,0.15019707064385843
29353.504,0.15019900890410284
29353.505,0.15020094260991343
29353.506,0.15020287188249584
29353.507,0.1502047965792171
29353.508,0.15020671715604486
29353.509,0.15020863325028902
29353.51,0.15021054516370577
29353.511,0.15021245239017264
29353.512,0.1502143544028875
29353.513,0.1502162508418784
29353.514,0.15021814062000277
29353.515,0.1502200242141251
29353.516,0.15022190156864001
29353.517,0.1502237727213467
29353.518,0.15022563770116687
29353.519,0.1502274968662176
29353.52,0.15022935025894252
29353.521,0.15023119851131084
29353.522,0.15023304121235986
29353.523,0.15023487870068097
29353.524,0.15023671134423852
29353.525,0.15023853895102404
29353.526,0.15024036193369913
29353.527,0.15024218029236197
29353.528,0.15024399394971333
29353.529,0.1502458021679638
29353.53,0.15024760477347482
29353.531,0.1502494019948293
29353.532,0.15025119380728566
29353.533,0.15025298080527943
29353.534,0.15025476313506067
29353.535,0.1502565414063885
29353.536,0.1502583154250134
29353.537,0.15026008576873476
29353.538,0.15026185294933408
29353.539,0.1502636170060611
29353.54,0.1502653782209386
29353.541,0.15026713756216578
29353.542,0.1502688951926803
29353.543,0.1502706510203706
29353.544,0.15027240558504418
29353.545,0.15027415882130205
29353.546,0.15027591083094136
29353.547,0.15027766137865597
29353.548,0.15027941093870983
29353.549,0.15028116023905377
29353.55,0.15028290969582275
29353.551,0.1502846596876401
29353.552,0.15028641059096834
29353.553,0.15028816245424848
29353.554,0.15028991591783242
29353.555,0.15029167048569236
29353.556,0.15029342689072697
29353.557,0.15029518536453745
29353.558,0.1502969469367446
29353.559,0.15029871178692703
29353.56,0.15030048053262612
29353.561,0.15030225301299532
29353.562,0.1503040292871077
29353.563,0.15030580941058794
29353.564,0.15030759243939032
29353.565,0.15030937891169727
29353.566,0.1503111693017982
29353.567,0.1503129638153132
29353.568,0.15031476271046326
29353.569,0.1503165661780286
29353.57,0.15031837463897035
29353.571,0.15032018800748767
29353.572,0.15032200586427866
29353.573,0.15032382875639455
29353.574,0.15032565689473276
29353.575,0.15032749101214402
29353.576,0.15032933117081695
29353.577,0.1503311774626681
29353.578,0.1503330294094995
29353.579,0.15033488630183864
29353.58,0.15033674733844568
29353.581,0.15033861261880774
29353.582,0.1503404822235825
29353.583,0.15034235561228151
29353.584,0.15034423280705592
29353.585,0.15034611401423134
29353.586,0.15034799894078527
29353.587,0.1503498873177057
29353.588,0.15035177885872575
29353.589,0.15035367332296612
29353.59,0.1503555708323564
29353.591,0.15035747173137
29353.592,0.15035937522246495
29353.593,0.1503612811943511
29353.594,0.15036318970266518
29353.595,0.1503650999861325
29353.596,0.15036701067994104
29353.597,0.15036892166261911
29353.598,0.15037083224910877
29353.599,0.15037274214200297
29353.6,0.15037465108657308
29353.601,0.15037655876845882
29353.602,0.15037846452059583
29353.603,0.15038036806689228
29353.604,0.15038226913636957
29353.605,0.15038416715383968
29353.606,0.15038606184197278
29353.607,0.15038795316622555
29353.608,0.15038984115445275
29353.609,0.1503917253454794
29353.61,0.15039360578578434
29353.611,0.15039548157633081
29353.612,0.15039735219342004
29353.613,0.15039921743577594
29353.614,0.15040107605809397
29353.615,0.15040292825751023
29353.616,0.15040477398893018
29353.617,0.15040661313500298
29353.618,0.1504084458767558
29353.619,0.15041027156865253
29353.62,0.15041209024528907
29353.621,0.15041390184036735
29353.622,0.15041570548390773
29353.623,0.1504175013559759
29353.624,0.15041928983826697
29353.625,0.15042107123708887
29353.626,0.15042284562225072
29353.627,0.150424613092421
29353.628,0.15042637359515287
29353.629,0.15042812630365215
29353.63,0.15042987126426888
29353.631,0.15043160856906232
29353.632,0.15043333803543915
29353.633,0.1504350604330742
29353.634,0.15043677540108935
29353.635,0.1504384832395361
29353.636,0.15044018402701778
29353.637,0.150441878554548
29353.638,0.1504435665624
29353.639,0.15044524764771083
29353.64,0.15044692279350344
29353.641,0.1504485927910492
29353.642,0.15045025761605083
29353.643,0.15045191790097118
29353.644,0.15045357371012028
29353.645,0.15045522533726535
29353.646,0.15045687156455245
29353.647,0.15045851267355478
29353.648,0.15046014862074023
29353.649,0.150461780035446
29353.65,0.1504634068797409
29353.651,0.15046502925236688
29353.652,0.1504666470278932
29353.653,0.15046826039295375
29353.654,0.1504698696679089
29353.655,0.15047147459754226
29353.656,0.1504730757680953
29353.657,0.15047467334769202
29353.658,0.15047626819388848
29353.659,0.15047786012747894
29353.66,0.1504794489826593
29353.661,0.15048103444340735
29353.662,0.15048261650345499
29353.663,0.1504841945838485
29353.664,0.15048576816765497
29353.665,0.15048733723025084
29353.666,0.1504889020846204
29353.667,0.15049046327501803
29353.668,0.1504920204012214
29353.669,0.15049357317615364
29353.67,0.15049512200474027
29353.671,0.15049666657297242
29353.672,0.15049820707630943
29353.673,0.15049974381277884
29353.674,0.15050127670733673
29353.675,0.1505028059207623
29353.676,0.15050433150098874
29353.677,0.15050585310274456
29353.678,0.15050737033855133
29353.679,0.15050888289097908
29353.68,0.1505103903807217
29353.681,0.15051189297023324
29353.682,0.1505133902421911
29353.683,0.15051488258048315
29353.684,0.15051637048321123
29353.685,0.15051785354644243
29353.686,0.15051933187902933
29353.687,0.1505208054161812
29353.688,0.15052227446525784
29353.689,0.15052373897509352
29353.69,0.15052519909041223
29353.691,0.15052665523342892
29353.692,0.1505281078317006
29353.693,0.15052955717060024
29353.694,0.1505310028813386
29353.695,0.1505324445675789
29353.696,0.15053388153276628
29353.697,0.15053531398606101
29353.698,0.15053674211430676
29353.699,0.15053816636886982
29353.7,0.15053958724990377
29353.701,0.1505410047637875
29353.702,0.1505424187491226
29353.703,0.15054382950450795
29353.704,0.1505452375045868
29353.705,0.15054664268784754
29353.706,0.15054804517793385
29353.707,0.15054944536927853
29353.708,0.15055084393205742
29353.709,0.15055224116349653
29353.71,0.15055363709621786
29353.711,0.15055503143202412
29353.712,0.15055642413094983
29353.713,0.15055781514600547
29353.714,0.15055920359962358
29353.715,0.15056059006784378
29353.716,0.150561975076217
29353.717,0.15056335847918348
29353.718,0.15056474076387022
29353.719,0.15056612230568653
29353.72,0.1505675032368599
29353.721,0.15056888322980327
29353.722,0.15057026223165335
29353.723,0.15057164081247373
29353.724,0.15057301935077338
29353.725,0.15057439861083824
29353.726,0.150575777903879
29353.727,0.15057715780765066
29353.728,0.15057853809293137
29353.729,0.15057991816846467
29353.73,0.1505812976089021
29353.731,0.15058267664337366
29353.732,0.15058405512493547
29353.733,0.15058543375659464
29353.734,0.15058681274926816
29353.735,0.15058819237741855
29353.736,0.15058957239730672
29353.737,0.15059095282690613
29353.738,0.15059233357750415
29353.739,0.15059371436720426
29353.74,0.1505950960533519
29353.741,0.15059647881912835
29353.742,0.15059786255501187
29353.743,0.15059924717894593
29353.744,0.15060063270928062
29353.745,0.15060201891032504
29353.746,0.15060340483198367
29353.747,0.1506047905700333
29353.748,0.15060617616103109
29353.749,0.15060756195720185
29353.75,0.15060894751576898
29353.751,0.1506103330815899
29353.752,0.1506117188294656
29353.753,0.15061310511489184
29353.754,0.1506144920128188
29353.755,0.15061587926051348
29353.756,0.15061726659172311
29353.757,0.1506186543312673
29353.758,0.15062004287947386
29353.759,0.15062143176229303
29353.76,0.15062282138673783
29353.761,0.15062421149756008
29353.762,0.15062560202574554
29353.763,0.15062699240241692
29353.764,0.15062838189290054
29353.765,0.1506297706640078
29353.766,0.1506311594022308
29353.767,0.15063254813966212
29353.768,0.1506339370400083
29353.769,0.1506353258178619
29353.77,0.15063671497349773
29353.771,0.15063810433310276
29353.772,0.15063949358699802
29353.773,0.15064088238977089
29353.774,0.1506422713573546
29353.775,0.1506436606140231
29353.776,0.15064505060124198
29353.777,0.1506464409510714
29353.778,0.1506478315570774
29353.779,0.15064922265466343
29353.78,0.1506506134113066
29353.781,0.15065200381791963
29353.782,0.15065339383062668
29353.783,0.15065478422134934
29353.784,0.15065617466072923
29353.785,0.1506575653572787
29353.786,0.15065895668294993
29353.787,0.1506603480756939
29353.788,0.15066173993155113
29353.789,0.15066313189531244
29353.79,0.150664524076468
29353.791,0.15066591729817508
29353.792,0.15066731160521615
29353.793,0.1506687067899908
29353.794,0.1506701030238407
29353.795,0.15067150014984815
29353.796,0.1506728972704837
29353.797,0.15067429462072482
29353.798,0.15067569213028054
29353.799,0.1506770898567636
29353.8,0.15067848821243113
29353.801,0.1506798867909522
29353.802,0.15068128579989312
29353.803,0.15068268507040447
29353.804,0.1506840846717251
29353.805,0.15068548450176744
29353.806,0.15068688472582767
29353.807,0.1506882854170529
29353.808,0.1506896869396131
29353.809,0.1506910892437276
29353.81,0.15069249226861126
29353.811,0.15069389569153466
29353.812,0.15069529903648096
29353.813,0.1506967018220103
29353.814,0.15069810339950301
29353.815,0.15069950432212778
29353.816,0.15070090466744843
29353.817,0.15070230461741552
29353.818,0.1507037041360208
29353.819,0.1507051027808045
29353.82,0.1507065000389644
29353.821,0.15070789591613776
29353.822,0.150709290796217
29353.823,0.1507106843186679
29353.824,0.15071207670203968
29353.825,0.15071346814683198
29353.826,0.15071485839404583
29353.827,0.15071624751679594
29353.828,0.15071763494470952
29353.829,0.15071901962338793
29353.83,0.15072040173499862
29353.831,0.15072178126081087
29353.832,0.15072315779011256
29353.833,0.15072453162746363
29353.834,0.15072590245246648
29353.835,0.15072726985708335
29353.836,0.15072863379188553
29353.837,0.150729994788821
29353.838,0.1507313523386826
29353.839,0.15073270588759746
29353.84,0.15073405618224595
29353.841,0.15073540327244747
29353.842,0.1507367471058398
29353.843,0.15073808734215496
29353.844,0.15073942437102666
29353.845,0.15074075737881448
29353.846,0.15074208598330516
29353.847,0.1507434104022503
29353.848,0.15074473053273854
29353.849,0.15074604594518112
29353.85,0.1507473566880047
29353.851,0.15074866298064887
29353.852,0.15074996438668667
29353.853,0.15075126119867868
29353.854,0.15075255323546113
29353.855,0.15075384029556912
29353.856,0.1507551225621606
29353.857,0.15075640054760706
29353.858,0.15075767458173556
29353.859,0.15075894437972168
29353.86,0.15076021060000339
29353.861,0.1507614725361877
29353.862,0.15076273001741342
29353.863,0.15076398277851874
29353.864,0.1507652305612514
29353.865,0.150766473735945
29353.866,0.15076771239144476
29353.867,0.15076894682334546
29353.868,0.1507701768650255
29353.869,0.1507714027009875
29353.87,0.1507726245504023
29353.871,0.1507738427475736
29353.872,0.15077505697930055
29353.873,0.150776267838049
29353.874,0.1507774758921334
29353.875,0.15077868134748013
29353.876,0.15077988506095694
29353.877,0.15078108647175623
29353.878,0.150782286174843
29353.879,0.15078348380986015
29353.88,0.1507846786177846
29353.881,0.15078587107290894
29353.882,0.15078706142776066
29353.883,0.15078825029248064
29353.884,0.1507894380332583
29353.885,0.15079062525065853
29353.886,0.1507918117249342
29353.887,0.15079299799294255
29353.888,0.1507941843580756
29353.889,0.150795370546915
29353.89,0.15079655723523683
29353.891,0.15079774511981237
29353.892,0.15079893463792574
29353.893,0.15080012618613947
29353.894,0.1508013201705402
29353.895,0.1508025162923097
29353.896,0.1508037138586259
29353.897,0.15080491338174584
29353.898,0.15080611442046496
29353.899,0.15080731769847758
29353.9,0.15080852363182382
29353.901,0.15080973211557125
29353.902,0.1508109434953788
29353.903,0.15081215794276098
29353.904,0.15081337581812015
29353.905,0.15081459730603203
29353.906,0.15081582182195344
29353.907,0.15081705022238082
29353.908,0.15081828270232234
29353.909,0.15081951945422142
29353.91,0.15082076032217637
29353.911,0.15082200492628148
29353.912,0.15082325367972754
29353.913,0.15082450628662195
29353.914,0.15082576230027506
29353.915,0.1508270217185059
29353.916,0.15082828480877858
29353.917,0.15082955131504505
29353.918,0.1508308211315065
29353.919,0.15083209384624388
29353.92,0.15083336952211532
29353.921,0.1508346486074156
29353.922,0.15083593083903105
29353.923,0.15083721600227465
29353.924,0.1508385042161521
29353.925,0.15083979560986424
29353.926,0.15084109010944802
29353.927,0.15084238730251398
29353.928,0.15084368755662453
29353.929,0.15084498996965862
29353.93,0.15084629413364492
29353.931,0.15084759955266863
29353.932,0.1508489062434782
29353.933,0.15085021421745404
29353.934,0.15085152329462678
29353.935,0.15085283312456144
29353.936,0.15085414417645623
29353.937,0.15085545607521222
29353.938,0.15085676794282182
29353.939,0.15085808011298907
29353.94,0.15085939297578346
29353.941,0.1508607066133861
29353.942,0.15086202093185447
29353.943,0.15086333587163667
29353.944,0.15086465139053676
29353.945,0.15086596693596319
29353.946,0.15086728172624603
29353.947,0.1508685952671597
29353.948,0.150869907030942
29353.949,0.1508712177185444
29353.95,0.15087252712825508
29353.951,0.15087383533654428
29353.952,0.15087514232126947
29353.953,0.15087644841600692
29353.954,0.15087775324913705
29353.955,0.15087905660561213
29353.956,0.15088035812726266
29353.957,0.1508816582340461
29353.958,0.1508829575833245
29353.959,0.150884255499431
29353.96,0.15088555248426488
29353.961,0.15088684812040384
29353.962,0.15088814187296934
29353.963,0.15088943348121633
29353.964,0.15089072237341739
29353.965,0.15089200837508635
29353.966,0.15089329206668742
29353.967,0.15089457368071252
29353.968,0.15089585276972475
29353.969,0.15089712973688166
29353.97,0.1508984039739252
29353.971,0.150899675955882
29353.972,0.15090094478358626
29353.973,0.15090221053981048
29353.974,0.1509034737013266
29353.975,0.15090473422847925
29353.976,0.15090599200410637
29353.977,0.15090724698398164
29353.978,0.1509084988989287
29353.979,0.15090974710329144
29353.98,0.15091099112222475
29353.981,0.15091223109200796
29353.982,0.15091346721176704
29353.983,0.15091469950665493
29353.984,0.15091592798393869
29353.985,0.15091715245680115
29353.986,0.15091837269541467
29353.987,0.15091958925754553
29353.988,0.15092080166217128
29353.989,0.15092201001003308
29353.99,0.1509232148062899
29353.991,0.150924415849017
29353.992,0.15092561311259242
29353.993,0.1509268063495838
29353.994,0.15092799592042414
29353.995,0.15092918100456418
29353.996,0.1509303612683567
29353.997,0.15093153681710103
29353.998,0.1509327075592033
29353.999,0.15093387380557213
29354.0,0.1509350353777076
29354.001,0.15093619247497758
29354.002,0.15093734484976945
29354.003,0.1509384930943119
29354.004,0.15093963741586955
29354.005,0.1509407776162707
29354.006,0.15094191301270016
29354.007,0.15094304457243915
29354.008,0.15094417219595396
29354.009,0.15094529638045134
29354.01,0.1509464177014038
29354.011,0.15094753574955533
29354.012,0.150948650679569
29354.013,0.15094976176492042
29354.014,0.1509508687491596
29354.015,0.15095197184550097
29354.016,0.15095307117666068
29354.017,0.15095416714690396
29354.018,0.15095526032365494
29354.019,0.15095635029319102
29354.02,0.15095743801430117
29354.021,0.15095852350552358
29354.022,0.1509596061116478
29354.023,0.15096068645063557
29354.024,0.1509617644429117
29354.025,0.15096284098382495
29354.026,0.15096391622477803
29354.027,0.1509649905046863
29354.028,0.1509660635196086
29354.029,0.15096713449228535
29354.03,0.15096820304784161
29354.031,0.15096926962759286
29354.032,0.1509703341282242
29354.033,0.15097139664740536
29354.034,0.15097245760417688
29354.035,0.15097351738281956
29354.036,0.1509745760431963
29354.037,0.15097563344563344
29354.038,0.150976689466456
29354.039,0.15097774423924007
29354.04,0.15097879783254944
29354.041,0.15097985079146511
29354.042,0.15098090331781722
29354.043,0.15098195490127994
29354.044,0.15098300619884983
29354.045,0.15098405662503586
29354.046,0.15098510590194988
29354.047,0.1509861540555998
29354.048,0.15098720086740722
29354.049,0.15098824666358077
29354.05,0.1509892914747927
29354.051,0.15099033518195815
29354.052,0.15099137784820485
29354.053,0.1509924194386439
29354.054,0.15099346025421917
29354.055,0.15099449988189992
29354.056,0.15099553865671286
29354.057,0.15099657681408377
29354.058,0.1509976144153781
29354.059,0.15099865107608346
29354.06,0.15099968735858282
29354.061,0.15100072258370514
29354.062,0.15100175665061819
29354.063,0.15100278939385886
29354.064,0.1510038203717515
29354.065,0.15100484956233284
29354.066,0.15100587724422831
29354.067,0.15100690356259422
29354.068,0.15100792847672845
29354.069,0.15100895203048023
29354.07,0.15100997408819644
29354.071,0.15101099472748514
29354.072,0.15101201374718903
29354.073,0.15101303158135376
29354.074,0.15101404876576313
29354.075,0.15101506535857723
29354.076,0.15101608197763208
29354.077,0.15101709841345054
29354.078,0.1510181142601046
29354.079,0.15101912964032466
29354.08,0.15102014395540098
29354.081,0.15102115717456244
29354.082,0.1510221691775808
29354.083,0.1510231801464261
29354.084,0.1510241903773485
29354.085,0.1510251996933826
29354.086,0.15102620835727093
29354.087,0.1510272163248012
29354.088,0.1510282234193727
29354.089,0.15102922939505684
29354.09,0.15103023482989758
29354.091,0.15103124000420104
29354.092,0.15103224540945873
29354.093,0.1510332509349156
29354.094,0.15103425651460436
29354.095,0.15103526153456415
29354.096,0.1510362657094559
29354.097,0.15103726883953486
29354.098,0.15103827091268002
29354.099,0.15103927190067393
29354.1,0.15104027231518746
29354.101,0.15104127184442767
29354.102,0.15104227048046967
29354.103,0.15104326859364822
29354.104,0.15104426592135167
29354.105,0.15104526218230477
29354.106,0.15104625764631713
29354.107,0.15104725296975238
29354.108,0.1510482484971243
29354.109,0.15104924436965697
29354.11,0.15105024018695595
29354.111,0.15105123538393314
29354.112,0.15105222998900586
29354.113,0.15105322334565272
29354.114,0.15105421499839403
29354.115,0.15105520525122995
29354.116,0.151056194288783
29354.117,0.15105718280271904
29354.118,0.151058170083877
29354.119,0.15105915624719737
29354.12,0.1510601416873283
29354.121,0.15106112606347893
29354.122,0.15106210913892448
29354.123,0.15106309131329979
29354.124,0.1510640726105084
29354.125,0.15106505339866255
29354.126,0.15106603393907522
29354.127,0.15106701382244175
29354.128,0.15106799263337917
29354.129,0.15106897038443964
29354.13,0.15106994650317615
29354.131,0.15107092124594743
29354.132,0.15107189445108443
29354.133,0.15107286674416354
29354.134,0.15107383821228842
29354.135,0.15107480846620033
29354.136,0.15107577707740288
29354.137,0.15107674445253763
29354.138,0.15107771019725247
29354.139,0.15107867471837705
29354.14,0.1510796381983321
29354.141,0.1510806011998387
29354.142,0.15108156319922578
29354.143,0.15108252427106827
29354.144,0.151083484556725
29354.145,0.1510844429880154
29354.146,0.15108539968225163
29354.147,0.15108635375064425
29354.148,0.15108730522315716
29354.149,0.15108825430972875
29354.15,0.15108920101316847
29354.151,0.15109014460756287
29354.152,0.15109108535297303
29354.153,0.15109202313104877
29354.154,0.1510929577789358
29354.155,0.15109388884833944
29354.156,0.15109481600343802
29354.157,0.1510957395753545
29354.158,0.15109665963263677
29354.159,0.15109757608904256
29354.16,0.15109848894225816
29354.161,0.15109939784246007
29354.162,0.1511003026215834
29354.163,0.15110120232805654
29354.164,0.151102096153036
29354.165,0.15110298406565748
29354.166,0.15110386632616224
29354.167,0.1511047431131783
29354.168,0.15110561394027822
29354.169,0.15110647875016792
29354.17,0.15110733751896027
29354.171,0.1511081903029567
29354.172,0.15110903672626144
29354.173,0.1511098766830101
29354.174,0.15111071063761355
29354.175,0.15111153847437334
29354.176,0.15111236041125695
29354.177,0.1511131762438955
29354.178,0.15111398568086573
29354.179,0.15111478781496168
29354.18,0.15111558219005516
29354.181,0.1511163690819613
29354.182,0.15111714868289547
29354.183,0.15111792103284144
29354.184,0.1511186864999087
29354.185,0.15111944493288437
29354.186,0.15112019658574868
29354.187,0.1511209412069297
29354.188,0.15112167871594304
29354.189,0.15112240929286397
29354.19,0.15112313303237362
29354.191,0.1511238506317484
29354.192,0.15112456238936103
29354.193,0.15112526820534034
29354.194,0.1511259680989695
29354.195,0.15112666184869314
29354.196,0.1511273488816147
29354.197,0.1511280292631768
29354.198,0.15112870297601602
29354.199,0.15112937010552868
29354.2,0.15113003096236047
29354.201,0.15113068553944767
29354.202,0.15113133430053383
29354.203,0.15113197692385977
29354.204,0.1511326134451311
29354.205,0.1511332434517414
29354.206,0.1511338669284639
29354.207,0.15113448414627578
29354.208,0.15113509543300777
29354.209,0.15113570079271665
29354.21,0.15113630040908568
29354.211,0.15113689404100647
29354.212,0.1511374811170813
29354.213,0.15113806148010125
29354.214,0.15113863450371354
29354.215,0.15113920038952103
29354.216,0.15113975917954844
29354.217,0.1511403109231408
29354.218,0.1511408554705852
29354.219,0.15114139255164255
29354.22,0.1511419221395232
29354.221,0.15114244443569053
29354.222,0.1511429590614528
29354.223,0.15114346613611673
29354.224,0.15114396581919248
29354.225,0.15114445861326992
29354.226,0.15114494466268855
29354.227,0.15114542338387205
29354.228,0.15114589451872634
29354.229,0.1511463576572926
29354.23,0.15114681230347296
29354.231,0.15114725832963952
29354.232,0.15114769563864427
29354.233,0.15114812493611335
29354.234,0.15114854590044893
29354.235,0.1511489586813985
29354.236,0.1511493635738376
29354.237,0.1511497607119274
29354.238,0.15115014983586098
29354.239,0.15115053119251667
29354.24,0.1511509047633887
29354.241,0.1511512713386084
29354.242,0.15115163078487892
29354.243,0.1511519832830338
29354.244,0.15115232872341483
29354.245,0.15115266668381844
29354.246,0.15115299753708372
29354.247,0.1511533208107115
29354.248,0.15115363696592285
29354.249,0.15115394608178867
29354.25,0.15115424848095166
29354.251,0.15115454436034642
29354.252,0.15115483412635386
29354.253,0.15115511807728185
29354.254,0.15115539645165865
29354.255,0.15115566933020774
29354.256,0.1511559368472277
29354.257,0.15115619980239633
29354.258,0.15115645819467013
29354.259,0.1511567127329898
29354.26,0.15115696357744943
29354.261,0.1511572106387427
29354.262,0.15115745386785281
29354.263,0.15115769279855612
29354.264,0.15115792738443787
29354.265,0.15115815817759598
29354.266,0.1511583854856936
29354.267,0.15115860981576748
29354.268,0.1511588309609951
29354.269,0.15115904962896318
29354.27,0.1511592658861698
29354.271,0.15115948009126978
29354.272,0.15115969174220403
29354.273,0.15115990146479955
29354.274,0.15116010964106352
29354.275,0.15116031645702502
29354.276,0.15116052236700586
29354.277,0.15116072705538716
29354.278,0.15116093039888315
29354.279,0.1511611324847628
29354.28,0.15116133312041127
29354.281,0.15116153240397787
29354.282,0.15116173059007693
29354.283,0.15116192784564006
29354.284,0.15116212482294145
29354.285,0.1511623212439726
29354.286,0.15116251730536528
29354.287,0.15116271321721847
29354.288,0.1511629092213372
29354.289,0.15116310533694577
29354.29,0.15116330182493398
29354.291,0.15116349961030626
29354.292,0.15116369851830358
29354.293,0.1511638983610412
29354.294,0.15116409940313277
29354.295,0.15116430178439996
29354.296,0.15116450500775547
29354.297,0.15116470903851723
29354.298,0.15116491404601282
29354.299,0.15116512043266797
29354.3,0.15116532857549936
29354.301,0.15116553857176676
29354.302,0.15116575046986763
29354.303,0.15116596422332335
29354.304,0.15116618015507216
29354.305,0.15116639859522774
29354.306,0.1511666198771536
29354.307,0.15116684481962347
29354.308,0.1511670736819588
29354.309,0.15116730685414892
29354.31,0.15116754424008488
29354.311,0.15116778527940206
29354.312,0.15116803018761776
29354.313,0.15116827894793652
29354.314,0.15116853097978486
29354.315,0.15116878668705983
29354.316,0.15116904669066797
29354.317,0.1511693110747329
29354.318,0.15116958030120106
29354.319,0.15116985413920267
29354.32,0.15117013270496876
29354.321,0.15117041590659536
29354.322,0.15117070384524484
29354.323,0.15117099657137537
29354.324,0.15117129427100912
29354.325,0.1511715975597228
29354.326,0.15117190616031675
29354.327,0.15117222015808318
29354.328,0.15117253908325445
29354.329,0.15117286259823717
29354.33,0.1511731901897872
29354.331,0.1511735221103114
29354.332,0.15117385852154425
29354.333,0.1511741991348745
29354.334,0.15117454367665104
29354.335,0.15117489201044834
29354.336,0.15117524407017674
29354.337,0.1511755996733047
29354.338,0.15117595854074128
29354.339,0.15117632068192102
29354.34,0.1511766858778484
29354.341,0.15117705447086277
29354.342,0.15117742616269705
29354.343,0.15117780061231384
29354.344,0.15117817798736727
29354.345,0.15117855724579485
29354.346,0.15117893814329636
29354.347,0.15117931945701266
29354.348,0.1511797012274362
29354.349,0.15118008330678567
29354.35,0.1511804659975325
29354.351,0.15118084840812082
29354.352,0.15118123024916116
29354.353,0.15118161162891267
29354.354,0.15118199208318556
29354.355,0.15118237109130475
29354.356,0.15118274839101709
29354.357,0.15118312418928195
29354.358,0.151183498376658
29354.359,0.151183871057358
29354.36,0.15118424158780747
29354.361,0.15118460963782276
29354.362,0.1511849742380909
29354.363,0.15118533496731007
29354.364,0.15118569154525685
29354.365,0.15118604399629704
29354.366,0.15118639229505762
29354.367,0.1511867364285652
29354.368,0.15118707578625568
29354.369,0.15118741047036327
29354.37,0.15118774004750438
29354.371,0.15118806451143096
29354.372,0.15118838375534285
29354.373,0.15118869819316072
29354.374,0.15118900763778015
29354.375,0.15118931247015846
29354.376,0.15118961226535305
29354.377,0.15118990749919348
29354.378,0.1511901977016171
29354.379,0.1511904823727789
29354.38,0.15119076115129254
29354.381,0.15119103463560513
29354.382,0.1511913034137443
29354.383,0.15119156707150172
29354.384,0.15119182589926608
29354.385,0.15119208006483362
29354.386,0.15119232972962784
29354.387,0.15119257522084822
29354.388,0.15119281658851708
29354.389,0.1511930541551926
29354.39,0.15119328870501003
29354.391,0.1511935206284689
29354.392,0.15119375033933583
29354.393,0.1511939779046772
29354.394,0.1511942039654808
29354.395,0.15119442812704448
29354.396,0.15119465044070923
29354.397,0.1511948710694507
29354.398,0.15119509052919486
29354.399,0.15119530924845462
29354.4,0.15119552782490575
29354.401,0.15119574653779896
29354.402,0.15119596601092672
29354.403,0.151196186268232
29354.404,0.15119640835974427
29354.405,0.15119663223269506
29354.406,0.15119685798448695
29354.407,0.1511970864935941
29354.408,0.15119731800328362
29354.409,0.1511975530845339
29354.41,0.15119779220347307
29354.411,0.15119803512752528
29354.412,0.15119828217822573
29354.413,0.15119853334486305
29354.414,0.1511987885626808
29354.415,0.1511990479735604
29354.416,0.1511993124707252
29354.417,0.15119958212046355
29354.418,0.15119985743359687
29354.419,0.15120013839544688
29354.42,0.15120042565592856
29354.421,0.15120071911541502
29354.422,0.15120101886673676
29354.423,0.15120132480000992
29354.424,0.15120163764844569
29354.425,0.15120195777139284
29354.426,0.15120228514035888
29354.427,0.1512026197863361
29354.428,0.15120296129731856
29354.429,0.1512033095155953
29354.43,0.1512036641278655
29354.431,0.15120402511436104
29354.432,0.1512043923437242
29354.433,0.15120476554616588
29354.434,0.151205145448332
29354.435,0.15120553153234337
29354.436,0.15120592391458726
29354.437,0.15120632252030533
29354.438,0.1512067267944165
29354.439,0.1512071369395214
29354.44,0.1512075526762541
29354.441,0.15120797408188652
29354.442,0.1512084013978108
29354.443,0.15120883405214483
29354.444,0.15120927198103795
29354.445,0.15120971446429382
29354.446,0.15121016106794705
29354.447,0.15121061113878154
29354.448,0.1512110643052964
29354.449,0.15121152043077504
29354.45,0.1512119795590267
29354.451,0.1512124408219388
29354.452,0.1512129044988777
29354.453,0.15121337068755203
29354.454,0.15121383880914205
29354.455,0.1512143086407962
29354.456,0.15121478003151173
29354.457,0.1512152532055667
29354.458,0.15121572758073
29354.459,0.1512162035546372
29354.46,0.15121668064678717
29354.461,0.15121715870367805
29354.462,0.15121763701960397
29354.463,0.1512181153865696
29354.464,0.15121859266786225
29354.465,0.1512190687179603
29354.466,0.1512195434652204
29354.467,0.1512200171049315
29354.468,0.15122048933722015
29354.469,0.15122096028752496
29354.47,0.15122142993376075
29354.471,0.15122189808513994
29354.472,0.15122236431284947
29354.473,0.15122282844149207
29354.474,0.15122329037246454
29354.475,0.15122375082802145
29354.476,0.15122420961530902
29354.477,0.15122466674777502
29354.478,0.1512251214611921
29354.479,0.15122557354809382
29354.48,0.15122602225905024
29354.481,0.1512264679406633
29354.482,0.15122690992826524
29354.483,0.1512273484059906
29354.484,0.1512277837274558
29354.485,0.15122821596479874
29354.486,0.15122864479527268
29354.487,0.15122907064566546
29354.488,0.1512294929724956
29354.489,0.15122991213447579
29354.49,0.15123032816978513
29354.491,0.15123074111513293
29354.492,0.15123115097862694
29354.493,0.15123155751215847
29354.494,0.15123196105215972
29354.495,0.1512323611787567
29354.496,0.15123275763664124
29354.497,0.15123315014677405
29354.498,0.15123353872117898
29354.499,0.15123392339968236
29354.5,0.15123430437654642
29354.501,0.1512346812828767
29354.502,0.15123505446339158
29354.503,0.1512354242792735
29354.504,0.1512357909905103
29354.505,0.1512361538906582
29354.506,0.1512365136308223
29354.507,0.15123687048294768
29354.508,0.1512372245776289
29354.509,0.15123757630155577
29354.51,0.15123792572123929
29354.511,0.15123827238313778
29354.512,0.15123861660064197
29354.513,0.151238957888014
29354.514,0.15123929607356876
29354.515,0.15123963116309594
29354.516,0.1512399639771571
29354.517,0.15124029441551
29354.518,0.15124062282837386
29354.519,0.1512409486658894
29354.52,0.15124127227845108
29354.521,0.15124159375633714
29354.522,0.1512419136306076
29354.523,0.15124223191862607
29354.524,0.15124254880101556
29354.525,0.1512428644944704
29354.526,0.15124317956390088
29354.527,0.15124349375933474
29354.528,0.1512438070029025
29354.529,0.15124411905908547
29354.53,0.1512444296274845
29354.531,0.15124473874797065
29354.532,0.15124504674736758
29354.533,0.15124535355355898
29354.534,0.15124565988277638
29354.535,0.15124596510974453
29354.536,0.15124626973228217
29354.537,0.1512465737783847
29354.538,0.15124687700056028
29354.539,0.15124717988807201
29354.54,0.15124748233446803
29354.541,0.15124778471161465
29354.542,0.15124808725755567
29354.543,0.15124838976736324
29354.544,0.151248691954603
29354.545,0.15124899360891142
29354.546,0.1512492945777529
29354.547,0.15124959449575495
29354.548,0.15124989345513448
29354.549,0.15125019178293495
29354.55,0.15125048965454466
29354.551,0.151250786802689
29354.552,0.1512510837668615
29354.553,0.15125138026347454
29354.554,0.15125167623027772
29354.555,0.15125197167164356
29354.556,0.15125226642286607
29354.557,0.15125256086601485
29354.558,0.1512528550751617
29354.559,0.15125314914895954
29354.56,0.15125344254142623
29354.561,0.15125373504659717
29354.562,0.15125402623368064
29354.563,0.1512543160307428
29354.564,0.15125460374463426
29354.565,0.15125488940256093
29354.566,0.15125517361409205
29354.567,0.15125545637307616
29354.568,0.15125573764302905
29354.569,0.15125601744912295
29354.57,0.15125629559107423
29354.571,0.1512565719828126
29354.572,0.1512568462106582
29354.573,0.15125711838214917
29354.574,0.15125738876236458
29354.575,0.15125765754746878
29354.576,0.15125792444950606
29354.577,0.1512581891358481
29354.578,0.15125845137284166
29354.579,0.1512587107276091
29354.58,0.15125896674775968
29354.581,0.15125921961741332
29354.582,0.15125946902986262
29354.583,0.15125971528450732
29354.584,0.151259957907618
29354.585,0.15126019678756272
29354.586,0.15126043216905016
29354.587,0.15126066409664907
29354.588,0.151260891886761
29354.589,0.1512611158238856
29354.59,0.1512613357389181
29354.591,0.1512615519308583
29354.592,0.15126176434035124
29354.593,0.15126197312338233
29354.594,0.15126217821141505
29354.595,0.15126237888714716
29354.596,0.15126257459809483
29354.597,0.1512627654960232
29354.598,0.15126295160970984
29354.599,0.15126313325089488
29354.6,0.1512633104233798
29354.601,0.1512634829481977
29354.602,0.15126365109795256
29354.603,0.1512638147545156
29354.604,0.15126397373588793
29354.605,0.1512641284561386
29354.606,0.15126427897971237
29354.607,0.15126442546900729
29354.608,0.1512645683112112
29354.609,0.15126470777896986
29354.61,0.15126484389791278
29354.611,0.1512649766847624
29354.612,0.15126510575037108
29354.613,0.15126523100740025
29354.614,0.15126535254045956
29354.615,0.15126547064842324
29354.616,0.15126558590181002
29354.617,0.15126569853383953
29354.618,0.15126580866014344
29354.619,0.1512659160785805
29354.62,0.15126602169674694
29354.621,0.15126612555272367
29354.622,0.15126622720010333
29354.623,0.15126632713513236
29354.624,0.15126642606948654
29354.625,0.1512665251737397
29354.626,0.15126662414313122
29354.627,0.1512667227991898
29354.628,0.1512668212671533
29354.629,0.15126691955368665
29354.63,0.15126701747800134
29354.631,0.15126711536862858
29354.632,0.15126721346908034
29354.633,0.15126731185523867
29354.634,0.15126741092838664
29354.635,0.15126751083233095
29354.636,0.15126761229416053
29354.637,0.15126771549217125
29354.638,0.15126782026261
29354.639,0.15126792720873528
29354.64,0.15126803628325547
29354.641,0.1512681480963654
29354.642,0.15126826284866032
29354.643,0.15126838058223543
29354.644,0.15126850123238259
29354.645,0.1512686252661346
29354.646,0.1512687524354196
29354.647,0.1512688819848467
29354.648,0.15126901438987478
29354.649,0.15126914977995548
29354.65,0.15126928847342574
29354.651,0.1512694303291395
29354.652,0.1512695755552553
29354.653,0.15126972428114716
29354.654,0.15126987676062628
29354.655,0.15127003256311006
29354.656,0.15127019182658671
29354.657,0.1512703549620795
29354.658,0.15127052191930024
29354.659,0.15127069286112865
29354.66,0.15127086823822325
29354.661,0.15127104781942227
29354.662,0.15127123162873157
29354.663,0.15127141907518826
29354.664,0.15127160941810402
29354.665,0.1512718029825738
29354.666,0.1512720006203323
29354.667,0.15127220192989346
29354.668,0.1512724071759735
29354.669,0.15127261605376158
29354.67,0.1512728285752827
29354.671,0.15127304476644957
29354.672,0.15127326425683987
29354.673,0.15127348728887696
29354.674,0.15127371411895618
29354.675,0.15127394479745182
29354.676,0.1512741790901066
29354.677,0.15127441680913267
29354.678,0.1512746578538481
29354.679,0.15127490203160443
29354.68,0.15127514887511767
29354.681,0.1512753983631367
29354.682,0.15127565027468726
29354.683,0.1512759044040146
29354.684,0.15127616100345864
29354.685,0.15127642000422112
29354.686,0.15127668158021804
29354.687,0.15127694521691534
29354.688,0.15127721079456052
29354.689,0.1512774783288682
29354.69,0.15127774786218157
29354.691,0.15127801939915933
29354.692,0.1512782927878073
29354.693,0.15127856780286744
29354.694,0.15127884443449402
29354.695,0.15127912207439495
29354.696,0.15127940024769704
29354.697,0.15127967843845488
29354.698,0.15127995646962217
29354.699,0.15128023438014837
29354.7,0.15128051204433582
29354.701,0.1512807894470545
29354.702,0.1512810666640007
29354.703,0.15128134360240558
29354.704,0.1512816201111991
29354.705,0.15128189579952372
29354.706,0.15128217040825784
29354.707,0.1512824443571208
29354.708,0.1512827178998672
29354.709,0.151282990963766
29354.71,0.15128326335576983
29354.711,0.15128353451416612
29354.712,0.151283803933463
29354.713,0.15128407184485312
29354.714,0.15128433732999755
29354.715,0.15128460059362228
29354.716,0.15128486167840924
29354.717,0.15128512056977006
29354.718,0.15128537706670325
29354.719,0.15128563152966687
29354.72,0.1512858839685082
29354.721,0.15128613419701198
29354.722,0.15128638200132155
29354.723,0.15128662804811724
29354.724,0.15128687230628435
29354.725,0.15128711489232977
29354.726,0.151287355416387
29354.727,0.15128759435206676
29354.728,0.15128783171046767
29354.729,0.1512880670226537
29354.73,0.15128829986365025
29354.731,0.15128853029970646
29354.732,0.15128875843909614
29354.733,0.1512889846095673
29354.734,0.15128920906437024
29354.735,0.15128943195075004
29354.736,0.15128965305927128
29354.737,0.15128987228353313
29354.738,0.15129008967049712
29354.739,0.1512903056428522
29354.74,0.15129052011247562
29354.741,0.1512907336634991
29354.742,0.15129094647264982
29354.743,0.15129115844166874
29354.744,0.15129136965004314
29354.745,0.1512915796994322
29354.746,0.1512917882137705
29354.747,0.1512919949564192
29354.748,0.15129220007744545
29354.749,0.15129240386102644
29354.75,0.1512926066796163
29354.751,0.15129280831398037
29354.752,0.15129300875723892
29354.753,0.15129320822589326
29354.754,0.15129340665717061
29354.755,0.1512936039640539
29354.756,0.15129380062572714
29354.757,0.15129399654324066
29354.758,0.15129419218287601
29354.759,0.1512943875779207
29354.76,0.151294582581351
29354.761,0.15129477685100912
29354.762,0.1512949701669713
29354.763,0.15129516189236222
29354.764,0.15129535223071255
29354.765,0.15129554125048966
29354.766,0.15129572936792443
29354.767,0.15129591649224497
29354.768,0.15129610255841536
29354.769,0.1512962873706949
29354.77,0.15129647104785204
29354.771,0.15129665359155953
29354.772,0.15129683507670547
29354.773,0.15129701581559235
29354.774,0.15129719628463528
29354.775,0.15129737700125917
29354.776,0.1512975580308172
29354.777,0.1512977392496411
29354.778,0.15129792012784946
29354.779,0.15129810039388628
29354.78,0.15129827949410654
29354.781,0.15129845768379271
29354.782,0.15129863502774998
29354.783,0.15129881206318044
29354.784,0.15129898916563667
29354.785,0.1512991661160759
29354.786,0.1512993429915071
29354.787,0.15129951975951575
29354.788,0.15129969655782904
29354.789,0.15129987370289055
29354.79,0.15130005092121226
29354.791,0.1513002291432932
29354.792,0.1513004082367223
29354.793,0.1513005881882562
29354.794,0.15130076953005306
29354.795,0.1513009517351751
29354.796,0.15130113483130153
29354.797,0.15130131877725495
29354.798,0.15130150394842923
29354.799,0.15130169036343533
29354.8,0.15130187830900313
29354.801,0.15130206781709227
29354.802,0.15130225907517528
29354.803,0.15130245241800339
29354.804,0.15130264800617454
29354.805,0.15130284553200282
29354.806,0.15130304527537491
29354.807,0.1513032474917253
29354.808,0.15130345257672265
29354.809,0.15130366056318248
29354.81,0.15130387183443098
29354.811,0.15130408615217747
29354.812,0.15130430338426235
29354.813,0.15130452359419108
29354.814,0.15130474604506505
29354.815,0.15130497146128138
29354.816,0.15130520007406054
29354.817,0.1513054318337009
29354.818,0.1513056672206729
29354.819,0.151305906131377
29354.82,0.1513061484355824
29354.821,0.15130639442467855
29354.822,0.15130664411062075
29354.823,0.15130689760271804
29354.824,0.15130715490160776
29354.825,0.15130741638788292
29354.826,0.15130768216631396
29354.827,0.1513079521785272
29354.828,0.1513082263783733
29354.829,0.15130850419227512
29354.83,0.151308785307001
29354.831,0.15130906979513753
29354.832,0.15130935778175256
29354.833,0.15130964946428688
29354.834,0.15130994497465147
29354.835,0.15131024408937158
29354.836,0.15131054681625467
29354.837,0.15131085325112878
29354.838,0.1513111633660399
29354.839,0.15131147717497553
29354.84,0.1513117944057116
29354.841,0.15131211517202348
29354.842,0.1513124398811077
29354.843,0.1513127679065996
29354.844,0.15131309983748548
29354.845,0.15131343514552467
29354.846,0.1513137733949957
29354.847,0.15131411383325055
29354.848,0.15131445628275808
29354.849,0.1513148011793126
29354.85,0.15131514856794911
29354.851,0.15131549810775716
29354.852,0.15131584997262312
29354.853,0.15131620384983477
29354.854,0.1513165600639949
29354.855,0.15131691811540013
29354.856,0.15131727815623527
29354.857,0.15131764013716065
29354.858,0.15131800450966654
29354.859,0.15131837097078848
29354.86,0.1513187394643006
29354.861,0.1513191099751658
29354.862,0.1513194818775164
29354.863,0.15131985506083892
29354.864,0.1513202289990369
29354.865,0.15132060359630872
29354.866,0.15132097905188052
29354.867,0.15132135522787002
29354.868,0.1513217321258401
29354.869,0.15132210973343926
29354.87,0.15132248802530004
29354.871,0.1513228673206696
29354.872,0.15132324714073592
29354.873,0.1513236271964107
29354.874,0.15132400810417398
29354.875,0.15132438981522364
29354.876,0.15132477176921724
29354.877,0.15132515384904582
29354.878,0.15132553610110938
29354.879,0.15132591815152258
29354.88,0.15132629970383837
29354.881,0.1513266807747301
29354.882,0.1513270613494345
29354.883,0.15132744155874245
29354.884,0.15132782124646993
29354.885,0.15132820017349435
29354.886,0.15132857864894425
29354.887,0.15132895649275294
29354.888,0.15132933361494938
29354.889,0.15132970991630645
29354.89,0.151330085189321
29354.891,0.1513304604573858
29354.892,0.15133083515787696
29354.893,0.1513312095379302
29354.894,0.1513315836232088
29354.895,0.15133195683859268
29354.896,0.15133232898659515
29354.897,0.15133269972838453
29354.898,0.15133306899773633
29354.899,0.1513334369343092
29354.9,0.15133380391430326
29354.901,0.15133416924723925
29354.902,0.15133453321995896
29354.903,0.15133489614061874
29354.904,0.1513352579706101
29354.905,0.1513356186149879
29354.906,0.15133597840097462
29354.907,0.1513363376610108
29354.908,0.1513366967418729
29354.909,0.15133705552580826
29354.91,0.151337414159745
29354.911,0.15133777215799185
29354.912,0.15133812939083002
29354.913,0.1513384857511855
29354.914,0.1513388407062248
29354.915,0.15133919500839
29354.916,0.15133954884295964
29354.917,0.15133990218755664
29354.918,0.15134025532061393
29354.919,0.15134060783108852
29354.92,0.15134096032635005
29354.921,0.1513413127808074
29354.922,0.1513416650117715
29354.923,0.1513420171885276
29354.924,0.15134236982517696
29354.925,0.1513427237525583
29354.926,0.15134307936031147
29354.927,0.15134343627450167
29354.928,0.15134379450232835
29354.929,0.151344153552589
29354.93,0.15134451332128707
29354.931,0.15134487399722477
29354.932,0.1513452356564371
29354.933,0.15134559861431138
29354.934,0.15134596278126425
29354.935,0.1513463286340659
29354.936,0.15134669648691684
29354.937,0.151347066117297
29354.938,0.15134743771437473
29354.939,0.15134781123629917
29354.94,0.15134818695787908
29354.941,0.15134856551332823
29354.942,0.1513489469820857
29354.943,0.1513493311065553
29354.944,0.15134971842426892
29354.945,0.15135010845907146
29354.946,0.15135050105992845
29354.947,0.1513508958084045
29354.948,0.1513512929525341
29354.949,0.15135169282142327
29354.95,0.15135209509064584
29354.951,0.15135249967035325
29354.952,0.15135290690221856
29354.953,0.15135331686414547
29354.954,0.1513537297953115
29354.955,0.15135414481803208
29354.956,0.1513545621505463
29354.957,0.15135498225855576
29354.958,0.1513554048864254
29354.959,0.15135583024014956
29354.96,0.1513562583969715
29354.961,0.15135668871749747
29354.962,0.15135712062278003
29354.963,0.15135755375125073
29354.964,0.1513579876159052
29354.965,0.15135842231512786
29354.966,0.15135885782935596
29354.967,0.15135929441221013
29354.968,0.15135973223505153
29354.969,0.15136017068567742
29354.97,0.15136060971688967
29354.971,0.15136104901430408
29354.972,0.1513614877544975
29354.973,0.15136192621781716
29354.974,0.15136236476358483
29354.975,0.15136280294310736
29354.976,0.1513632405461569
29354.977,0.15136367731619443
29354.978,0.1513641131931702
29354.979,0.1513645472085452
29354.98,0.15136497915685734
29354.981,0.15136540842648186
29354.982,0.1513658349304281
29354.983,0.15136625869542303
29354.984,0.15136667945490181
29354.985,0.15136709705355303
29354.986,0.1513675111889823
29354.987,0.15136792158547593
29354.988,0.1513683280235497
29354.989,0.15136873030618278
29354.99,0.15136912832091612
29354.991,0.1513695223053143
29354.992,0.15136991172324202
29354.993,0.151370296710905
29354.994,0.15137067695103598
29354.995,0.15137105199284198
29354.996,0.15137142138927603
29354.997,0.15137178445120283
29354.998,0.15137214090549497
29354.999,0.1513724907810102
29355.0,0.15137283404133625
29355.001,0.15137317055729888
29355.002,0.15137350079499787
29355.003,0.15137382434757926
29355.004,0.1513741409787906
29355.005,0.15137445013078085
29355.006,0.15137475194964187
29355.007,0.15137504672752522
29355.008,0.15137533461624256
29355.009,0.15137561560583787
29355.01,0.15137588963237178
29355.011,0.1513761563935323
29355.012,0.15137641579673244
29355.013,0.15137666764421315
29355.014,0.1513769116295172
29355.015,0.1513771480297862
29355.016,0.15137737636968918
29355.017,0.15137759702002312
29355.018,0.15137781030637965
29355.019,0.15137801618952798
29355.02,0.1513782154277324
29355.021,0.15137840720509743
29355.022,0.15137859184782748
29355.023,0.15137876978643805
29355.024,0.15137894157830725
29355.025,0.15137910767855214
29355.026,0.15137926789680103
29355.027,0.151379421971684
29355.028,0.1513795705460005
29355.029,0.15137971308949297
29355.03,0.15137984972015348
29355.031,0.15137998038895434
29355.032,0.15138010570399305
29355.033,0.15138022628701092
29355.034,0.15138034225520264
29355.035,0.15138045416677517
29355.036,0.15138056187217133
29355.037,0.15138066571244405
29355.038,0.15138076608671405
29355.039,0.15138086290780164
29355.04,0.15138095676005872
29355.041,0.1513810482911903
29355.042,0.1513811377659132
29355.043,0.15138122554204927
29355.044,0.15138131180278383
29355.045,0.15138139666166003
29355.046,0.15138147986358322
29355.047,0.15138156116218085
29355.048,0.1513816409027879
29355.049,0.15138171971484451
29355.05,0.15138179812923458
29355.051,0.15138187629241834
29355.052,0.15138195439000554
29355.053,0.15138203252100543
29355.054,0.1513821111651491
29355.055,0.15138219015941023
29355.056,0.1513822699741497
29355.057,0.15138235103896594
29355.058,0.15138243334637191
29355.059,0.1513825174336546
29355.06,0.1513826032345553
29355.061,0.1513826905236538
29355.062,0.1513827795216946
29355.063,0.1513828699744124
29355.064,0.1513829619155659
29355.065,0.15138305530330132
29355.066,0.15138315022755197
29355.067,0.15138324688845514
29355.068,0.15138334532212736
29355.069,0.15138344509636273
29355.07,0.15138354679558516
29355.071,0.15138365017124203
29355.072,0.15138375534642645
29355.073,0.15138386251396704
29355.074,0.15138397170493034
29355.075,0.15138408348273447
29355.076,0.1513841977377695
29355.077,0.15138431434563124
29355.078,0.15138443281537595
29355.079,0.15138455261183237
29355.08,0.15138467349983067
29355.081,0.15138479545740793
29355.082,0.1513849186192365
29355.083,0.15138504313096618
29355.084,0.15138516849921113
29355.085,0.1513852949031465
29355.086,0.1513854223273647
29355.087,0.15138555093047026
29355.088,0.15138568048002896
29355.089,0.1513858109127535
29355.09,0.15138594234851835
29355.091,0.1513860750462389
29355.092,0.1513862089771178
29355.093,0.15138634419716276
29355.094,0.1513864802160143
29355.095,0.15138661699049474
29355.096,0.15138675396919596
29355.097,0.15138689050501059
29355.098,0.15138702673250362
29355.099,0.1513871626587237
29355.1,0.15138729847597818
29355.101,0.1513874341302379
29355.102,0.15138756969744652
29355.103,0.1513877049093775
29355.104,0.15138783988562995
29355.105,0.15138797432746778
29355.106,0.15138810852410056
29355.107,0.1513882423538915
29355.108,0.15138837584626688
29355.109,0.15138850898590925
29355.11,0.1513886419470537
29355.111,0.15138877432353592
29355.112,0.15138890558801374
29355.113,0.15138903532639786
29355.114,0.15138916349566264
29355.115,0.1513892898605204
29355.116,0.1513894143753598
29355.117,0.1513895375989515
29355.118,0.1513896594908454
29355.119,0.15138977942338722
29355.12,0.15138989776451584
29355.121,0.1513900137242113
29355.122,0.15139012806427304
29355.123,0.15139024029596312
29355.124,0.15139035070974638
29355.125,0.1513904594108779
29355.126,0.15139056600234901
29355.127,0.15139067056248925
29355.128,0.15139077297826153
29355.129,0.15139087223071362
29355.13,0.15139096821293208
29355.131,0.15139106095992708
29355.132,0.15139115063272135
29355.133,0.1513912372604182
29355.134,0.15139132043304285
29355.135,0.15139140036790466
29355.136,0.15139147655426788
29355.137,0.15139154926521087
29355.138,0.1513916184272446
29355.139,0.151391684026518
29355.14,0.15139174617694132
29355.141,0.15139180532229393
29355.142,0.1513918613378565
29355.143,0.151391914097622
29355.144,0.1513919638994855
29355.145,0.1513920101941214
29355.146,0.1513920527373128
29355.147,0.1513920910859343
29355.148,0.15139212534945629
29355.149,0.15139215599551567
29355.15,0.15139218291799164
29355.151,0.15139220603484818
29355.152,0.15139222567773405
29355.153,0.15139224209458638
29355.154,0.15139225543315818
29355.155,0.15139226534146316
29355.156,0.15139227206775735
29355.157,0.1513922758870686
29355.158,0.1513922771635715
29355.159,0.15139227635504252
29355.16,0.15139227307189154
29355.161,0.15139226711528195
29355.162,0.1513922586312061
29355.163,0.15139224749603628
29355.164,0.1513922332762087
29355.165,0.15139221618771306
29355.166,0.15139219669205867
29355.167,0.15139217508037148
29355.168,0.15139215171605966
29355.169,0.1513921263867182
29355.17,0.15139209965058026
29355.171,0.15139207131997548
29355.172,0.15139204161500217
29355.173,0.15139201076213304
29355.174,0.1513919787761431
29355.175,0.15139194643428983
29355.176,0.1513919134328984
29355.177,0.15139187961884362
29355.178,0.15139184478829568
29355.179,0.1513918090043233
29355.18,0.15139177178229332
29355.181,0.1513917336724702
29355.182,0.1513916946969475
29355.183,0.1513916549916667
29355.184,0.15139161452401803
29355.185,0.15139157348125032
29355.186,0.15139153213025602
29355.187,0.1513914903951914
29355.188,0.1513914484149155
29355.189,0.151391405961446
29355.19,0.1513913634018597
29355.191,0.15139132097384053
29355.192,0.1513912791899756
29355.193,0.1513912375397296
29355.194,0.15139119640863813
29355.195,0.15139115566766242
29355.196,0.15139111496670335
29355.197,0.15139107393622941
29355.198,0.15139103267846593
29355.199,0.15139099142169313
29355.2,0.1513909506516882
29355.201,0.15139091009998146
29355.202,0.15139086985316916
29355.203,0.15139082998798198
29355.204,0.1513907908381456
29355.205,0.15139075237302996
29355.206,0.15139071479694832
29355.207,0.15139067803840656
29355.208,0.15139064293609403
29355.209,0.1513906096605716
29355.21,0.15139057813919943
29355.211,0.1513905480455965
29355.212,0.15139051900776698
29355.213,0.1513904913255178
29355.214,0.15139046440060355
29355.215,0.15139043844565947
29355.216,0.1513904138500719
29355.217,0.15139039096936824
29355.218,0.15139036997012853
29355.219,0.15139035062949477
29355.22,0.1513903334572497
29355.221,0.15139031821710117
29355.222,0.1513903051601707
29355.223,0.1513902942565962
29355.224,0.15139028627440373
29355.225,0.15139028149780778
29355.226,0.1513902798434413
29355.227,0.15139028155371753
29355.228,0.15139028609236538
29355.229,0.15139029314517413
29355.23,0.15139030274962267
29355.231,0.15139031481556306
29355.232,0.1513903292969992
29355.233,0.1513903464974156
29355.234,0.15139036618716092
29355.235,0.1513903886897817
29355.236,0.1513904139880954
29355.237,0.1513904424534859
29355.238,0.1513904736682772
29355.239,0.1513905075785917
29355.24,0.15139054453081727
29355.241,0.15139058488840942
29355.242,0.15139062835323822
29355.243,0.1513906747578918
29355.244,0.15139072409878593
29355.245,0.15139077576498056
29355.246,0.15139082965068082
29355.247,0.15139088509974225
29355.248,0.15139094214480095
29355.249,0.15139100085029167
29355.25,0.15139106118803625
29355.251,0.15139112333513016
29355.252,0.15139118692044315
29355.253,0.1513912518869273
29355.254,0.1513913181727522
29355.255,0.15139138524827472
29355.256,0.15139145299049264
29355.257,0.15139152187699415
29355.258,0.1513915918351372
29355.259,0.151391662795903
29355.26,0.15139173431235747
29355.261,0.15139180642134367
29355.262,0.15139187881470456
29355.263,0.15139195069700045
29355.264,0.15139202133585766
29355.265,0.15139209118349398
29355.266,0.1513921600107235
29355.267,0.1513922278335602
29355.268,0.15139229469157423
29355.269,0.15139235990916647
29355.27,0.15139242386495153
29355.271,0.1513924862074642
29355.272,0.15139254664253518
29355.273,0.1513926052753052
29355.274,0.1513926620393512
29355.275,0.1513927174394176
29355.276,0.1513927707380393
29355.277,0.15139282170156684
29355.278,0.1513928704639054
29355.279,0.1513929168031524
29355.28,0.15139296043127934
29355.281,0.15139300151741603
29355.282,0.15139303947004604
29355.283,0.15139307514145206
29355.284,0.15139310820389904
29355.285,0.1513931388456837
29355.286,0.15139316736864014
29355.287,0.15139319368387796
29355.288,0.15139321751847318
29355.289,0.15139323894828455
29355.29,0.15139325840009807
29355.291,0.1513932763345626
29355.292,0.15139329280063685
29355.293,0.15139330746149554
29355.294,0.1513933208653415
29355.295,0.1513933324400964
29355.296,0.15139334199351
29355.297,0.15139334910907198
29355.298,0.15139335422605302
29355.299,0.15139335763888614
29355.3,0.15139335974968207
29355.301,0.15139336046403495
29355.302,0.15139336040443407
29355.303,0.15139335959305608
29355.304,0.15139335812428462
29355.305,0.1513933557893349
29355.306,0.15139335319439487
29355.307,0.15139335029993398
29355.308,0.1513933479713595
29355.309,0.15139334591800666
29355.31,0.15139334417838274
29355.311,0.1513933428717443
29355.312,0.15139334197145154
29355.313,0.1513933412299964
29355.314,0.15139333993738988
29355.315,0.15139333874313524
29355.316,0.15139333768529734
29355.317,0.15139333721103912
29355.318,0.15139333741574285
29355.319,0.15139333809151104
29355.32,0.15139333920579645
29355.321,0.15139334084399733
29355.322,0.151393342837911
29355.323,0.1513933452089153
29355.324,0.1513933482688441
29355.325,0.1513933520762561
29355.326,0.15139335674462612
29355.327,0.15139336199296588
29355.328,0.15139336746954365
29355.329,0.15139337312347104
29355.33,0.15139337852818688
29355.331,0.1513933836206887
29355.332,0.15139338829870158
29355.333,0.15139339248335293
29355.334,0.15139339590212955
29355.335,0.15139339875149976
29355.336,0.15139340077975474
29355.337,0.1513934020029636
29355.338,0.1513934023656928
29355.339,0.15139340170783094
29355.34,0.15139340001307072
29355.341,0.15139339742490537
29355.342,0.15139339393505064
29355.343,0.15139338944074562
29355.344,0.15139338375894745
29355.345,0.15139337666855804
29355.346,0.15139336783898766
29355.347,0.15139335670790818
29355.348,0.1513933430770844
29355.349,0.15139332704658282
29355.35,0.15139330876394028
29355.351,0.15139328838354177
29355.352,0.1513932659220254
29355.353,0.15139324161995354
29355.354,0.15139321566157138
29355.355,0.15139318777307736
29355.356,0.15139315836936187
29355.357,0.15139312765109153
29355.358,0.151393095774125
29355.359,0.15139306320830054
29355.36,0.15139302973466115
29355.361,0.15139299509832527
29355.362,0.15139295937127778
29355.363,0.15139292228599963
29355.364,0.1513928832726544
29355.365,0.15139284327153849
29355.366,0.15139280208034475
29355.367,0.15139276047870978
29355.368,0.1513927183261216
29355.369,0.15139267578581794
29355.37,0.151392633418089
29355.371,0.151392590930009
29355.372,0.15139254839320715
29355.373,0.1513925060477388
29355.374,0.15139246435286352
29355.375,0.15139242371732028
29355.376,0.15139238425789242
29355.377,0.1513923461899112
29355.378,0.15139230956680372
29355.379,0.15139227358023624
29355.38,0.15139223815342648
29355.381,0.15139220334369366
29355.382,0.1513921690163407
29355.383,0.15139213580063168
29355.384,0.1513921029091029
29355.385,0.15139207100961483
29355.386,0.1513920401765325
29355.387,0.15139201031303018
29355.388,0.1513919811120563
29355.389,0.15139195261142419
29355.39,0.15139192473772642
29355.391,0.15139189801459862
29355.392,0.1513918722029703
29355.393,0.15139184729811084
29355.394,0.15139182342058724
29355.395,0.1513918000321855
29355.396,0.15139177659505446
29355.397,0.15139175261318727
29355.398,0.15139172809777238
29355.399,0.15139170284558048
29355.4,0.15139167704032788
29355.401,0.1513916506048244
29355.402,0.15139162363479405
29355.403,0.1513915957112705
29355.404,0.15139156704178966
29355.405,0.15139153692349755
29355.406,0.15139150528297668
29355.407,0.1513914719859281
29355.408,0.1513914375060159
29355.409,0.15139140149708427
29355.41,0.1513913639782161
29355.411,0.151391324731908
29355.412,0.15139128315945213
29355.413,0.1513912388325588
29355.414,0.15139119182062363
29355.415,0.15139114245974228
29355.416,0.15139109067081524
29355.417,0.15139103661250528
29355.418,0.15139098022881906
29355.419,0.1513909213035046
29355.42,0.15139086013205433
29355.421,0.15139079708342204
29355.422,0.15139073193764538
29355.423,0.15139066499767087
29355.424,0.15139059670544083
29355.425,0.15139052735347325
29355.426,0.1513904568614563
29355.427,0.15139038494341286
29355.428,0.15139031187595997
29355.429,0.15139023736741597
29355.43,0.15139016094271068
29355.431,0.15139008300099302
29355.432,0.15139000345849196
29355.433,0.15138992327222664
29355.434,0.15138984258194962
29355.435,0.15138976153380673
29355.436,0.15138968032115357
29355.437,0.15138959950860606
29355.438,0.15138951891899854
29355.439,0.15138943848784434
29355.44,0.15138935862785774
29355.441,0.15138927998787435
29355.442,0.15138920262719197
29355.443,0.15138912685051875
29355.444,0.15138905274640516
29355.445,0.15138898022122008
29355.446,0.15138890917842
29355.447,0.1513888392095567
29355.448,0.15138877056431976
29355.449,0.15138870374856409
29355.45,0.15138863897347166
29355.451,0.15138857638822203
29355.452,0.15138851588800625
29355.453,0.15138845762489023
29355.454,0.15138840180239788
29355.455,0.15138834840187143
29355.456,0.15138829755588984
29355.457,0.15138824955129562
29355.458,0.1513882045465023
29355.459,0.15138816270297276
29355.46,0.15138812386238065
29355.461,0.15138808810652304
29355.462,0.15138805537515237
29355.463,0.1513880249477113
29355.464,0.15138799654067772
29355.465,0.15138797077081334
29355.466,0.15138794738993522
29355.467,0.1513879269070513
29355.468,0.15138790908270602
29355.469,0.15138789407061684
29355.47,0.15138788167046793
29355.471,0.1513878717681918
29355.472,0.15138786428473072
29355.473,0.15138785935391916
29355.474,0.15138785730035537
29355.475,0.1513878580877658
29355.476,0.15138786148651542
29355.477,0.15138786757192835
29355.478,0.15138787628055003
29355.479,0.15138788692736888
29355.48,0.1513878996188628
29355.481,0.15138791405851473
29355.482,0.1513879300683263
29355.483,0.15138794775916017
29355.484,0.15138796717330202
29355.485,0.15138798827179512
29355.486,0.15138801099111332
29355.487,0.1513880353310068
29355.488,0.15138806106909222
29355.489,0.15138808819199262
29355.49,0.15138811686807443
29355.491,0.15138814747678467
29355.492,0.15138817967960572
29355.493,0.15138821350475457
29355.494,0.15138824880746554
29355.495,0.15138828490125888
29355.496,0.1513883216304577
29355.497,0.15138835857912608
29355.498,0.15138839558731892
29355.499,0.1513884328929217
29355.5,0.15138847064464378
29355.501,0.1513885089121589
29355.502,0.15138854725553708
29355.503,0.15138858597448027
29355.504,0.1513886249239692
29355.505,0.1513886637467571
29355.506,0.15138870323319828
29355.507,0.15138874330071572
29355.508,0.15138878462777067
29355.509,0.15138882668409298
29355.51,0.15138886941247628
29355.511,0.15138891271463792
29355.512,0.15138895639964478
29355.513,0.15138900027651397
29355.514,0.15138904386398624
29355.515,0.15138908720397745
29355.516,0.15138913054057568
29355.517,0.15138917424959222
29355.518,0.15138921842901124
29355.519,0.15138926310814668
29355.52,0.15138930847111093
29355.521,0.1513893545679238
29355.522,0.15138940125922276
29355.523,0.15138944905980492
29355.524,0.1513894980758816
29355.525,0.15138954858104242
29355.526,0.15138960102643395
29355.527,0.15138965543034977
29355.528,0.1513897119052243
29355.529,0.15138976987490407
29355.53,0.15138982941726817
29355.531,0.15138989090097696
29355.532,0.1513899540303809
29355.533,0.15139001938162044
29355.534,0.15139008691236452
29355.535,0.1513901566036523
29355.536,0.15139022883324235
29355.537,0.15139030376123375
29355.538,0.1513903813257299
29355.539,0.15139046168618397
29355.54,0.15139054496120538
29355.541,0.1513906318780904
29355.542,0.15139072248992994
29355.543,0.15139081679782407
29355.544,0.15139091462366644
29355.545,0.1513910157507891
29355.546,0.15139112019061546
29355.547,0.15139122713500514
29355.548,0.15139133697143792
29355.549,0.15139145002300222
29355.55,0.15139156643383606
29355.551,0.15139168638539455
29355.552,0.15139180983407055
29355.553,0.15139193714399207
29355.554,0.1513920680211249
29355.555,0.15139220241536663
29355.556,0.1513923400647309
29355.557,0.15139248135959862
29355.558,0.151392626449372
29355.559,0.15139277543807658
29355.56,0.15139292851211283
29355.561,0.15139308489513767
29355.562,0.15139324435074844
29355.563,0.1513934064509945
29355.564,0.1513935709023932
29355.565,0.1513937379669088
29355.566,0.15139390775805991
29355.567,0.15139408026567214
29355.568,0.15139425526733494
29355.569,0.1513944325588462
29355.57,0.15139461227987597
29355.571,0.15139479387187924
29355.572,0.15139497722499556
29355.573,0.15139516280636758
29355.574,0.15139535032058596
29355.575,0.15139553988160181
29355.576,0.1513957314929995
29355.577,0.1513959250752895
29355.578,0.15139612012293824
29355.579,0.151396315849424
29355.58,0.15139651181385122
29355.581,0.1513967080485479
29355.582,0.15139690424262026
29355.583,0.15139710047007404
29355.584,0.1513972968061195
29355.585,0.15139749275627243
29355.586,0.1513976884885278
29355.587,0.1513978838215338
29355.588,0.1513980780350961
29355.589,0.1513982712419742
29355.59,0.15139846353933145
29355.591,0.15139865518145454
29355.592,0.15139884589414956
29355.593,0.15139903532880933
29355.594,0.1513992233671747
29355.595,0.15139940978302105
29355.596,0.15139959447892593
29355.597,0.15139977648843797
29355.598,0.15139995585809096
29355.599,0.1514001326666927
29355.6,0.15140030703675786
29355.601,0.15140047876322996
29355.602,0.15140064789800642
29355.603,0.1514008145353292
29355.604,0.15140097845656778
29355.605,0.15140113976330133
29355.606,0.15140129826883217
29355.607,0.1514014538284879
29355.608,0.15140160702701258
29355.609,0.15140175763250113
29355.61,0.15140190613975935
29355.611,0.15140205208356228
29355.612,0.151402195120944
29355.613,0.15140233531690406
29355.614,0.15140247258965672
29355.615,0.1514026070334892
29355.616,0.15140273916495436
29355.617,0.15140286915821252
29355.618,0.15140299728763773
29355.619,0.1514031238105812
29355.62,0.15140324850940445
29355.621,0.15140337173936555
29355.622,0.15140349347103535
29355.623,0.15140361406295214
29355.624,0.15140373384086991
29355.625,0.15140385365929956
29355.626,0.15140397384162715
29355.627,0.1514040942485273
29355.628,0.1514042148979695
29355.629,0.15140433558700173
29355.63,0.15140445629963145
29355.631,0.15140457737861318
29355.632,0.15140469918697602
29355.633,0.15140482215740678
29355.634,0.15140494672726168
29355.635,0.1514050727182591
29355.636,0.15140520089815773
29355.637,0.15140533159403072
29355.638,0.15140546496013768
29355.639,0.1514056009594243
29355.64,0.15140574005129429
29355.641,0.1514058828828372
29355.642,0.15140602967708694
29355.643,0.151406180394419
29355.644,0.1514063352616204
29355.645,0.15140649454544838
29355.646,0.15140665836570924
29355.647,0.15140682597680252
29355.648,0.15140699814773734
29355.649,0.15140717500925552
29355.65,0.15140735686750703
29355.651,0.15140754391156702
29355.652,0.15140773592466245
29355.653,0.15140793366238897
29355.654,0.15140813674610992
29355.655,0.1514083453400275
29355.656,0.1514085597329639
29355.657,0.15140877994259203
29355.658,0.15140900615236277
29355.659,0.1514092384236861
29355.66,0.15140947707002167
29355.661,0.1514097212505087
29355.662,0.15140997144730026
29355.663,0.15141022710112714
29355.664,0.15141048793304707
29355.665,0.1514107541339156
29355.666,0.15141102545342766
29355.667,0.15141130222940874
29355.668,0.15141158447935463
29355.669,0.15141187203934975
29355.67,0.151412164604802
29355.671,0.1514124620661024
29355.672,0.15141276476087528
29355.673,0.15141307272191507
29355.674,0.15141338561934442
29355.675,0.1514137042635305
29355.676,0.1514140281751878
29355.677,0.1514143572124082
29355.678,0.15141469072147273
29355.679,0.1514150283473968
29355.68,0.15141536992209398
29355.681,0.15141571554983976
29355.682,0.1514160645355179
29355.683,0.15141641704312017
29355.684,0.15141677334416037
29355.685,0.15141713324260545
29355.686,0.15141749696352633
29355.687,0.1514178642639001
29355.688,0.15141823487969244
29355.689,0.15141860903330281
29355.69,0.15141898640273704
29355.691,0.1514193673750183
29355.692,0.15141975189297258
29355.693,0.15142013974898308
29355.694,0.1514205309626558
29355.695,0.15142092500436802
29355.696,0.15142132143383022
29355.697,0.15142171929740844
29355.698,0.15142211897732819
29355.699,0.15142252052175847
29355.7,0.15142292414656724
29355.701,0.1514233297064001
29355.702,0.1514237370066316
29355.703,0.1514241463495516
29355.704,0.15142455757489406
29355.705,0.15142497025848345
29355.706,0.15142538435150296
29355.707,0.1514258001322772
29355.708,0.15142621785771576
29355.709,0.15142663717313418
29355.71,0.15142705778966623
29355.711,0.15142747944673884
29355.712,0.15142790203558876
29355.713,0.15142832518845012
29355.714,0.15142874825223387
29355.715,0.15142917109913986
29355.716,0.15142959409730686
29355.717,0.15143001696214403
29355.718,0.1514304397188679
29355.719,0.15143086199856456
29355.72,0.15143128347947366
29355.721,0.1514317043144693
29355.722,0.1514321242376352
29355.723,0.15143254332881542
29355.724,0.15143296163344755
29355.725,0.15143337925660774
29355.726,0.15143379591653863
29355.727,0.15143421121601014
29355.728,0.15143462469761948
29355.729,0.15143503583304732
29355.73,0.15143544414650958
29355.731,0.15143584974101504
29355.732,0.1514362522205841
29355.733,0.15143665164747647
29355.734,0.1514370480850021
29355.735,0.1514374411314087
29355.736,0.1514378310396688
29355.737,0.15143821752672298
29355.738,0.15143860022969988
29355.739,0.15143897868100437
29355.74,0.1514393533818589
29355.741,0.1514397243198559
29355.742,0.1514400915951242
29355.743,0.1514404546896132
29355.744,0.1514408137363308
29355.745,0.15144116818244904
29355.746,0.1514415177820865
29355.747,0.1514418621104785
29355.748,0.15144220133813896
29355.749,0.15144253554779774
29355.75,0.15144286458000633
29355.751,0.15144318865956014
29355.752,0.15144350746330804
29355.753,0.15144382145628627
29355.754,0.1514441301773831
29355.755,0.1514444336140457
29355.756,0.15144473176908088
29355.757,0.15144502494902443
29355.758,0.15144531378274656
29355.759,0.15144559839624058
29355.76,0.1514458788618503
29355.761,0.15144615491474675
29355.762,0.15144642685564388
29355.763,0.15144669419028745
29355.764,0.15144695660617075
29355.765,0.1514472143766754
29355.766,0.15144746807013704
29355.767,0.1514477180956357
29355.768,0.15144796410931166
29355.769,0.1514482066403647
29355.77,0.151448446025704
29355.771,0.15144868243712487
29355.772,0.15144891571203237
29355.773,0.1514491463342909
29355.774,0.15144937455849553
29355.775,0.1514496009935681
29355.776,0.1514498257058985
29355.777,0.15145004909027257
29355.778,0.15145027093324206
29355.779,0.15145049145907236
29355.78,0.15145071042018618
29355.781,0.15145092804476762
29355.782,0.1514511441479569
29355.783,0.15145135976743168
29355.784,0.15145157522721658
29355.785,0.15145179008762172
29355.786,0.1514520049007571
29355.787,0.15145221961068953
29355.788,0.15145243449404194
29355.789,0.15145264969043884
29355.79,0.1514528655280038
29355.791,0.1514530828474673
29355.792,0.15145330148655148
29355.793,0.15145352135520834
29355.794,0.15145374291730454
29355.795,0.15145396609298853
29355.796,0.15145419070005436
29355.797,0.15145441639993973
29355.798,0.15145464390736013
29355.799,0.1514548734071545
29355.8,0.15145510517165242
29355.801,0.1514553391741816
29355.802,0.15145557526515704
29355.803,0.15145581379198478
29355.804,0.15145605449018285
29355.805,0.1514562972471676
29355.806,0.1514565422499965
29355.807,0.1514567896093596
29355.808,0.15145703995142684
29355.809,0.1514572932055672
29355.81,0.15145754956848956
29355.811,0.1514578085528527
29355.812,0.15145807003906425
29355.813,0.15145833387832588
29355.814,0.1514585995237033
29355.815,0.15145886726464802
29355.816,0.15145913701429548
29355.817,0.15145940871899796
29355.818,0.15145968257953235
29355.819,0.15145995834168238
29355.82,0.15146023590917804
29355.821,0.15146051503167504
29355.822,0.15146079579501634
29355.823,0.15146107810890957
29355.824,0.1514613620241767
29355.825,0.1514616477498745
29355.826,0.15146193517483286
29355.827,0.1514622235834108
29355.828,0.15146251249184345
29355.829,0.15146280174751525
29355.83,0.15146309109866066
29355.831,0.1514633800542166
29355.832,0.15146366847904436
29355.833,0.15146395650152725
29355.834,0.1514642436387102
29355.835,0.1514645295683459
29355.836,0.15146481414249607
29355.837,0.15146509727133695
29355.838,0.15146537839531343
29355.839,0.1514656574766196
29355.84,0.15146593449801643
29355.841,0.15146620916025016
29355.842,0.151466481415431
29355.843,0.15146675072842283
29355.844,0.1514670172096083
29355.845,0.15146728019491879
29355.846,0.15146753934397936
29355.847,0.1514677938064746
29355.848,0.15146804297964678
29355.849,0.15146828709370808
29355.85,0.15146852592500457
29355.851,0.15146875939473098
29355.852,0.15146898694830727
29355.853,0.1514692088348685
29355.854,0.15146942504194916
29355.855,0.1514696351273589
29355.856,0.1514698390748493
29355.857,0.15147003678891816
29355.858,0.151470228206417
29355.859,0.15147041313448328
29355.86,0.15147059167581992
29355.861,0.15147076367293896
29355.862,0.15147092905489465
29355.863,0.15147108713998667
29355.864,0.1514712375775845
29355.865,0.15147138085318665
29355.866,0.1514715172831762
29355.867,0.15147164660849669
29355.868,0.15147176899929785
29355.869,0.1514718848137862
29355.87,0.15147199362339286
29355.871,0.1514720955547452
29355.872,0.15147219091918457
29355.873,0.15147228038406738
29355.874,0.15147236397275918
29355.875,0.15147244233109936
29355.876,0.1514725155648148
29355.877,0.15147258333168337
29355.878,0.15147264579873104
29355.879,0.15147270287252473
29355.88,0.15147275478868175
29355.881,0.15147280164523688
29355.882,0.15147284400295882
29355.883,0.15147288232230033
29355.884,0.15147291682593816
29355.885,0.15147294786067994
29355.886,0.15147297630606613
29355.887,0.15147300203777161
29355.888,0.1514730255038689
29355.889,0.15147304689281546
29355.89,0.15147306673332797
29355.891,0.15147308597568002
29355.892,0.15147310467306577
29355.893,0.1514731231633132
29355.894,0.15147314199253134
29355.895,0.15147316075011122
29355.896,0.15147317985454123
29355.897,0.15147319904489584
29355.898,0.15147321870918415
29355.899,0.15147323897821946
29355.9,0.15147326017464058
29355.901,0.15147328293676127
29355.902,0.1514733074592118
29355.903,0.15147333432972115
29355.904,0.15147336398249203
29355.905,0.1514733960694486
29355.906,0.1514734307829672
29355.907,0.1514734687667953
29355.908,0.15147351058057237
29355.909,0.15147355627044995
29355.91,0.15147360573465418
29355.911,0.15147365891890033
29355.912,0.15147371605151957
29355.913,0.15147377655079863
29355.914,0.15147384002586078
29355.915,0.15147390704994632
29355.916,0.15147397754974215
29355.917,0.1514740520148107
29355.918,0.15147413040832977
29355.919,0.15147421253939938
29355.92,0.1514742987422882
29355.921,0.15147438876134248
29355.922,0.15147448269827754
29355.923,0.15147458031718664
29355.924,0.1514746817356605
29355.925,0.15147478710065307
29355.926,0.15147489625895694
29355.927,0.15147500862728966
29355.928,0.15147512409856062
29355.929,0.1514752426755735
29355.93,0.15147536333273795
29355.931,0.1514754860753258
29355.932,0.15147561071361734
29355.933,0.15147573741149115
29355.934,0.15147586588701134
29355.935,0.15147599599672956
29355.936,0.1514761275494102
29355.937,0.15147626074393727
29355.938,0.15147639445586678
29355.939,0.151476528628045
29355.94,0.15147666307167532
29355.941,0.15147679812641485
29355.942,0.15147693372461152
29355.943,0.15147706929067872
29355.944,0.15147720482667887
29355.945,0.15147733961492643
29355.946,0.15147747334862197
29355.947,0.15147760520117431
29355.948,0.15147773484442323
29355.949,0.1514778625251012
29355.95,0.15147798818170882
29355.951,0.15147811136084133
29355.952,0.15147823205769909
29355.953,0.15147835024082124
29355.954,0.15147846593669947
29355.955,0.15147857851323107
29355.956,0.15147868809984566
29355.957,0.1514787948288893
29355.958,0.15147889905343487
29355.959,0.15147900063676184
29355.96,0.15147909990913105
29355.961,0.15147919624127118
29355.962,0.15147928901692723
29355.963,0.15147937760916155
29355.964,0.15147946216975414
29355.965,0.151479542688065
29355.966,0.15147961938155247
29355.967,0.1514796924431868
29355.968,0.15147976228102072
29355.969,0.15147982898934934
29355.97,0.1514798923716105
29355.971,0.15147995218017013
29355.972,0.1514800089721407
29355.973,0.1514800633559773
29355.974,0.15148011521181623
29355.975,0.15148016518127336
29355.976,0.1514802133120362
29355.977,0.15148025960015868
29355.978,0.15148030432685097
29355.979,0.1514803469392197
29355.98,0.15148038762409352
29355.981,0.15148042606658918
29355.982,0.1514804629288119
29355.983,0.15148049844530875
29355.984,0.15148053318700908
29355.985,0.15148056719189457
29355.986,0.15148060066213243
29355.987,0.15148063359445985
29355.988,0.15148066596151344
29355.989,0.15148069835439634
29355.99,0.1514807309480496
29355.991,0.15148076442548775
29355.992,0.15148079872348502
29355.993,0.15148083399207948
29355.994,0.15148087024081966
29355.995,0.15148090741940257
29355.996,0.15148094541976218
29355.997,0.1514809837399615
29355.998,0.15148102255525903
29355.999,0.15148106228708855
29356.0,0.15148110306593585
29356.001,0.15148114522397307
29356.002,0.15148118850239356
29356.003,0.15148123311669068
29356.004,0.15148127886439022
29356.005,0.15148132532998101
29356.006,0.1514813728415077
29356.007,0.15148142202623185
29356.008,0.15148147238034873
29356.009,0.15148152422946004
29356.01,0.15148157738870133
29356.011,0.1514816314448844
29356.012,0.15148168616586255
29356.013,0.15148174092225583
29356.014,0.15148179527105288
29356.015,0.15148184948201932
29356.016,0.15148190340555
29356.017,0.1514819570304104
29356.018,0.15148201019750096
29356.019,0.15148206242399734
29356.02,0.15148211388261393
29356.021,0.15148216395898836
29356.022,0.15148221274661558
29356.023,0.15148226008154692
29356.024,0.1514823059698381
29356.025,0.15148235060158147
29356.026,0.151482393601318
29356.027,0.151482434576064
29356.028,0.1514824732809153
29356.029,0.15148250936862273
29356.03,0.15148254202613176
29356.031,0.1514825712464709
29356.032,0.15148259671579672
29356.033,0.1514826189389928
29356.034,0.15148263737446277
29356.035,0.15148265210376982
29356.036,0.1514826626416163
29356.037,0.15148266894636805
29356.038,0.15148267082106714
29356.039,0.15148266851525144
29356.04,0.15148266200200397
29356.041,0.1514826518752053
29356.042,0.1514826379007194
29356.043,0.1514826197643159
29356.044,0.15148259768032948
29356.045,0.15148257103397864
29356.046,0.15148253948409368
29356.047,0.1514825027522766
29356.048,0.1514824610195193
29356.049,0.15148241483669792
29356.05,0.1514823644018304
29356.051,0.15148230927571452
29356.052,0.15148225000552246
29356.053,0.15148218670566918
29356.054,0.15148211928101343
29356.055,0.15148204746913688
29356.056,0.15148197172414676
29356.057,0.15148189241222393
29356.058,0.15148180974707837
29356.059,0.15148172410762478
29356.06,0.1514816358281426
29356.061,0.15148154445785844
29356.062,0.15148144976759456
29356.063,0.15148135191675144
29356.064,0.1514812507084551
29356.065,0.15148114625282458
29356.066,0.15148103940011903
29356.067,0.1514809304335677
29356.068,0.15148081936699448
29356.069,0.15148070611440656
29356.07,0.15148059108942022
29356.071,0.151480474422057
29356.072,0.151480356882464
29356.073,0.1514802380324228
29356.074,0.15148011789949858
29356.075,0.15147999729758305
29356.076,0.1514798761993839
29356.077,0.15147975462163865
29356.078,0.15147963283186613
29356.079,0.15147951020263048
29356.08,0.15147938715254264
29356.081,0.15147926360574324
29356.082,0.1514791398669138
29356.083,0.1514790159725317
29356.084,0.15147889183202334
29356.085,0.15147876769373034
29356.086,0.15147864375499343
29356.087,0.1514785205611339
29356.088,0.15147839808505703
29356.089,0.1514782764453447
29356.09,0.15147815562499561
29356.091,0.15147803619333144
29356.092,0.15147791834098887
29356.093,0.15147780171017386
29356.094,0.15147768635414996
29356.095,0.15147757193431666
29356.096,0.15147745843196536
29356.097,0.15147734539029434
29356.098,0.15147723305077634
29356.099,0.15147712205423638
29356.1,0.15147701213866296
29356.101,0.15147690352515628
29356.102,0.15147679597755379
29356.103,0.15147669011880924
29356.104,0.1514765857789904
29356.105,0.15147648296585062
29356.106,0.15147638199976365
29356.107,0.15147628355944764
29356.108,0.15147618729439544
29356.109,0.15147609405858342
29356.11,0.15147600341274042
29356.111,0.15147591504505825
29356.112,0.15147582895996353
29356.113,0.1514757446649647
29356.114,0.151475662149434
29356.115,0.1514755819136755
29356.116,0.15147550400354495
29356.117,0.15147542846872622
29356.118,0.1514753555471238
29356.119,0.15147528520054543
29356.12,0.15147521779277834
29356.121,0.15147515310652107
29356.122,0.1514750914904403
29356.123,0.15147503272869875
29356.124,0.15147497732195697
29356.125,0.15147492577529537
29356.126,0.15147487776752655
29356.127,0.15147483363746264
29356.128,0.15147479311660975
29356.129,0.1514747557295162
29356.13,0.15147472113778918
29356.131,0.15147468941231873
29356.132,0.15147466064203863
29356.133,0.15147463520366183
29356.134,0.15147461336236992
29356.135,0.15147459471349595
29356.136,0.15147457920325044
29356.137,0.15147456747159596
29356.138,0.15147455908251295
29356.139,0.15147455402071744
29356.14,0.15147455227213363
29356.141,0.15147455398638127
29356.142,0.1514745586033179
29356.143,0.1514745662293047
29356.144,0.1514745765681038
29356.145,0.15147458950179848
29356.146,0.15147460459942685
29356.147,0.15147462139138443
29356.148,0.15147463941140063
29356.149,0.1514746587482614
29356.15,0.15147467912112464
29356.151,0.15147470020672366
29356.152,0.1514747221526071
29356.153,0.15147474460348456
29356.154,0.15147476738576893
29356.155,0.1514747901259122
29356.156,0.15147481251191086
29356.157,0.15147483472426498
29356.158,0.15147485650122863
29356.159,0.15147487783139937
29356.16,0.1514748983691267
29356.161,0.1514749173806029
29356.162,0.15147493451545097
29356.163,0.15147494911172238
29356.164,0.1514749605192553
29356.165,0.15147496879078928
29356.166,0.15147497397363557
29356.167,0.15147497590417863
29356.168,0.15147497407441582
29356.169,0.15147496868080151
29356.17,0.15147495938769873
29356.171,0.15147494599465333
29356.172,0.15147492872012722
29356.173,0.15147490750204662
29356.174,0.1514748822189953
29356.175,0.15147485321175494
29356.176,0.15147482018107977
29356.177,0.15147478299057243
29356.178,0.1514747415528205
29356.179,0.1514746950640677
29356.18,0.15147464366064103
29356.181,0.15147458699262384
29356.182,0.15147452539642403
29356.183,0.15147445912678997
29356.184,0.15147438828027213
29356.185,0.15147431307461148
29356.186,0.1514742336472456
29356.187,0.15147414989920696
29356.188,0.15147406148511094
29356.189,0.15147396896447
29356.19,0.15147387263942874
29356.191,0.1514737730250416
29356.192,0.15147367014806024
29356.193,0.151473563984529
29356.194,0.1514734549334181
29356.195,0.15147334315356872
29356.196,0.15147322855376025
29356.197,0.15147311099702343
29356.198,0.1514729905832808
29356.199,0.15147286776486307
29356.2,0.15147274275273953
29356.201,0.15147261593666178
29356.202,0.1514724876004565
29356.203,0.15147235827824782
29356.204,0.15147222791901105
29356.205,0.15147209668358425
29356.206,0.15147196449528652
29356.207,0.15147183195083475
29356.208,0.15147169906770627
29356.209,0.15147156656745192
29356.21,0.1514714340936149
29356.211,0.1514713017564974
29356.212,0.15147116940416128
29356.213,0.15147103676361592
29356.214,0.1514709040300207
29356.215,0.15147077162817293
29356.216,0.15147063923616905
29356.217,0.1514705075203954
29356.218,0.15147037672805752
29356.219,0.1514702470737998
29356.22,0.15147011849973083
29356.221,0.15146999074273956
29356.222,0.15146986404555515
29356.223,0.1514697384262255
29356.224,0.1514696143331331
29356.225,0.15146949169886437
29356.226,0.15146937061527282
29356.227,0.1514692511019932
29356.228,0.1514691329412534
29356.229,0.15146901591875364
29356.23,0.15146889987630385
29356.231,0.15146878476249057
29356.232,0.15146867065123332
29356.233,0.15146855797581835
29356.234,0.15146844651653815
29356.235,0.15146833579021032
29356.236,0.15146822634834756
29356.237,0.15146811816148645
29356.238,0.1514680107569368
29356.239,0.15146790455106335
29356.24,0.15146779954354275
29356.241,0.15146769594922413
29356.242,0.15146759410053043
29356.243,0.15146749389660025
29356.244,0.15146739487325553
29356.245,0.15146729698647826
29356.246,0.15146719971059608
29356.247,0.1514671025480434
29356.248,0.15146700561230483
29356.249,0.1514669089240932
29356.25,0.1514668124124653
29356.251,0.1514667158922231
29356.252,0.1514666194601554
29356.253,0.15146652285711315
29356.254,0.15146642604063695
29356.255,0.15146632892121964
29356.256,0.15146623122893757
29356.257,0.1514661335579415
29356.258,0.15146603544257864
29356.259,0.1514659370700577
29356.26,0.15146583786634868
29356.261,0.151465737486058
29356.262,0.1514656353122705
29356.263,0.1514655310996176
29356.264,0.15146542428923415
29356.265,0.15146531490932616
29356.266,0.151465202782688
29356.267,0.15146508788136895
29356.268,0.15146496999842732
29356.269,0.1514648490848081
29356.27,0.1514647247904575
29356.271,0.15146459693184375
29356.272,0.15146446501763244
29356.273,0.15146432876053076
29356.274,0.15146418781774867
29356.275,0.15146404270838315
29356.276,0.15146389315792075
29356.277,0.1514637388970835
29356.278,0.15146357955876402
29356.279,0.15146341419975287
29356.28,0.15146324263183797
29356.281,0.1514630646927544
29356.282,0.15146288030050156
29356.283,0.15146268940289115
29356.284,0.15146249208984017
29356.285,0.1514622882857719
29356.286,0.15146207804188955
29356.287,0.151461861498438
29356.288,0.15146163820965253
29356.289,0.1514614082984113
29356.29,0.1514611716598689
29356.291,0.15146092900901034
29356.292,0.1514606801905277
29356.293,0.1514604251662368
29356.294,0.15146016417122787
29356.295,0.1514598970621578
29356.296,0.15145962332155488
29356.297,0.15145934296711447
29356.298,0.15145905609492083
29356.299,0.1514587634728011
29356.3,0.15145846542708807
29356.301,0.1514581618337734
29356.302,0.1514578532718014
29356.303,0.15145753977512746
29356.304,0.15145722192451547
29356.305,0.15145689949151267
29356.306,0.15145657290773043
29356.307,0.1514562430084196
29356.308,0.15145591025307711
29356.309,0.15145557525283057
29356.31,0.15145523821416174
29356.311,0.15145489921582328
29356.312,0.1514545586001137
29356.313,0.15145421625759115
29356.314,0.15145387238475008
29356.315,0.15145352745506885
29356.316,0.1514531816523409
29356.317,0.1514528362560974
29356.318,0.1514524915536927
29356.319,0.15145214743427338
29356.32,0.15145180453882448
29356.321,0.15145146317560804
29356.322,0.15145112398712934
29356.323,0.1514507871316407
29356.324,0.15145045331217039
29356.325,0.15145012326424975
29356.326,0.15144979727472418
29356.327,0.1514494754823045
29356.328,0.15144915822896768
29356.329,0.15144884513952045
29356.33,0.15144853612594397
29356.331,0.15144823147086614
29356.332,0.15144793152013056
29356.333,0.1514476369357094
29356.334,0.15144734771327112
29356.335,0.1514470641921037
29356.336,0.15144678682565343
29356.337,0.1514465154062022
29356.338,0.1514462500826605
29356.339,0.1514459910799738
29356.34,0.15144573858241966
29356.341,0.15144549263531962
29356.342,0.15144525329133451
29356.343,0.1514450203049156
29356.344,0.1514447937234049
29356.345,0.15144457331044126
29356.346,0.151444359029791
29356.347,0.15144415012504034
29356.348,0.15144394678810533
29356.349,0.1514437489795936
29356.35,0.15144355687922872
29356.351,0.15144337062413288
29356.352,0.15144318990282257
29356.353,0.15144301452260192
29356.354,0.15144284461129895
29356.355,0.15144267988923102
29356.356,0.15144251981397738
29356.357,0.15144236468080477
29356.358,0.15144221419302353
29356.359,0.15144206814326425
29356.36,0.15144192642358323
29356.361,0.15144178870483946
29356.362,0.15144165450397262
29356.363,0.15144152336520397
29356.364,0.15144139448124444
29356.365,0.15144126826012008
29356.366,0.15144114453014887
29356.367,0.15144102333364162
29356.368,0.15144090426032403
29356.369,0.15144078697812643
29356.37,0.15144067139311412
29356.371,0.15144055693846137
29356.372,0.15144044365829043
29356.373,0.1514403314386543
29356.374,0.15144022040471455
29356.375,0.15144011093563725
29356.376,0.15144000245239578
29356.377,0.1514398946185251
29356.378,0.15143978716306813
29356.379,0.151439679392793
29356.38,0.1514395711386175
29356.381,0.15143946243428252
29356.382,0.15143935305885006
29356.383,0.15143924321459845
29356.384,0.15143913235124176
29356.385,0.15143902042086135
29356.386,0.1514389077341756
29356.387,0.1514387941305625
29356.388,0.15143867889798737
29356.389,0.15143856263298214
29356.39,0.15143844555202557
29356.391,0.1514383278548268
29356.392,0.1514382092812244
29356.393,0.15143808955799545
29356.394,0.1514379691257256
29356.395,0.1514378474074626
29356.396,0.15143772407126088
29356.397,0.1514375988370998
29356.398,0.15143747202796945
29356.399,0.15143734348256832
29356.4,0.15143721345741526
29356.401,0.15143708182729004
29356.402,0.15143694912686426
29356.403,0.15143681543961326
29356.404,0.15143668089570603
29356.405,0.15143654478897342
29356.406,0.15143640777263698
29356.407,0.15143627007841798
29356.408,0.15143613206710885
29356.409,0.151435993578258
29356.41,0.15143585444604046
29356.411,0.15143571449005094
29356.412,0.15143557378334283
29356.413,0.1514354318611967
29356.414,0.15143528868354883
29356.415,0.15143514463645807
29356.416,0.15143499983597553
29356.417,0.15143485456763514
29356.418,0.1514347088658331
29356.419,0.15143456239327985
29356.42,0.1514344157959698
29356.421,0.15143426849791852
29356.422,0.15143412071373225
29356.423,0.1514339727808601
29356.424,0.15143382514916895
29356.425,0.151433677968945
29356.426,0.1514335311116923
29356.427,0.1514333844236092
29356.428,0.15143323790664986
29356.429,0.15143309122636772
29356.43,0.1514329443967222
29356.431,0.15143279724867303
29356.432,0.15143265006537174
29356.433,0.15143250315470805
29356.434,0.15143235633254873
29356.435,0.15143220965458032
29356.436,0.1514320632212921
29356.437,0.15143191701062791
29356.438,0.15143177133399222
29356.439,0.1514316260646876
29356.44,0.1514314813307262
29356.441,0.15143133736916445
29356.442,0.15143119435059715
29356.443,0.15143105270234514
29356.444,0.15143091240522571
29356.445,0.15143077321812173
29356.446,0.15143063497344877
29356.447,0.15143049690730817
29356.448,0.1514303592072773
29356.449,0.15143022224145686
29356.45,0.1514300861934602
29356.451,0.15142995120688682
29356.452,0.1514298169682449
29356.453,0.15142968349437536
29356.454,0.15142955118151286
29356.455,0.15142941980729896
29356.456,0.15142928924144677
29356.457,0.15142916032341225
29356.458,0.15142903287562673
29356.459,0.151428906956684
29356.46,0.15142878287922787
29356.461,0.1514286600437346
29356.462,0.15142853858289138
29356.463,0.15142841786988603
29356.464,0.1514282977005404
29356.465,0.15142817814869536
29356.466,0.1514280595704254
29356.467,0.1514279420120459
29356.468,0.15142782554926218
29356.469,0.151427710015509
29356.47,0.15142759528572367
29356.471,0.1514274813615823
29356.472,0.15142736843888344
29356.473,0.15142725648392735
29356.474,0.151427145451685
29356.475,0.15142703565925425
29356.476,0.15142692701456564
29356.477,0.1514268194814579
29356.478,0.15142671282144218
29356.479,0.1514266067126181
29356.48,0.15142650080576295
29356.481,0.15142639515934506
29356.482,0.15142628989842058
29356.483,0.15142618490007603
29356.484,0.1514260798412756
29356.485,0.15142597529367674
29356.486,0.15142587109999586
29356.487,0.1514257673065966
29356.488,0.15142566358825854
29356.489,0.15142556024390216
29356.49,0.15142545724379028
29356.491,0.15142535471678498
29356.492,0.15142525277481247
29356.493,0.15142515108867566
29356.494,0.15142504983547017
29356.495,0.15142494870070147
29356.496,0.15142484722436833
29356.497,0.15142474519123025
29356.498,0.15142464272935816
29356.499,0.15142453957926696
29356.5,0.15142443586313503
29356.501,0.151424331685067
29356.502,0.15142422700765018
29356.503,0.15142412153110224
29356.504,0.15142401534674446
29356.505,0.15142390845380369
29356.506,0.15142380087703267
29356.507,0.15142369245081896
29356.508,0.15142358342199702
29356.509,0.15142347406691462
29356.51,0.15142336421753866
29356.511,0.15142325342207794
29356.512,0.1514231416782512
29356.513,0.15142302852092435
29356.514,0.15142291350163772
29356.515,0.15142279686478025
29356.516,0.15142267868170706
29356.517,0.15142255919678563
29356.518,0.15142243832598024
29356.519,0.15142231547163873
29356.52,0.15142219108474503
29356.521,0.15142206495354485
29356.522,0.15142193705641313
29356.523,0.1514218074931616
29356.524,0.1514216764479362
29356.525,0.15142154419942802
29356.526,0.1514214105336161
29356.527,0.1514212753628542
29356.528,0.1514211387608687
29356.529,0.15142100019569055
29356.53,0.15142085937309335
29356.531,0.15142071624202613
29356.532,0.15142057127498648
29356.533,0.15142042439800085
29356.534,0.15142027575990658
29356.535,0.15142012555807913
29356.536,0.15141997374728422
29356.537,0.15141982060096748
29356.538,0.1514196657464965
29356.539,0.15141950928055953
29356.54,0.15141935142389604
29356.541,0.15141919277637197
29356.542,0.1514190334694099
29356.543,0.1514188735795872
29356.544,0.15141871301526752
29356.545,0.15141855175975125
29356.546,0.15141838966624407
29356.547,0.15141822639501218
29356.548,0.1514180621995307
29356.549,0.15141789757623095
29356.55,0.15141773268415307
29356.551,0.151417567329012
29356.552,0.15141740166824247
29356.553,0.1514172364477018
29356.554,0.15141707191701018
29356.555,0.15141690772452604
29356.556,0.15141674403692218
29356.557,0.15141658096443422
29356.558,0.15141641878104736
29356.559,0.15141625777816867
29356.56,0.15141609807073267
29356.561,0.1514159394864129
29356.562,0.15141578184158128
29356.563,0.15141562471584213
29356.564,0.15141546831260386
29356.565,0.15141531260068322
29356.566,0.15141515803441213
29356.567,0.15141500462991989
29356.568,0.15141485256693746
29356.569,0.15141470149085196
29356.57,0.15141455190361175
29356.571,0.15141440357803393
29356.572,0.15141425644562267
29356.573,0.15141411053114479
29356.574,0.151413966025876
29356.575,0.15141382332443665
29356.576,0.1514136823337434
29356.577,0.1514135426144274
29356.578,0.15141340401232048
29356.579,0.15141326606820188
29356.58,0.151413128057097
29356.581,0.1514129904885025
29356.582,0.1514128531034235
29356.583,0.15141271557442906
29356.584,0.15141257798695684
29356.585,0.15141244085845437
29356.586,0.15141230375520817
29356.587,0.1514121666250283
29356.588,0.15141202856345345
29356.589,0.1514118896006503
29356.59,0.15141174985897585
29356.591,0.15141160961681252
29356.592,0.1514114685112306
29356.593,0.1514113265533878
29356.594,0.1514111838467645
29356.595,0.15141103974751705
29356.596,0.1514108934631833
29356.597,0.1514107446002939
29356.598,0.15141059307577753
29356.599,0.15141043912751728
29356.6,0.1514102827873503
29356.601,0.15141012413139118
29356.602,0.1514099629591596
29356.603,0.151409799282243
29356.604,0.15140963327252416
29356.605,0.15140946434490474
29356.606,0.1514092923840136
29356.607,0.15140911767853865
29356.608,0.1514089404338686
29356.609,0.1514087609436922
29356.61,0.15140857880323919
29356.611,0.151408393816274
29356.612,0.15140820573980374
29356.613,0.1514080144189461
29356.614,0.15140781949458726
29356.615,0.15140762128113314
29356.616,0.1514074201085291
29356.617,0.15140721598853413
29356.618,0.15140700874760507
29356.619,0.15140679862044593
29356.62,0.15140658612740931
29356.621,0.1514063709515767
29356.622,0.15140615325702445
29356.623,0.15140593328794588
29356.624,0.15140571141127798
29356.625,0.15140548797362094
29356.626,0.15140526289873962
29356.627,0.15140503641162897
29356.628,0.15140480831952363
29356.629,0.15140457815117286
29356.63,0.1514043460137073
29356.631,0.15140411202902657
29356.632,0.1514038764271491
29356.633,0.15140363940345175
29356.634,0.1514034012282705
29356.635,0.1514031619378196
29356.636,0.1514029216822601
29356.637,0.15140268096895745
29356.638,0.1514024395666208
29356.639,0.151402197945751
29356.64,0.15140195619972124
29356.641,0.15140171490809343
29356.642,0.15140147377174254
29356.643,0.15140123286050056
29356.644,0.15140099232956952
29356.645,0.15140075193936772
29356.646,0.15140051167045743
29356.647,0.15140027086593644
29356.648,0.15140002990622614
29356.649,0.15139978936984813
29356.65,0.15139954918551213
29356.651,0.1513993093546842
29356.652,0.15139907026543323
29356.653,0.15139883185386857
29356.654,0.15139859392885333
29356.655,0.15139835657971973
29356.656,0.1513981202572872
29356.657,0.15139788522351136
29356.658,0.15139765197613037
29356.659,0.15139742048185154
29356.66,0.1513971905857039
29356.661,0.1513969620865886
29356.662,0.1513967344412599
29356.663,0.15139650761154
29356.664,0.15139628158789528
29356.665,0.1513960563614488
29356.666,0.15139583239880205
29356.667,0.15139560969962146
29356.668,0.15139538837902813
29356.669,0.1513951679098298
29356.67,0.15139494890511396
29356.671,0.15139473082395014
29356.672,0.15139451397511683
29356.673,0.15139429825147505
29356.674,0.1513940840738241
29356.675,0.1513938716767406
29356.676,0.1513936608787286
29356.677,0.15139345133785242
29356.678,0.15139324310761143
29356.679,0.15139303559253606
29356.68,0.1513928282576338
29356.681,0.15139262150010918
29356.682,0.15139241481574114
29356.683,0.1513922084202267
29356.684,0.15139200258564528
29356.685,0.151391797086142
29356.686,0.15139159165608806
29356.687,0.1513913865473275
29356.688,0.15139118140654378
29356.689,0.1513909761741356
29356.69,0.15139077111865556
29356.691,0.15139056638131118
29356.692,0.15139036141509965
29356.693,0.15139015640545472
29356.694,0.1513899508091788
29356.695,0.15138974402294186
29356.696,0.15138953589943133
29356.697,0.15138932594373763
29356.698,0.15138911406960182
29356.699,0.15138890088915624
29356.7,0.15138868594495672
29356.701,0.15138846918849816
29356.702,0.1513882504939849
29356.703,0.15138802967038995
29356.704,0.15138780661870951
29356.705,0.1513875809294751
29356.706,0.1513873530173526
29356.707,0.15138712305565047
29356.708,0.15138689105012917
29356.709,0.1513866571160177
29356.71,0.15138642081702403
29356.711,0.1513861816016223
29356.712,0.15138593944258225
29356.713,0.15138569427727155
29356.714,0.15138544530978842
29356.715,0.1513851929632009
29356.716,0.15138493708000006
29356.717,0.1513846778230099
29356.718,0.15138441514551823
29356.719,0.15138414910426468
29356.72,0.15138388014557677
29356.721,0.1513836079005596
29356.722,0.15138333271244409
29356.723,0.151383054561532
29356.724,0.15138277391389698
29356.725,0.15138249134691228
29356.726,0.15138220639088787
29356.727,0.15138191889236335
29356.728,0.15138162854585627
29356.729,0.15138133528857944
29356.73,0.15138103930130278
29356.731,0.15138074034441207
29356.732,0.15138043863106732
29356.733,0.151380134288725
29356.734,0.15137982737698472
29356.735,0.15137951827637391
29356.736,0.15137920696660684
29356.737,0.15137889364305893
29356.738,0.15137857836448268
29356.739,0.15137826108463134
29356.74,0.15137794195902435
29356.741,0.15137762189823398
29356.742,0.1513773009771659
29356.743,0.1513769795416551
29356.744,0.15137665767902667
29356.745,0.15137633500936076
29356.746,0.1513760112852961
29356.747,0.1513756859230694
29356.748,0.15137535957642112
29356.749,0.15137503263108465
29356.75,0.15137470517164536
29356.751,0.15137437745222518
29356.752,0.1513740495745298
29356.753,0.15137372187113565
29356.754,0.15137339468337188
29356.755,0.1513730679544685
29356.756,0.15137274163529127
29356.757,0.15137241604128512
29356.758,0.15137209172079863
29356.759,0.15137176918742032
29356.76,0.15137144826785237
29356.761,0.1513711293553257
29356.762,0.15137081210437076
29356.763,0.15137049676193123
29356.764,0.15137018298523608
29356.765,0.1513698711473345
29356.766,0.15136956160420284
29356.767,0.15136925457917028
29356.768,0.15136895034417397
29356.769,0.1513686492896629
29356.77,0.15136835167119284
29356.771,0.15136805738005368
29356.772,0.151367766864532
29356.773,0.15136748005526024
29356.774,0.15136719775319818
29356.775,0.1513669202663192
29356.776,0.15136664790879661
29356.777,0.15136638066465852
29356.778,0.15136611848704506
29356.779,0.1513658608106759
29356.78,0.15136560796497628
29356.781,0.15136535990663239
29356.782,0.15136511694706906
29356.783,0.15136487955140224
29356.784,0.1513646476731462
29356.785,0.1513644214218941
29356.786,0.15136420108812237
29356.787,0.1513639866040583
29356.788,0.15136377761766337
29356.789,0.1513635743857283
29356.79,0.15136337745869896
29356.791,0.15136318712864602
29356.792,0.15136300341615114
29356.793,0.15136282608419252
29356.794,0.15136265458154005
29356.795,0.1513624890526016
29356.796,0.1513623292494155
29356.797,0.15136217461479975
29356.798,0.15136202523353498
29356.799,0.1513618813816082
29356.8,0.15136174234466712
29356.801,0.15136160826874295
29356.802,0.15136147912709727
29356.803,0.1513613548177238
29356.804,0.1513612353022915
29356.805,0.15136112019455614
29356.806,0.15136100951687306
29356.807,0.15136090305152733
29356.808,0.15136080102024926
29356.809,0.15136070359760193
29356.81,0.1513606099632879
29356.811,0.15136051990133328
29356.812,0.15136043303505645
29356.813,0.1513603486303576
29356.814,0.15136026628265944
29356.815,0.15136018609009283
29356.816,0.15136010805221403
29356.817,0.15136003232863277
29356.818,0.15135995855495155
29356.819,0.15135988652429075
29356.82,0.1513598164186977
29356.821,0.15135974743418096
29356.822,0.15135967999016822
29356.823,0.1513596134052007
29356.824,0.15135954800948678
29356.825,0.15135948382978065
29356.826,0.15135942065182098
29356.827,0.15135935826410224
29356.828,0.1513592965152495
29356.829,0.15135923506206755
29356.83,0.15135917342811012
29356.831,0.15135911141263964
29356.832,0.1513590492641102
29356.833,0.15135898687536284
29356.834,0.15135892435061776
29356.835,0.15135886175698224
29356.836,0.15135879889968779
29356.837,0.15135873618236162
29356.838,0.1513586728848487
29356.839,0.15135860904862705
29356.84,0.15135854508273563
29356.841,0.15135848152776676
29356.842,0.15135841796399271
29356.843,0.15135835437283685
29356.844,0.15135829032906598
29356.845,0.15135822544097255
29356.846,0.15135815960192012
29356.847,0.15135809239870993
29356.848,0.15135802398734066
29356.849,0.1513579545586858
29356.85,0.1513578839179954
29356.851,0.15135781215210953
29356.852,0.15135773924643767
29356.853,0.15135766517706284
29356.854,0.15135758999688928
29356.855,0.15135751322044128
29356.856,0.15135743500405613
29356.857,0.15135735573475997
29356.858,0.15135727533538265
29356.859,0.15135719365981276
29356.86,0.15135711040435146
29356.861,0.15135702548529936
29356.862,0.1513569381266191
29356.863,0.1513568483202492
29356.864,0.1513567553050731
29356.865,0.15135665952854288
29356.866,0.15135656066094588
29356.867,0.15135645914293983
29356.868,0.15135635475825077
29356.869,0.1513562471494792
29356.87,0.1513561360428379
29356.871,0.15135602168652768
29356.872,0.15135590398670337
29356.873,0.15135578318985532
29356.874,0.15135565966421594
29356.875,0.15135553318637776
29356.876,0.15135540353403512
29356.877,0.15135527020452455
29356.878,0.15135513307610207
29356.879,0.15135499155534027
29356.88,0.15135484557977186
29356.881,0.15135469511501562
29356.882,0.15135454061640588
29356.883,0.1513543819320498
29356.884,0.1513542189351984
29356.885,0.15135405211312222
29356.886,0.1513538812602392
29356.887,0.1513537066734159
29356.888,0.15135352830079885
29356.889,0.15135334648489485
29356.89,0.15135316126646386
29356.891,0.1513529734045205
29356.892,0.15135278286851553
29356.893,0.15135258995753234
29356.894,0.15135239479317775
29356.895,0.15135219756991367
29356.896,0.15135199748887534
29356.897,0.1513517944104971
29356.898,0.1513515889649525
29356.899,0.15135138167476445
29356.9,0.15135117290090802
29356.901,0.1513509630010043
29356.902,0.15135075223140348
29356.903,0.1513505410478077
29356.904,0.1513503297578211
29356.905,0.15135011843597226
29356.906,0.15134990741112117
29356.907,0.15134969716212485
29356.908,0.15134948816710167
29356.909,0.15134928069357417
29356.91,0.15134907483882878
29356.911,0.15134887078493006
29356.912,0.1513486686171137
29356.913,0.15134846835605636
29356.914,0.15134827015144875
29356.915,0.15134807391859004
29356.916,0.15134788004002642
29356.917,0.15134768925727338
29356.918,0.15134750155405183
29356.919,0.15134731709892277
29356.92,0.15134713614142564
29356.921,0.15134695818804403
29356.922,0.1513467836835104
29356.923,0.15134661283092823
29356.924,0.1513464458683947
29356.925,0.15134628340557166
29356.926,0.1513461251887066
29356.927,0.15134597081870851
29356.928,0.1513458205732713
29356.929,0.15134567394282153
29356.93,0.15134553034247777
29356.931,0.1513453901207605
29356.932,0.1513452530357146
29356.933,0.15134511891088462
29356.934,0.15134498777306482
29356.935,0.15134485971513514
29356.936,0.15134473470045673
29356.937,0.15134461258977303
29356.938,0.15134449260386243
29356.939,0.15134437513525634
29356.94,0.15134425994275516
29356.941,0.15134414727046624
29356.942,0.1513440368840856
29356.943,0.1513439282314778
29356.944,0.15134382102049634
29356.945,0.15134371512051656
29356.946,0.1513436098218853
29356.947,0.15134350436113472
29356.948,0.15134339867347327
29356.949,0.15134329308009767
29356.95,0.1513431870621829
29356.951,0.15134308075709332
29356.952,0.15134297387902734
29356.953,0.15134286600918917
29356.954,0.15134275728804486
29356.955,0.1513426474418809
29356.956,0.15134253633649702
29356.957,0.15134242369488707
29356.958,0.1513423094280582
29356.959,0.1513421937300642
29356.96,0.1513420765432446
29356.961,0.15134195726085442
29356.962,0.15134183560472037
29356.963,0.1513417112233022
29356.964,0.15134158311436408
29356.965,0.15134145201479451
29356.966,0.15134131773476314
29356.967,0.15134118065851826
29356.968,0.15134104048671493
29356.969,0.1513408970923721
29356.97,0.15134075102191571
29356.971,0.15134060184448395
29356.972,0.1513404493095362
29356.973,0.15134029360541945
29356.974,0.15134013476922017
29356.975,0.15133997311800051
29356.976,0.15133980883142947
29356.977,0.151339641839695
29356.978,0.15133947236008577
29356.979,0.15133929988965125
29356.98,0.15133912420801288
29356.981,0.1513389453928114
29356.982,0.15133876336288443
29356.983,0.15133857845655396
29356.984,0.15133839085106807
29356.985,0.15133820085232538
29356.986,0.1513380085647862
29356.987,0.15133781424495724
29356.988,0.15133761768720808
29356.989,0.1513374190126055
29356.99,0.1513372182739368
29356.991,0.1513370162602664
29356.992,0.15133681275313313
29356.993,0.15133660758580356
29356.994,0.15133640095494016
29356.995,0.1513361928285663
29356.996,0.15133598278946678
29356.997,0.15133577080474334
29356.998,0.1513355567597126
29356.999,0.15133534120552763
29357.0,0.1513351243147793
29357.001,0.1513349060446603
29357.002,0.15133468637556854
29357.003,0.15133446541513215
29357.004,0.1513342432372319
29357.005,0.1513340192050816
29357.006,0.1513337938749218
29357.007,0.15133356714908958
29357.008,0.15133333940618982
29357.009,0.15133311069267347
29357.01,0.1513328809183617
29357.011,0.15133264929489396
29357.012,0.1513324159359605
29357.013,0.1513321803489096
29357.014,0.15133194205020148
29357.015,0.15133170103958135
29357.016,0.15133145775851156
29357.017,0.15133121197914373
29357.018,0.15133096326059206
29357.019,0.1513307117312459
29357.02,0.15133045717531507
29357.021,0.15133019945511642
29357.022,0.15132993889404445
29357.023,0.1513296751427804
29357.024,0.15132940795958108
29357.025,0.15132913806073311
29357.026,0.1513288647091913
29357.027,0.15132858808904576
29357.028,0.15132830782942747
29357.029,0.15132802326759487
29357.03,0.15132773400850738
29357.031,0.1513274400239138
29357.032,0.1513271409339
29357.033,0.15132683693926843
29357.034,0.15132652833136323
29357.035,0.15132621475166785
29357.036,0.1513258962583617
29357.037,0.1513255724275096
29357.038,0.15132524309439116
29357.039,0.1513249087144031
29357.04,0.15132456918541085
29357.041,0.15132422504909204
29357.042,0.15132387618056806
29357.043,0.15132352256745202
29357.044,0.1513231642632242
29357.045,0.15132280077140736
29357.046,0.1513224318131553
29357.047,0.15132205715165783
29357.048,0.15132167702669677
29357.049,0.15132129175607895
29357.05,0.15132090126765846
29357.051,0.15132050603118016
29357.052,0.1513201056937581
29357.053,0.1513197005353533
29357.054,0.15131929120194962
29357.055,0.15131887757129145
29357.056,0.15131845927958792
29357.057,0.15131803714329925
29357.058,0.15131761170858513
29357.059,0.15131718374269257
29357.06,0.15131675259661148
29357.061,0.15131631849597826
29357.062,0.15131588132161752
29357.063,0.15131544070263914
29357.064,0.15131499698307266
29357.065,0.15131455083846082
29357.066,0.1513141021311199
29357.067,0.15131365135604863
29357.068,0.15131319895228093
29357.069,0.15131274488808566
29357.07,0.15131228985996104
29357.071,0.15131183359682188
29357.072,0.15131137648808507
29357.073,0.15131091884387546
29357.074,0.15131046105488957
29357.075,0.15131000357414404
29357.076,0.1513095464050532
29357.077,0.15130908965455386
29357.078,0.15130863328449648
29357.079,0.15130817697997007
29357.08,0.15130772058109523
29357.081,0.15130726484296333
29357.082,0.15130680984406794
29357.083,0.15130635568584147
29357.084,0.15130590239754366
29357.085,0.15130545032789544
29357.086,0.15130499968317343
29357.087,0.15130455053204783
29357.088,0.1513041028297523
29357.089,0.15130365668547646
29357.09,0.15130321239343553
29357.091,0.15130277047160587
29357.092,0.15130233097846546
29357.093,0.1513018940395269
29357.094,0.15130146003207956
29357.095,0.15130102830234263
29357.096,0.15130059837505566
29357.097,0.15130016991108422
29357.098,0.15129974334734186
29357.099,0.1512993192744017
29357.1,0.15129889735958232
29357.101,0.1512984775333251
29357.102,0.1512980599404934
29357.103,0.15129764485179145
29357.104,0.1512972322405643
29357.105,0.1512968217595096
29357.106,0.15129641432327262
29357.107,0.15129600970713972
29357.108,0.15129560827863422
29357.109,0.1512952100527429
29357.11,0.15129481496821046
29357.111,0.1512944226678491
29357.112,0.15129403336729946
29357.113,0.15129364661579814
29357.114,0.1512932618595894
29357.115,0.15129287957528026
29357.116,0.15129250011380205
29357.117,0.15129212346088775
29357.118,0.15129174993590158
29357.119,0.1512913793194945
29357.12,0.15129101172456128
29357.121,0.1512906473547116
29357.122,0.15129028617451226
29357.123,0.15128992814366773
29357.124,0.15128957355786296
29357.125,0.15128922281794221
29357.126,0.15128887596804969
29357.127,0.1512885329876731
29357.128,0.15128819338652558
29357.129,0.15128785706377354
29357.13,0.1512875237126413
29357.131,0.1512871932515465
29357.132,0.15128686557713567
29357.133,0.15128654142958142
29357.134,0.15128622059982422
29357.135,0.15128590314586512
29357.136,0.15128558949136522
29357.137,0.1512852796781919
29357.138,0.1512849735882172
29357.139,0.15128467126333625
29357.14,0.15128437291412733
29357.141,0.15128407899608248
29357.142,0.15128378924049604
29357.143,0.1512835034100567
29357.144,0.1512832212253
29357.145,0.15128294258502667
29357.146,0.15128266754390068
29357.147,0.15128239547373762
29357.148,0.15128212660477258
29357.149,0.1512818614286884
29357.15,0.15128159977212363
29357.151,0.15128134178467106
29357.152,0.15128108714224486
29357.153,0.15128083637185155
29357.154,0.15128058937030786
29357.155,0.15128034601105073
29357.156,0.15128010598169123
29357.157,0.15127987018879863
29357.158,0.15127963864292765
29357.159,0.15127941121371039
29357.16,0.15127918736606458
29357.161,0.15127896701891144
29357.162,0.15127874988030524
29357.163,0.15127853587329057
29357.164,0.15127832471255706
29357.165,0.15127811628551938
29357.166,0.1512779109306917
29357.167,0.15127770921299027
29357.168,0.1512775106638595
29357.169,0.1512773152991679
29357.17,0.15127712328834264
29357.171,0.15127693442811133
29357.172,0.15127674878891936
29357.173,0.1512765661746209
29357.174,0.1512763870546494
29357.175,0.15127621182241172
29357.176,0.15127604037366219
29357.177,0.15127587269496984
29357.178,0.1512757085695316
29357.179,0.15127554750145225
29357.18,0.1512753890855314
29357.181,0.15127523345121505
29357.182,0.1512750801661644
29357.183,0.15127492972672132
29357.184,0.15127478225736568
29357.185,0.15127463753183387
29357.186,0.15127449574542723
29357.187,0.15127435701310618
29357.188,0.15127422110243005
29357.189,0.15127408761707117
29357.19,0.15127395725911025
29357.191,0.15127383030227803
29357.192,0.1512737067749102
29357.193,0.15127358640593508
29357.194,0.15127346899140032
29357.195,0.15127335389426108
29357.196,0.15127324106366716
29357.197,0.15127313006773585
29357.198,0.1512730211328284
29357.199,0.15127291461038814
29357.2,0.1512728101360389
29357.201,0.151272707986369
29357.202,0.1512726081183117
29357.203,0.15127251057643978
29357.204,0.151272415304594
29357.205,0.15127232208180905
29357.206,0.1512722309280734
29357.207,0.15127214158849872
29357.208,0.15127205433955607
29357.209,0.15127196955044714
29357.21,0.15127188704340322
29357.211,0.15127180631901618
29357.212,0.1512717269809903
29357.213,0.15127164900031834
29357.214,0.15127157194763047
29357.215,0.1512714960072131
29357.216,0.1512714209513059
29357.217,0.15127134705318973
29357.218,0.15127127422862502
29357.219,0.1512712023869488
29357.22,0.151271131824904
29357.221,0.15127106206276258
29357.222,0.15127099284630632
29357.223,0.15127092472919304
29357.224,0.15127085779241595
29357.225,0.15127079224812548
29357.226,0.1512707280374839
29357.227,0.15127066487292795
29357.228,0.1512706023290599
29357.229,0.15127054031255394
29357.23,0.15127047804609137
29357.231,0.15127041528575141
29357.232,0.1512703522828098
29357.233,0.15127028957850808
29357.234,0.15127022669680396
29357.235,0.15127016396638465
29357.236,0.15127010118488712
29357.237,0.15127003823647708
29357.238,0.15126997481652701
29357.239,0.15126991111886257
29357.24,0.15126984746327835
29357.241,0.15126978376733172
29357.242,0.15126971996918528
29357.243,0.15126965599519665
29357.244,0.15126959172351334
29357.245,0.15126952690756879
29357.246,0.1512694615069617
29357.247,0.15126939466529954
29357.248,0.15126932646754537
29357.249,0.15126925736094576
29357.25,0.1512691869711484
29357.251,0.1512691154886636
29357.252,0.15126904276323844
29357.253,0.15126896923351404
29357.254,0.15126889498155927
29357.255,0.15126881967231026
29357.256,0.15126874286366038
29357.257,0.15126866573097414
29357.258,0.1512685879990789
29357.259,0.15126850968686942
29357.26,0.1512684309830933
29357.261,0.15126835180854226
29357.262,0.15126827224404338
29357.263,0.15126819159749444
29357.264,0.151268109558857
29357.265,0.15126802640236442
29357.266,0.15126794279231096
29357.267,0.15126785886932895
29357.268,0.1512677741816209
29357.269,0.15126768937760274
29357.27,0.15126760451407195
29357.271,0.1512675193735034
29357.272,0.15126743438733148
29357.273,0.151267349435874
29357.274,0.15126726507219931
29357.275,0.15126718166922037
29357.276,0.15126709911514338
29357.277,0.15126701719331975
29357.278,0.15126693609117
29357.279,0.1512668552479775
29357.28,0.15126677484462112
29357.281,0.15126669479029736
29357.282,0.15126661510176456
29357.283,0.15126653623665634
29357.284,0.15126645810682582
29357.285,0.15126638129349138
29357.286,0.15126630619423426
29357.287,0.1512662325325677
29357.288,0.15126615995076803
29357.289,0.15126608859169194
29357.29,0.15126601896807437
29357.291,0.15126595097659457
29357.292,0.15126588490620008
29357.293,0.15126582046638093
29357.294,0.15126575796540417
29357.295,0.1512656968946074
29357.296,0.15126563698213644
29357.297,0.15126557757386808
29357.298,0.1512655191143886
29357.299,0.15126546225144913
29357.3,0.15126540622552853
29357.301,0.15126535170246164
29357.302,0.1512652980654626
29357.303,0.15126524542333053
29357.304,0.15126519391084448
29357.305,0.1512651432418648
29357.306,0.15126509334031915
29357.307,0.15126504475466343
29357.308,0.15126499755348866
29357.309,0.1512649519096695
29357.31,0.15126490732636003
29357.311,0.15126486337062886
29357.312,0.1512648199972346
29357.313,0.15126477681124323
29357.314,0.15126473356260287
29357.315,0.15126469026899958
29357.316,0.1512646471304351
29357.317,0.15126460437575026
29357.318,0.15126456168737173
29357.319,0.15126451881807368
29357.32,0.15126447602884205
29357.321,0.15126443320559252
29357.322,0.15126439067553046
29357.323,0.15126434846039297
29357.324,0.15126430662186968
29357.325,0.15126426527799036
29357.326,0.1512642241950493
29357.327,0.151264183359703
29357.328,0.15126414219741555
29357.329,0.15126410065484694
29357.33,0.15126405809805868
29357.331,0.1512640147568301
29357.332,0.15126397103729722
29357.333,0.15126392698310054
29357.334,0.15126388261367332
29357.335,0.1512638382209294
29357.336,0.15126379360726092
29357.337,0.15126374880047774
29357.338,0.15126370366588293
29357.339,0.15126365822380006
29357.34,0.15126361295481613
29357.341,0.1512635679546541
29357.342,0.15126352317999062
29357.343,0.15126347877585375
29357.344,0.1512634346319305
29357.345,0.15126339094316493
29357.346,0.15126334755355988
29357.347,0.15126330375144872
29357.348,0.15126325976303281
29357.349,0.1512632160443912
29357.35,0.1512631726069933
29357.351,0.15126312984212287
29357.352,0.15126308809467673
29357.353,0.1512630470070477
29357.354,0.1512630068069381
29357.355,0.1512629673646542
29357.356,0.15126292907619537
29357.357,0.15126289237365168
29357.358,0.1512628570398983
29357.359,0.15126282384509443
29357.36,0.1512627927467681
29357.361,0.15126276358848234
29357.362,0.15126273631766454
29357.363,0.15126271054529555
29357.364,0.1512626863413936
29357.365,0.1512626641130891
29357.366,0.1512626438664347
29357.367,0.1512626260015739
29357.368,0.15126261058916046
29357.369,0.15126259772284256
29357.37,0.15126258738955375
29357.371,0.15126257932276244
29357.372,0.15126257405064747
29357.373,0.15126257163096302
29357.374,0.15126257274409133
29357.375,0.1512625776288366
29357.376,0.15126258620312763
29357.377,0.15126259846686507
29357.378,0.15126261456715803
29357.379,0.15126263387735636
29357.38,0.1512626562214076
29357.381,0.15126268133509885
29357.382,0.15126270968302638
29357.383,0.15126274174547522
29357.384,0.15126277731641918
29357.385,0.15126281637292927
29357.386,0.15126285845368836
29357.387,0.15126290376435264
29357.388,0.1512629519748695
29357.389,0.15126300290548284
29357.39,0.15126305680647767
29357.391,0.15126311419102362
29357.392,0.1512631750122283
29357.393,0.15126323871298833
29357.394,0.1512633051620587
29357.395,0.15126337366684076
29357.396,0.1512634441680424
29357.397,0.15126351611554037
29357.398,0.15126358939101917
29357.399,0.15126366417807796
29357.4,0.15126373952056502
29357.401,0.15126381546967782
29357.402,0.15126389163211676
29357.403,0.15126396802059022
29357.404,0.15126404470383845
29357.405,0.15126412067633632
29357.406,0.1512641959695894
29357.407,0.15126427066476267
29357.408,0.15126434457756166
29357.409,0.1512644178877579
29357.41,0.15126449002379083
29357.411,0.1512645605133082
29357.412,0.1512646288363122
29357.413,0.1512646946156993
29357.414,0.15126475740400896
29357.415,0.15126481646341283
29357.416,0.15126487198263885
29357.417,0.15126492386445833
29357.418,0.151264971954374
29357.419,0.15126501632801173
29357.42,0.15126505680924768
29357.421,0.15126509308593894
29357.422,0.15126512469851752
29357.423,0.15126515147273298
29357.424,0.15126517380386623
29357.425,0.15126519158606558
29357.426,0.15126520493605716
29357.427,0.15126521375396268
29357.428,0.1512652177972369
29357.429,0.15126521690294104
29357.43,0.1512652105510491
29357.431,0.15126519894928717
29357.432,0.1512651818814955
29357.433,0.1512651599733654
29357.434,0.151265133012873
29357.435,0.15126510121540682
29357.436,0.15126506433475684
29357.437,0.15126502283425594
29357.438,0.15126497682226833
29357.439,0.15126492647459866
29357.44,0.1512648720034332
29357.441,0.15126481408888096
29357.442,0.15126475319563748
29357.443,0.1512646894796719
29357.444,0.15126462299641327
29357.445,0.15126455370084213
29357.446,0.15126448125896225
29357.447,0.15126440553256837
29357.448,0.15126432698288989
29357.449,0.15126424670174074
29357.45,0.15126416441945736
29357.451,0.1512640808277294
29357.452,0.15126399569154741
29357.453,0.15126390943542295
29357.454,0.1512638231477101
29357.455,0.15126373638175278
29357.456,0.15126364963814792
29357.457,0.1512635631745314
29357.458,0.15126347762032646
29357.459,0.15126339339347084
29357.46,0.1512633105576569
29357.461,0.15126322907667927
29357.462,0.15126314885692138
29357.463,0.15126306975538467
29357.464,0.15126299199121432
29357.465,0.15126291569339628
29357.466,0.1512628414322297
29357.467,0.1512627697865776
29357.468,0.1512627003229989
29357.469,0.1512626336779513
29357.47,0.15126256976672542
29357.471,0.15126250865106236
29357.472,0.15126245047907436
29357.473,0.15126239548036433
29357.474,0.15126234367796634
29357.475,0.1512622954163253
29357.476,0.15126225084234426
29357.477,0.15126220978237134
29357.478,0.15126217222138266
29357.479,0.15126213732748495
29357.48,0.15126210474448296
29357.481,0.15126207460559704
29357.482,0.15126204705974103
29357.483,0.15126202171237452
29357.484,0.15126199857706032
29357.485,0.15126197766272967
29357.486,0.15126195889036145
29357.487,0.15126194220045786
29357.488,0.15126192709138223
29357.489,0.1512619140297781
29357.49,0.1512619031474311
29357.491,0.1512618946015903
29357.492,0.1512618877178003
29357.493,0.1512618821649552
29357.494,0.15126187782180942
29357.495,0.1512618745304918
29357.496,0.1512618717278947
29357.497,0.15126186854580198
29357.498,0.1512618648513815
29357.499,0.1512618608176225
29357.5,0.1512618563807781
29357.501,0.15126185152631222
29357.502,0.15126184631081663
29357.503,0.15126184045327173
29357.504,0.15126183395362158
29357.505,0.15126182614847727
29357.506,0.1512618175226067
29357.507,0.15126180821060936
29357.508,0.15126179828538175
29357.509,0.15126178786186315
29357.51,0.15126177645535693
29357.511,0.151261763840493
29357.512,0.1512617497397
29357.513,0.15126173426397954
29357.514,0.15126171635996502
29357.515,0.1512616964557231
29357.516,0.15126167518331
29357.517,0.15126165252740037
29357.518,0.15126162859361839
29357.519,0.15126160320445503
29357.52,0.15126157649739339
29357.521,0.1512615485692065
29357.522,0.15126151938519744
29357.523,0.15126148937626555
29357.524,0.151261458822271
29357.525,0.1512614278784043
29357.526,0.15126139709179295
29357.527,0.15126136673428842
29357.528,0.1512613365832116
29357.529,0.1512613062513201
29357.53,0.15126127519434637
29357.531,0.1512612437714536
29357.532,0.15126121247445803
29357.533,0.1512611820365443
29357.534,0.15126115173649107
29357.535,0.15126112199411385
29357.536,0.15126109327252585
29357.537,0.15126106607757311
29357.538,0.15126104008238314
29357.539,0.15126101546076773
29357.54,0.15126099271262572
29357.541,0.15126097254376875
29357.542,0.1512609549331402
29357.543,0.15126093988384226
29357.544,0.1512609277674509
29357.545,0.1512609185067471
29357.546,0.1512609118184497
29357.547,0.151260907321342
29357.548,0.15126090526263034
29357.549,0.1512609064512006
29357.55,0.15126091085756965
29357.551,0.1512609190001983
29357.552,0.15126093074966643
29357.553,0.15126094662491432
29357.554,0.15126096654708657
29357.555,0.15126098989896894
29357.556,0.1512610173007119
29357.557,0.1512610490878013
29357.558,0.1512610859201276
29357.559,0.15126112801429795
29357.56,0.1512611754706809
29357.561,0.15126122745232345
29357.562,0.15126128417061638
29357.563,0.15126134522943646
29357.564,0.15126141039822594
29357.565,0.15126148035792444
29357.566,0.15126155524867138
29357.567,0.15126163549208094
29357.568,0.1512617208415189
29357.569,0.1512618116971093
29357.57,0.1512619078554056
29357.571,0.15126200962421935
29357.572,0.15126211683432145
29357.573,0.15126222968704653
29357.574,0.15126234828059934
29357.575,0.15126247286309127
29357.576,0.15126260347079934
29357.577,0.15126273986119393
29357.578,0.15126288175168448
29357.579,0.151263028511994
29357.58,0.1512631802580639
29357.581,0.15126333707589612
29357.582,0.1512634984406139
29357.583,0.15126366451006776
29357.584,0.1512638355369264
29357.585,0.15126401121092156
29357.586,0.15126419146156558
29357.587,0.1512643760732285
29357.588,0.1512645648819217
29357.589,0.15126475772575526
29357.59,0.15126495406101664
29357.591,0.15126515437361385
29357.592,0.15126535817389042
29357.593,0.15126556572164154
29357.594,0.15126577670071842
29357.595,0.15126599049212594
29357.596,0.1512662060872693
29357.597,0.15126642287896627
29357.598,0.15126664084433922
29357.599,0.15126686025448144
29357.6,0.15126708013968043
29357.601,0.1512673000767852
29357.602,0.15126752011246916
29357.603,0.15126773990766
29357.604,0.15126795921978198
29357.605,0.15126817743563997
29357.606,0.15126839420760607
29357.607,0.15126860933541125
29357.608,0.1512688226206778
29357.609,0.15126903360633684
29357.61,0.15126924187925006
29357.611,0.15126944703366266
29357.612,0.15126964814186014
29357.613,0.15126984457908638
29357.614,0.1512700354709422
29357.615,0.1512702209541813
29357.616,0.15127040064793307
29357.617,0.15127057389020027
29357.618,0.15127074052315645
29357.619,0.15127089988955572
29357.62,0.15127105234787447
29357.621,0.15127119699135788
29357.622,0.1512713335477747
29357.623,0.1512714619468027
29357.624,0.15127158222267348
29357.625,0.15127169463110382
29357.626,0.1512717990767099
29357.627,0.15127189454169304
29357.628,0.15127198038084969
29357.629,0.15127205607042427
29357.63,0.15127212095577824
29357.631,0.15127217547373953
29357.632,0.15127221989744052
29357.633,0.15127225379153567
29357.634,0.15127227710456748
29357.635,0.15127229010669982
29357.636,0.15127229284481655
29357.637,0.15127228524119044
29357.638,0.1512722668757781
29357.639,0.15127223842263204
29357.64,0.15127219998570487
29357.641,0.15127215223734197
29357.642,0.15127209523946855
29357.643,0.15127202884371604
29357.644,0.15127195307922983
29357.645,0.15127186797623962
29357.646,0.15127177328000893
29357.647,0.15127166886612853
29357.648,0.1512715554485936
29357.649,0.15127143354776754
29357.65,0.1512713034339346
29357.651,0.15127116490484332
29357.652,0.1512710189944988
29357.653,0.15127086583278077
29357.654,0.15127070624129763
29357.655,0.15127054014379065
29357.656,0.15127036845189062
29357.657,0.15127019180766416
29357.658,0.15127001077655247
29357.659,0.15126982571444794
29357.66,0.15126963712316757
29357.661,0.15126944501797343
29357.662,0.15126924992323162
29357.663,0.1512690518937264
29357.664,0.15126885140658974
29357.665,0.15126864908869256
29357.666,0.15126844524205926
29357.667,0.15126824097659594
29357.668,0.1512680361952884
29357.669,0.15126783166030264
29357.67,0.1512676277120139
29357.671,0.15126742443022906
29357.672,0.15126722235802473
29357.673,0.15126702247465387
29357.674,0.151266825202659
29357.675,0.15126663070495458
29357.676,0.1512664392845355
29357.677,0.1512662513597789
29357.678,0.15126606715543303
29357.679,0.15126588670015603
29357.68,0.15126570966342978
29357.681,0.1512655362161395
29357.682,0.1512653664328926
29357.683,0.15126520090712148
29357.684,0.15126504004075014
29357.685,0.15126488354435152
29357.686,0.15126473200674734
29357.687,0.15126458523686018
29357.688,0.15126444355866625
29357.689,0.15126430665893453
29357.69,0.15126417473978768
29357.691,0.1512640485691005
29357.692,0.15126392783055337
29357.693,0.15126381215732237
29357.694,0.15126370116859092
29357.695,0.1512635945521592
29357.696,0.15126349182165316
29357.697,0.15126339249058876
29357.698,0.15126329675289243
29357.699,0.1512632049060886
29357.7,0.15126311613744273
29357.701,0.15126303089295798
29357.702,0.1512629488676747
29357.703,0.15126286961214577
29357.704,0.15126279315411123
29357.705,0.1512627190019091
29357.706,0.15126264726787017
29357.707,0.15126257791794034
29357.708,0.1512625110815682
29357.709,0.15126244645107728
29357.71,0.15126238400414183
29357.711,0.15126232282347518
29357.712,0.1512622623289488
29357.713,0.1512622023770987
29357.714,0.15126214231122023
29357.715,0.15126208182113882
29357.716,0.15126202109219158
29357.717,0.15126195999023997
29357.718,0.15126189897445688
29357.719,0.15126183771513074
29357.72,0.15126177639428567
29357.721,0.15126171420450082
29357.722,0.1512616513648638
29357.723,0.15126158804857218
29357.724,0.15126152411542812
29357.725,0.15126145982822273
29357.726,0.1512613946428068
29357.727,0.15126132832069403
29357.728,0.15126126067024548
29357.729,0.15126119102594446
29357.73,0.15126111932735872
29357.731,0.1512610458355958
29357.732,0.15126097022754353
29357.733,0.1512608927160305
29357.734,0.1512608133431477
29357.735,0.15126073195253414
29357.736,0.15126064879025666
29357.737,0.15126056404091842
29357.738,0.15126047732008
29357.739,0.15126038890941151
29357.74,0.15126029851280212
29357.741,0.15126020672303858
29357.742,0.1512601135285452
29357.743,0.15126001880077428
29357.744,0.15125992251202813
29357.745,0.1512598245246774
29357.746,0.1512597243516414
29357.747,0.15125962167390544
29357.748,0.15125951705624158
29357.749,0.15125941055955863
29357.75,0.15125930272334712
29357.751,0.15125919328101117
29357.752,0.15125908262828375
29357.753,0.15125897049052536
29357.754,0.1512588572444575
29357.755,0.15125874255864535
29357.756,0.15125862694816225
29357.757,0.1512585105076878
29357.758,0.15125839391005225
29357.759,0.15125827743720838
29357.76,0.15125816118705424
29357.761,0.15125804483204033
29357.762,0.15125792832291904
29357.763,0.1512578115312181
29357.764,0.15125769438643275
29357.765,0.15125757732231446
29357.766,0.15125746106445084
29357.767,0.15125734590417678
29357.768,0.15125723196474733
29357.769,0.15125711970715514
29357.77,0.15125700926705285
29357.771,0.1512569008007111
29357.772,0.1512567947542831
29357.773,0.15125669157819235
29357.774,0.1512565913681394
29357.775,0.15125649517345352
29357.776,0.1512564035914188
29357.777,0.15125631674249906
29357.778,0.151256234733108
29357.779,0.15125615705963014
29357.78,0.15125608372882704
29357.781,0.15125601512404713
29357.782,0.15125595163117217
29357.783,0.15125589403890202
29357.784,0.15125584297169684
29357.785,0.15125579825197413
29357.786,0.1512557602885954
29357.787,0.1512557291487229
29357.788,0.15125570531959648
29357.789,0.15125568871571712
29357.79,0.15125568017662563
29357.791,0.15125568024217012
29357.792,0.15125568864777883
29357.793,0.1512557055113141
29357.794,0.1512557314145016
29357.795,0.15125576595222295
29357.796,0.15125580899586755
29357.797,0.1512558603577584
29357.798,0.15125592012107628
29357.799,0.15125598859633838
29357.8,0.15125606557409152
29357.801,0.15125615128086028
29357.802,0.15125624577488847
29357.803,0.1512563492032595
29357.804,0.15125646171783425
29357.805,0.1512565827464073
29357.806,0.15125671253039008
29357.807,0.15125685061980726
29357.808,0.15125699760221353
29357.809,0.15125715298380282
29357.81,0.15125731684115742
29357.811,0.15125748878807188
29357.812,0.1512576682083587
29357.813,0.15125785465595998
29357.814,0.15125804749842692
29357.815,0.15125824668365392
29357.816,0.15125845234106158
29357.817,0.15125866430581292
29357.818,0.15125888231675516
29357.819,0.1512591057450215
29357.82,0.1512593345040509
29357.821,0.15125956781457744
29357.822,0.15125980578409864
29357.823,0.15126004805442522
29357.824,0.1512602946355157
29357.825,0.15126054538514225
29357.826,0.1512607999285355
29357.827,0.15126105803965112
29357.828,0.15126131921125452
29357.829,0.15126158274028234
29357.83,0.1512618483913195
29357.831,0.15126211563239014
29357.832,0.15126238414766435
29357.833,0.15126265438053385
29357.834,0.15126292543125303
29357.835,0.15126319711197092
29357.836,0.15126346985690003
29357.837,0.15126374341119184
29357.838,0.15126401722988678
29357.839,0.1512642912396604
29357.84,0.1512645657675231
29357.841,0.15126484112116445
29357.842,0.15126511705600099
29357.843,0.15126539327307237
29357.844,0.15126566955262158
29357.845,0.1512659456822533
29357.846,0.15126622131801823
29357.847,0.1512664961094751
29357.848,0.1512667702262933
29357.849,0.15126704387241552
29357.85,0.1512673171904897
29357.851,0.15126758991788042
29357.852,0.15126786224576894
29357.853,0.15126813445450257
29357.854,0.15126840680743023
29357.855,0.151268678925137
29357.856,0.15126895097570092
29357.857,0.1512692233362259
29357.858,0.1512694964586886
29357.859,0.15126977037518774
29357.86,0.15127004510846428
29357.861,0.15127032058656104
29357.862,0.15127059687913608
29357.863,0.15127087374247944
29357.864,0.1512711512078538
29357.865,0.15127142932530935
29357.866,0.15127170843779073
29357.867,0.1512719888747961
29357.868,0.15127227059666323
29357.869,0.15127255332046996
29357.87,0.15127283753840648
29357.871,0.15127312342679278
29357.872,0.1512734109344103
29357.873,0.15127370020453576
29357.874,0.1512739911671997
29357.875,0.15127428455387681
29357.876,0.1512745803998854
29357.877,0.1512748786722948
29357.878,0.15127517923124673
29357.879,0.15127548111293398
29357.88,0.1512757841543553
29357.881,0.15127608849425161
29357.882,0.15127639395089584
29357.883,0.15127670080469038
29357.884,0.15127700902513444
29357.885,0.15127731812313255
29357.886,0.15127762840097225
29357.887,0.15127793994910932
29357.888,0.15127825226334016
29357.889,0.15127856496022285
29357.89,0.15127887839634507
29357.891,0.1512791926022913
29357.892,0.1512795073618452
29357.893,0.1512798223571749
29357.894,0.15128013740973
29357.895,0.15128045204520343
29357.896,0.15128076573450042
29357.897,0.15128107782892689
29357.898,0.15128138845508712
29357.899,0.151281697617496
29357.9,0.15128200467653072
29357.901,0.1512823095208576
29357.902,0.1512826124347599
29357.903,0.15128291306977143
29357.904,0.15128321130454656
29357.905,0.15128350693794598
29357.906,0.15128379969300276
29357.907,0.15128408951694872
29357.908,0.15128437688292207
29357.909,0.15128466156986925
29357.91,0.15128494358183567
29357.911,0.15128522211263012
29357.912,0.15128549671918665
29357.913,0.15128576746903888
29357.914,0.15128603372012606
29357.915,0.15128629569951374
29357.916,0.15128655381245437
29357.917,0.15128680805023506
29357.918,0.15128705826414432
29357.919,0.15128730443476787
29357.92,0.15128754668780575
29357.921,0.15128778442411203
29357.922,0.15128801831389307
29357.923,0.15128824813357425
29357.924,0.1512884745136575
29357.925,0.15128869803692893
29357.926,0.1512889184440501
29357.927,0.15128913597286464
29357.928,0.15128935034702173
29357.929,0.15128956126920517
29357.93,0.15128976875927086
29357.931,0.15128997269451572
29357.932,0.15129017354310373
29357.933,0.15129037165645126
29357.934,0.15129056662931653
29357.935,0.15129075893995378
29357.936,0.1512909492612302
29357.937,0.1512911373069604
29357.938,0.15129132305623896
29357.939,0.15129150692414348
29357.94,0.15129168929492653
29357.941,0.1512918703699853
29357.942,0.1512920503548403
29357.943,0.15129222934529507
29357.944,0.15129240744608105
29357.945,0.15129258452348823
29357.946,0.15129276039156375
29357.947,0.15129293457443993
29357.948,0.15129310716721353
29357.949,0.1512932785691978
29357.95,0.15129344879294598
29357.951,0.1512936178276567
29357.952,0.15129378572614544
29357.953,0.15129395255638023
29357.954,0.1512941185199261
29357.955,0.15129428305580866
29357.956,0.15129444660785668
29357.957,0.1512946093358645
29357.958,0.15129477166858846
29357.959,0.1512949335789896
29357.96,0.1512950946557699
29357.961,0.15129525481721104
29357.962,0.15129541348899064
29357.963,0.15129557026913257
29357.964,0.15129572501253644
29357.965,0.15129587747283113
29357.966,0.15129602797865127
29357.967,0.15129617645095977
29357.968,0.15129632282457245
29357.969,0.15129646702294802
29357.97,0.15129660910349418
29357.971,0.1512967485692905
29357.972,0.15129688543568762
29357.973,0.1512970199600064
29357.974,0.15129715191081297
29357.975,0.1512972817021904
29357.976,0.15129740943512374
29357.977,0.15129753472649876
29357.978,0.1512976571666019
29357.979,0.15129777602862993
29357.98,0.15129789168592123
29357.981,0.15129800402682342
29357.982,0.15129811278423505
29357.983,0.15129821852549263
29357.984,0.15129832115149333
29357.985,0.15129842037788968
29357.986,0.1512985166217306
29357.987,0.15129860977517212
29357.988,0.1512986997054746
29357.989,0.15129878665858568
29357.99,0.15129887101528783
29357.991,0.1512989529893768
29357.992,0.15129903271997128
29357.993,0.1512991102699446
29357.994,0.15129918586873123
29357.995,0.15129925920381626
29357.996,0.15129932992705583
29357.997,0.15129939811132578
29357.998,0.15129946399150945
29357.999,0.15129952779675504
29358.0,0.15129958980815464
29358.001,0.1512996505884909
29358.002,0.15129971040544948
29358.003,0.1512997690667404
29358.004,0.15129982699771283
29358.005,0.15129988393135177
29358.006,0.1512999398946379
29358.007,0.15129999587517637
29358.008,0.15130005228214022
29358.009,0.15130010956423576
29358.01,0.15130016767781632
29358.011,0.15130022657324885
29358.012,0.15130028626260844
29358.013,0.15130034653217952
29358.014,0.1513004069186152
29358.015,0.15130046795072485
29358.016,0.1513005301354013
29358.017,0.1513005936393238
29358.018,0.15130065886523603
29358.019,0.1513007260440304
29358.02,0.1513007955581512
29358.021,0.1513008673499894
29358.022,0.15130094173840905
29358.023,0.151301018676935
29358.024,0.151301098891523
29358.025,0.15130118263111747
29358.026,0.15130126971182087
29358.027,0.1513013604762403
29358.028,0.15130145461471856
29358.029,0.15130155172111018
29358.03,0.15130165189566647
29358.031,0.15130175466341464
29358.032,0.15130186073524124
29358.033,0.1513019701628799
29358.034,0.15130208340694398
29358.035,0.1513022004644678
29358.036,0.15130232144626093
29358.037,0.15130244643775118
29358.038,0.1513025753402295
29358.039,0.15130270830439868
29358.04,0.15130284547995715
29358.041,0.15130298707647838
29358.042,0.1513031331593441
29358.043,0.15130328377642155
29358.044,0.15130343880240354
29358.045,0.15130359808754765
29358.046,0.1513037614436848
29358.047,0.15130392836949297
29358.048,0.15130409893324218
29358.049,0.1513042736985777
29358.05,0.151304452309325
29358.051,0.15130463483812465
29358.052,0.15130482140692186
29358.053,0.15130501190169707
29358.054,0.15130520642804104
29358.055,0.1513054047245631
29358.056,0.15130560681540672
29358.057,0.15130581262578008
29358.058,0.15130602251773653
29358.059,0.15130623647826172
29358.06,0.15130645425407557
29358.061,0.15130667572595485
29358.062,0.1513069005439985
29358.063,0.15130712820960462
29358.064,0.15130735819604835
29358.065,0.15130759052434445
29358.066,0.1513078255392382
29358.067,0.15130806341350478
29358.068,0.15130830407873175
29358.069,0.15130854686986314
29358.07,0.15130879197611027
29358.071,0.15130903915561736
29358.072,0.1513092880669287
29358.073,0.15130953859681764
29358.074,0.15130979082373816
29358.075,0.15131004502958237
29358.076,0.1513103014830817
29358.077,0.15131055916553005
29358.078,0.15131081765690252
29358.079,0.15131107635737243
29358.08,0.15131133515233183
29358.081,0.1513115930988889
29358.082,0.151311850244552
29358.083,0.15131210679559198
29358.084,0.1513123624838099
29358.085,0.15131261667344287
29358.086,0.15131286950747636
29358.087,0.15131312047804604
29358.088,0.15131336905312473
29358.089,0.15131361497344517
29358.09,0.15131385835257163
29358.091,0.15131409925869027
29358.092,0.15131433752602869
29358.093,0.1513145726218719
29358.094,0.15131480416044396
29358.095,0.15131503150780376
29358.096,0.15131525407381236
29358.097,0.1513154713537783
29358.098,0.15131568315611044
29358.099,0.1513158893284748
29358.1,0.1513160894471949
29358.101,0.15131628359227334
29358.102,0.15131647126398787
29358.103,0.15131665205605785
29358.104,0.151316826351643
29358.105,0.15131699366647602
29358.106,0.1513171534837343
29358.107,0.15131730617771405
29358.108,0.15131745154821244
29358.109,0.1513175896040824
29358.11,0.15131771976191713
29358.111,0.15131784168784465
29358.112,0.1513179554890466
29358.113,0.1513180606974008
29358.114,0.15131815700950604
29358.115,0.1513182447728892
29358.116,0.15131832397234124
29358.117,0.15131839453081694
29358.118,0.15131845634361957
29358.119,0.15131850920090403
29358.12,0.15131855354017426
29358.121,0.1513185888368654
29358.122,0.151318615265185
29358.123,0.15131863338464244
29358.124,0.1513186433157518
29358.125,0.15131864565434439
29358.126,0.15131864039965012
29358.127,0.15131862748404434
29358.128,0.15131860694765747
29358.129,0.15131857832100487
29358.13,0.15131854195290845
29358.131,0.15131849788432955
29358.132,0.1513184470097484
29358.133,0.15131838927237304
29358.134,0.15131832489374153
29358.135,0.15131825412572206
29358.136,0.15131817748354398
29358.137,0.1513180954440412
29358.138,0.1513180076867484
29358.139,0.15131791453620502
29358.14,0.15131781673615805
29358.141,0.15131771508568834
29358.142,0.15131760989649629
29358.143,0.15131750124263443
29358.144,0.15131738960708577
29358.145,0.15131727487800917
29358.146,0.1513171569375131
29358.147,0.1513170356907492
29358.148,0.1513169118026879
29358.149,0.15131678605330115
29358.15,0.15131665877823577
29358.151,0.1513165306459528
29358.152,0.15131640162465057
29358.153,0.1513162720947525
29358.154,0.15131614243800665
29358.155,0.151316012883298
29358.156,0.15131588374194052
29358.157,0.15131575565688676
29358.158,0.15131562930387446
29358.159,0.15131550482941714
29358.16,0.1513153822039535
29358.161,0.15131526176060212
29358.162,0.15131514308883265
29358.163,0.15131502609427633
29358.164,0.15131491070702402
29358.165,0.15131479748819698
29358.166,0.1513146867963904
29358.167,0.15131457861125935
29358.168,0.1513144727439231
29358.169,0.15131436952382996
29358.17,0.15131426925281313
29358.171,0.1513141716591874
29358.172,0.15131407716078474
29358.173,0.15131398595206325
29358.174,0.15131389814705976
29358.175,0.15131381433372096
29358.176,0.15131373423085734
29358.177,0.15131365776462014
29358.178,0.15131358435460995
29358.179,0.15131351336148627
29358.18,0.1513134448302623
29358.181,0.15131337811349088
29358.182,0.1513133136977576
29358.183,0.15131325176681645
29358.184,0.15131319207926103
29358.185,0.15131313454671028
29358.186,0.15131307915144568
29358.187,0.1513130256513196
29358.188,0.15131297382130085
29358.189,0.15131292355877698
29358.19,0.1513128750282139
29358.191,0.15131282820742079
29358.192,0.1513127825672727
29358.193,0.15131273793743044
29358.194,0.15131269393721064
29358.195,0.151312650256169
29358.196,0.15131260641545904
29358.197,0.15131256182634062
29358.198,0.15131251619207253
29358.199,0.15131246971662182
29358.2,0.1513124221331802
29358.201,0.15131237362172992
29358.202,0.15131232373390244
29358.203,0.15131227261449054
29358.204,0.1513122201773124
29358.205,0.1513121658848856
29358.206,0.15131210952295676
29358.207,0.15131205201701256
29358.208,0.15131199328360628
29358.209,0.15131193333576629
29358.21,0.15131187164402282
29358.211,0.15131180790928775
29358.212,0.15131174218590698
29358.213,0.1513116734334564
29358.214,0.15131160141224667
29358.215,0.15131152665609746
29358.216,0.1513114491612801
29358.217,0.15131136936956616
29358.218,0.15131128725555926
29358.219,0.1513112028566061
29358.22,0.15131111650793608
29358.221,0.1513110277714416
29358.222,0.1513109370187213
29358.223,0.15131084464086964
29358.224,0.15131075083059073
29358.225,0.15131065571959923
29358.226,0.15131055919799533
29358.227,0.15131046107711318
29358.228,0.15131036165225162
29358.229,0.15131026041840534
29358.23,0.15131015755851476
29358.231,0.15131005320257523
29358.232,0.1513099476162777
29358.233,0.15130984099264821
29358.234,0.1513097334005408
29358.235,0.1513096252646941
29358.236,0.15130951653294417
29358.237,0.15130940728425352
29358.238,0.15130929777603072
29358.239,0.15130918843876257
29358.24,0.1513090796878666
29358.241,0.15130897175208452
29358.242,0.15130886464660723
29358.243,0.1513087584621052
29358.244,0.15130865327817403
29358.245,0.15130854869026972
29358.246,0.1513084446281662
29358.247,0.15130834093267617
29358.248,0.15130823772933902
29358.249,0.15130813532096446
29358.25,0.1513080335613243
29358.251,0.15130793228026942
29358.252,0.15130783169253675
29358.253,0.15130773169527953
29358.254,0.15130763264263597
29358.255,0.15130753393023413
29358.256,0.15130743572048147
29358.257,0.15130733785949893
29358.258,0.1513072407278941
29358.259,0.1513071441594131
29358.26,0.15130704798178762
29358.261,0.15130695191742793
29358.262,0.15130685573709501
29358.263,0.15130675897624304
29358.264,0.15130666119967526
29358.265,0.15130656271623835
29358.266,0.15130646337661643
29358.267,0.15130636276918324
29358.268,0.15130626154455884
29358.269,0.15130615949925438
29358.27,0.15130605637044336
29358.271,0.15130595173721548
29358.272,0.15130584562162275
29358.273,0.15130573785075074
29358.274,0.15130562845544163
29358.275,0.15130551778003226
29358.276,0.15130540514624466
29358.277,0.15130529110981467
29358.278,0.15130517484545286
29358.279,0.15130505643391975
29358.28,0.15130493542795698
29358.281,0.15130481131440382
29358.282,0.15130468492104981
29358.283,0.15130455628778122
29358.284,0.1513044249943621
29358.285,0.151304290883689
29358.286,0.15130415424031607
29358.287,0.15130401516091932
29358.288,0.1513038735884633
29358.289,0.15130372950657767
29358.29,0.15130358322485285
29358.291,0.15130343502206176
29358.292,0.15130328489890862
29358.293,0.15130313317620608
29358.294,0.15130297945157614
29358.295,0.15130282395541056
29358.296,0.15130266649530236
29358.297,0.15130250662082584
29358.298,0.15130234485740235
29358.299,0.15130218135923773
29358.3,0.1513020162990323
29358.301,0.15130185003332974
29358.302,0.1513016824296295
29358.303,0.15130151380340498
29358.304,0.15130134421965752
29358.305,0.15130117373959212
29358.306,0.15130100267962154
29358.307,0.15130083150180135
29358.308,0.15130066030769151
29358.309,0.15130048937762747
29358.31,0.1513003183562841
29358.311,0.15130014741680403
29358.312,0.15129997658011476
29358.313,0.15129980541709626
29358.314,0.1512996337890601
29358.315,0.15129946189218166
29358.316,0.15129928972945625
29358.317,0.15129911756640818
29358.318,0.15129894527183738
29358.319,0.15129877286676596
29358.32,0.1512986002826906
29358.321,0.15129842750504918
29358.322,0.15129825453777476
29358.323,0.15129808174836087
29358.324,0.15129790913208876
29358.325,0.15129773674757369
29358.326,0.15129756508760284
29358.327,0.1512973935411574
29358.328,0.15129722189445843
29358.329,0.1512970494589256
29358.33,0.1512968761940463
29358.331,0.15129670204168802
29358.332,0.15129652706847171
29358.333,0.15129635117817503
29358.334,0.15129617437077175
29358.335,0.1512959964707038
29358.336,0.15129581764681727
29358.337,0.15129563792666736
29358.338,0.15129545731008007
29358.339,0.15129527549613783
29358.34,0.15129509251027656
29358.341,0.1512949085769019
29358.342,0.1512947238614609
29358.343,0.15129453813604157
29358.344,0.15129435183439047
29358.345,0.15129416444784766
29358.346,0.1512939755255841
29358.347,0.15129378500775595
29358.348,0.15129359271624082
29358.349,0.15129339924865312
29358.35,0.15129320431536405
29358.351,0.1512930082794463
29358.352,0.15129281088513769
29358.353,0.15129261233982222
29358.354,0.15129241329129478
29358.355,0.15129221377153024
29358.356,0.15129201389646113
29358.357,0.15129181365120514
29358.358,0.1512916137890315
29358.359,0.15129141452021935
29358.36,0.1512912158628192
29358.361,0.15129101825912752
29358.362,0.15129082130227275
29358.363,0.1512906245223205
29358.364,0.15129042809971616
29358.365,0.15129023201891356
29358.366,0.15129003698719806
29358.367,0.1512898435476939
29358.368,0.15128965168196118
29358.369,0.15128946157453318
29358.37,0.15128927344147217
29358.371,0.15128908734572233
29358.372,0.1512889036250024
29358.373,0.1512887225546661
29358.374,0.1512885444478718
29358.375,0.15128836978185692
29358.376,0.15128819849025432
29358.377,0.15128803057829657
29358.378,0.15128786554405035
29358.379,0.15128770294411245
29358.38,0.15128754293318886
29358.381,0.15128738557861057
29358.382,0.1512872311899576
29358.383,0.1512870795708614
29358.384,0.15128693053214184
29358.385,0.15128678457054837
29358.386,0.15128664165993747
29358.387,0.1512865015971487
29358.388,0.1512863642983364
29358.389,0.15128622952054474
29358.39,0.1512860976263407
29358.391,0.151285968682053
29358.392,0.1512858427216207
29358.393,0.151285719568512
29358.394,0.1512855990615298
29358.395,0.15128548100822192
29358.396,0.15128536448723098
29358.397,0.15128524884496022
29358.398,0.15128513433217045
29358.399,0.15128502113153772
29358.4,0.15128490934017325
29358.401,0.15128479854177482
29358.402,0.15128468839489465
29358.403,0.15128457907214993
29358.404,0.1512844704678578
29358.405,0.15128436236191348
29358.406,0.15128425443299767
29358.407,0.1512841464884688
29358.408,0.151284038554843
29358.409,0.15128393100775028
29358.41,0.15128382369326712
29358.411,0.15128371648427535
29358.412,0.15128360903432955
29358.413,0.151283500661917
29358.414,0.1512833911280762
29358.415,0.15128328032241317
29358.416,0.15128316850831672
29358.417,0.15128305572139314
29358.418,0.15128294174485837
29358.419,0.1512828268608946
29358.42,0.151282710896046
29358.421,0.1512825941254749
29358.422,0.15128247621442917
29358.423,0.15128235741927037
29358.424,0.15128223768985846
29358.425,0.15128211762272856
29358.426,0.15128199734921197
29358.427,0.1512818764900969
29358.428,0.15128175529661095
29358.429,0.15128163327046582
29358.43,0.15128151039224885
29358.431,0.1512813866893456
29358.432,0.15128126200827519
29358.433,0.15128113678144833
29358.434,0.15128101137845174
29358.435,0.15128088586433436
29358.436,0.151280760854899
29358.437,0.1512806364292716
29358.438,0.15128051223426994
29358.439,0.15128038852418654
29358.44,0.15128026554971027
29358.441,0.15128014413689314
29358.442,0.1512800247063566
29358.443,0.1512799065646513
29358.444,0.15127979000230582
29358.445,0.15127967452856958
29358.446,0.15127956036013823
29358.447,0.1512794473317928
29358.448,0.15127933537922558
29358.449,0.15127922533613017
29358.45,0.15127911704185298
29358.451,0.15127901091586743
29358.452,0.15127890726398305
29358.453,0.15127880637222643
29358.454,0.15127870817522604
29358.455,0.1512786126807546
29358.456,0.15127851968443048
29358.457,0.15127843005825475
29358.458,0.15127834444086458
29358.459,0.15127826271602396
29358.46,0.15127818515613808
29358.461,0.15127811157769605
29358.462,0.15127804180178672
29358.463,0.15127797554489628
29358.464,0.1512779127316701
29358.465,0.1512778539671398
29358.466,0.1512777993544934
29358.467,0.15127774933218646
29358.468,0.15127770385923806
29358.469,0.1512776634015094
29358.47,0.1512776275696257
29358.471,0.15127759659190862
29358.472,0.15127757079299703
29358.473,0.15127755036067247
29358.474,0.15127753547870673
29358.475,0.15127752639349837
29358.476,0.15127752325090596
29358.477,0.15127752609517903
29358.478,0.15127753471537536
29358.479,0.15127754885113803
29358.48,0.15127756844521673
29358.481,0.15127759299897692
29358.482,0.15127762285169782
29358.483,0.15127765839947124
29358.484,0.15127769987272452
29358.485,0.15127774750610104
29358.486,0.1512778014256313
29358.487,0.15127786144574581
29358.488,0.1512779276402423
29358.489,0.15127799977607365
29358.49,0.1512780779090677
29358.491,0.15127816257194587
29358.492,0.15127825375018983
29358.493,0.15127835114922575
29358.494,0.15127845469004267
29358.495,0.15127856430065778
29358.496,0.15127867961211508
29358.497,0.1512788002717355
29358.498,0.1512789263758686
29358.499,0.15127905810358774
29358.5,0.15127919534198125
29358.501,0.1512793377386327
29358.502,0.15127948576649555
29358.503,0.15127963962991348
29358.504,0.15127979919900084
29358.505,0.1512799640626516
29358.506,0.1512801337941248
29358.507,0.15128030920774765
29358.508,0.15128049055334014
29358.509,0.15128067789470007
29358.51,0.15128087046404604
29358.511,0.15128106819517176
29358.512,0.15128127052244184
29358.513,0.15128147677973047
29358.514,0.1512816871434498
29358.515,0.1512819014954873
29358.516,0.15128211994959972
29358.517,0.15128234294428136
29358.518,0.15128257010621024
29358.519,0.1512828014690093
29358.52,0.1512830370213366
29358.521,0.15128327661103252
29358.522,0.15128352009955312
29358.523,0.15128376770714586
29358.524,0.1512840196311743
29358.525,0.1512842763186355
29358.526,0.15128453725888164
29358.527,0.15128480211622305
29358.528,0.1512850709271734
29358.529,0.1512853430265851
29358.53,0.15128561837637391
29358.531,0.15128589678141693
29358.532,0.15128617845205627
29358.533,0.15128646362287274
29358.534,0.15128675200883637
29358.535,0.1512870436338668
29358.536,0.15128733856701185
29358.537,0.15128763650870056
29358.538,0.15128793723289846
29358.539,0.15128824121647025
29358.54,0.15128854869933547
29358.541,0.1512888599575314
29358.542,0.15128917493533997
29358.543,0.15128949317771306
29358.544,0.1512898150529761
29358.545,0.1512901401764373
29358.546,0.15129046811066232
29358.547,0.15129079837730824
29358.548,0.15129113114245657
29358.549,0.1512914668218597
29358.55,0.15129180497444356
29358.551,0.15129214606346283
29358.552,0.15129249003515746
29358.553,0.15129283671106153
29358.554,0.15129318646307094
29358.555,0.15129353940660886
29358.556,0.15129389548292113
29358.557,0.15129425485881826
29358.558,0.15129461818434162
29358.559,0.15129498506928438
29358.56,0.15129535585583576
29358.561,0.15129573033415367
29358.562,0.15129610804121482
29358.563,0.15129648856337433
29358.564,0.1512968720874003
29358.565,0.15129725895239635
29358.566,0.15129764908850699
29358.567,0.1512980432007759
29358.568,0.1512984406758031
29358.569,0.15129884170729319
29358.57,0.15129924675017403
29358.571,0.151299655634582
29358.572,0.15130006827874395
29358.573,0.15130048492996917
29358.574,0.15130090614369998
29358.575,0.15130133210050598
29358.576,0.15130176330059805
29358.577,0.15130219947196943
29358.578,0.1513026403525104
29358.579,0.15130308581868362
29358.58,0.1513035356272263
29358.581,0.15130398988422777
29358.582,0.15130444888251846
29358.583,0.15130491281522954
29358.584,0.15130538182513856
29358.585,0.1513058560407978
29358.586,0.15130633534765803
29358.587,0.15130681943600077
29358.588,0.15130730874063342
29358.589,0.1513078029551166
29358.59,0.15130830273678397
29358.591,0.15130880839196922
29358.592,0.15130931964804398
29358.593,0.15130983652114435
29358.594,0.15131035928672928
29358.595,0.15131088756400296
29358.596,0.15131142075583215
29358.597,0.15131195843012119
29358.598,0.15131250074630484
29358.599,0.15131304818314498
29358.6,0.15131360045615977
29358.601,0.15131415770719764
29358.602,0.1513147200383032
29358.603,0.15131528710577058
29358.604,0.15131585903814476
29358.605,0.15131643547931797
29358.606,0.15131701660153674
29358.607,0.15131760283866016
29358.608,0.15131819423820822
29358.609,0.15131879089971972
29358.61,0.15131939277606557
29358.611,0.15131999976618085
29358.612,0.15132061096054322
29358.613,0.15132122625038552
29358.614,0.1513218454447375
29358.615,0.15132246854559436
29358.616,0.15132309537318409
29358.617,0.1513237266015886
29358.618,0.1513243616349324
29358.619,0.15132500098917337
29358.62,0.15132564458733794
29358.621,0.15132629178546936
29358.622,0.15132694321665385
29358.623,0.1513275984998711
29358.624,0.15132825785015028
29358.625,0.15132892146576943
29358.626,0.15132958885674774
29358.627,0.15133026007680797
29358.628,0.15133093547961876
29358.629,0.15133161415092108
29358.63,0.1513322959828339
29358.631,0.15133298084504032
29358.632,0.15133366888961405
29358.633,0.15133436004911582
29358.634,0.15133505451970386
29358.635,0.15133575252392922
29358.636,0.1513364541872026
29358.637,0.15133715963285463
29358.638,0.15133786834637802
29358.639,0.15133858029959033
29358.64,0.1513392954671122
29358.641,0.1513400144417474
29358.642,0.1513407370176745
29358.643,0.1513414629736039
29358.644,0.15134219244581928
29358.645,0.15134292527405158
29358.646,0.1513436613549131
29358.647,0.1513443999697763
29358.648,0.15134514111640693
29358.649,0.15134588529519882
29358.65,0.15134663213953709
29358.651,0.15134738233805214
29358.652,0.151348135356727
29358.653,0.15134889155544812
29358.654,0.1513496507798888
29358.655,0.15135041276070835
29358.656,0.15135117764486714
29358.657,0.15135194533619495
29358.658,0.15135271643420886
29358.659,0.15135349050977304
29358.66,0.15135426777471644
29358.661,0.151355048276571
29358.662,0.15135583105567446
29358.663,0.151356616390618
29358.664,0.15135740373474996
29358.665,0.15135819323777897
29358.666,0.15135898493240654
29358.667,0.15135977929284736
29358.668,0.15136057597652966
29358.669,0.15136137505566527
29358.67,0.15136217662137494
29358.671,0.1513629800361101
29358.672,0.1513637857198655
29358.673,0.1513645938052941
29358.674,0.15136540443504967
29358.675,0.15136621755677093
29358.676,0.15136703331562956
29358.677,0.15136785104881895
29358.678,0.1513686708304332
29358.679,0.15136949232735447
29358.68,0.15137031515102517
29358.681,0.15137113922152864
29358.682,0.15137196459292415
29358.683,0.1513727910536852
29358.684,0.15137361891389045
29358.685,0.15137444776926592
29358.686,0.15137527734117684
29358.687,0.15137610781567515
29358.688,0.1513769390541537
29358.689,0.15137777094435403
29358.69,0.15137860363911543
29358.691,0.15137943724619266
29358.692,0.15138027206402535
29358.693,0.1513811078672347
29358.694,0.15138194454344456
29358.695,0.15138278154902596
29358.696,0.15138361856840868
29358.697,0.15138445492364885
29358.698,0.15138529068040105
29358.699,0.15138612640966845
29358.7,0.15138696169089458
29358.701,0.15138779678018544
29358.702,0.15138863149276724
29358.703,0.15138946584594948
29358.704,0.15139030004407322
29358.705,0.1513911336971175
29358.706,0.15139196682541153
29358.707,0.15139279975029143
29358.708,0.15139363306824405
29358.709,0.15139446634159268
29358.71,0.15139529957465533
29358.711,0.15139613279965863
29358.712,0.15139696559907878
29358.713,0.15139779782656043
29358.714,0.15139862925886444
29358.715,0.15139946048199726
29358.716,0.15140029148150344
29358.717,0.1514011229243393
29358.718,0.15140195468031728
29358.719,0.15140278688256106
29358.72,0.15140361960011803
29358.721,0.15140445245651493
29358.722,0.15140528650628368
29358.723,0.1514061213717105
29358.724,0.15140695782040714
29358.725,0.15140779639773488
29358.726,0.1514086373193259
29358.727,0.1514094808173392
29358.728,0.15141032684771819
29358.729,0.15141117481932176
29358.73,0.15141202488432978
29358.731,0.15141287759709313
29358.732,0.1514137331935393
29358.733,0.1514145916749578
29358.734,0.1514154534802631
29358.735,0.15141631879166706
29358.736,0.15141718775650995
29358.737,0.1514180604599379
29358.738,0.15141893675211926
29358.739,0.1514198172155606
29358.74,0.15142070215979272
29358.741,0.15142159237302172
29358.742,0.1514224875021977
29358.743,0.15142338808790243
29358.744,0.15142429366842722
29358.745,0.1514252040201604
29358.746,0.15142611915207174
29358.747,0.15142703837950752
29358.748,0.15142796225203076
29358.749,0.15142889118108602
29358.75,0.1514298248292546
29358.751,0.1514307636537576
29358.752,0.15143170723113575
29358.753,0.15143265585058308
29358.754,0.15143360953359852
29358.755,0.1514345680702933
29358.756,0.15143553147738853
29358.757,0.1514364996420942
29358.758,0.15143747334552432
29358.759,0.15143845229782055
29358.76,0.1514394366408528
29358.761,0.15144042616375378
29358.762,0.15144141945325543
29358.763,0.1514424166659186
29358.764,0.1514434173727443
29358.765,0.15144442183851423
29358.766,0.1514454299985866
29358.767,0.1514464418294151
29358.768,0.1514474569373832
29358.769,0.1514484753575411
29358.77,0.15144949696670681
29358.771,0.1514505212456474
29358.772,0.15145154867543034
29358.773,0.15145257899707476
29358.774,0.1514536122033929
29358.775,0.15145464836828923
29358.776,0.15145568748481994
29358.777,0.15145672928657397
29358.778,0.15145777360539678
29358.779,0.15145881978642375
29358.78,0.15145986711913045
29358.781,0.1514609157235155
29358.782,0.15146196584052168
29358.783,0.15146301719408567
29358.784,0.15146407025433106
29358.785,0.15146512447197363
29358.786,0.1514661798091264
29358.787,0.1514672361492403
29358.788,0.15146829333046166
29358.789,0.1514693514698343
29358.79,0.15147041055594215
29358.791,0.15147147109405332
29358.792,0.15147253298426208
29358.793,0.15147359595768434
29358.794,0.15147466026514497
29358.795,0.15147572556334327
29358.796,0.15147679128433128
29358.797,0.1514778565892332
29358.798,0.1514789221439773
29358.799,0.15147998819170017
29358.8,0.15148105455506208
29358.801,0.1514821212882435
29358.802,0.15148318834279895
29358.803,0.15148425547254327
29358.804,0.15148532333251105
29358.805,0.1514863915627777
29358.806,0.15148746034448055
29358.807,0.15148852996078602
29358.808,0.15148960097672867
29358.809,0.15149067338713226
29358.81,0.15149174733237455
29358.811,0.1514928224763447
29358.812,0.15149389816691108
29358.813,0.15149497461971773
29358.814,0.15149605162903795
29358.815,0.15149712946051874
29358.816,0.15149820784556195
29358.817,0.15149928694232112
29358.818,0.15150036676482231
29358.819,0.1515014474997697
29358.82,0.1515025293826322
29358.821,0.15150361219992825
29358.822,0.15150469656169369
29358.823,0.15150578210916507
29358.824,0.15150686940847105
29358.825,0.15150795900216177
29358.826,0.15150905054461922
29358.827,0.15151014407242844
29358.828,0.1515112395402259
29358.829,0.1515123363250362
29358.83,0.15151343426081135
29358.831,0.1515145336389117
29358.832,0.15151563410414248
29358.833,0.1515167360510697
29358.834,0.15151783959446177
29358.835,0.15151894485694412
29358.836,0.15152005158988618
29358.837,0.1515211595911957
29358.838,0.15152226876854638
29358.839,0.15152337924258988
29358.84,0.15152449158951298
29358.841,0.1515256060893171
29358.842,0.15152672262616998
29358.843,0.15152784120393883
29358.844,0.15152896157664372
29358.845,0.1515300836712769
29358.846,0.1515312071251148
29358.847,0.15153233123863905
29358.848,0.15153345602514487
29358.849,0.15153458187286298
29358.85,0.15153570871887082
29358.851,0.15153683662255268
29358.852,0.15153796557823382
29358.853,0.15153909571916438
29358.854,0.15154022685033222
29358.855,0.15154135824847584
29358.856,0.1515424900820285
29358.857,0.1515436227888516
29358.858,0.15154475665469655
29358.859,0.15154589147841724
29358.86,0.151547027159182
29358.861,0.1515481633993425
29358.862,0.15154929960794378
29358.863,0.151550435972134
29358.864,0.15155157216046242
29358.865,0.15155270809621574
29358.866,0.15155384358784643
29358.867,0.15155497888834382
29358.868,0.15155611363919896
29358.869,0.15155724797064468
29358.87,0.15155838140321157
29358.871,0.15155951381616073
29358.872,0.15156064548084894
29358.873,0.15156177614240718
29358.874,0.151562906272031
29358.875,0.1515640362782804
29358.876,0.1515651658208053
29358.877,0.15156629465092392
29358.878,0.15156742234668055
29358.879,0.15156854833891278
29358.88,0.15156967243383038
29358.881,0.15157079529792444
29358.882,0.15157191624542268
29358.883,0.1515730349141119
29358.884,0.15157415191711798
29358.885,0.1515752667386301
29358.886,0.15157637966933918
29358.887,0.1515774911488811
29358.888,0.15157860091970804
29358.889,0.1515797087058087
29358.89,0.15158081415410934
29358.891,0.151581918054686
29358.892,0.1515830199593818
29358.893,0.15158412005760363
29358.894,0.15158521846638562
29358.895,0.1515863146447487
29358.896,0.15158740814246163
29358.897,0.15158849875889974
29358.898,0.15158958713092358
29358.899,0.1515906730314449
29358.9,0.15159175664727034
29358.901,0.15159283795997075
29358.902,0.15159391667561908
29358.903,0.1515949930735796
29358.904,0.15159606752804797
29358.905,0.15159713926519625
29358.906,0.15159820863626383
29358.907,0.15159927589556654
29358.908,0.15160034159249905
29358.909,0.15160140551542828
29358.91,0.15160246720949344
29358.911,0.15160352699595747
29358.912,0.15160458429960466
29358.913,0.15160563935966145
29358.914,0.15160669134873372
29358.915,0.15160774068384641
29358.916,0.15160878767868938
29358.917,0.15160983273085302
29358.918,0.15161087574489704
29358.919,0.15161191652642095
29358.92,0.15161295504066183
29358.921,0.15161399138322726
29358.922,0.1516150255998468
29358.923,0.1516160578145361
29358.924,0.1516170883655961
29358.925,0.15161811731416294
29358.926,0.15161914462807094
29358.927,0.15162017050144436
29358.928,0.1516211945325934
29358.929,0.15162221613817256
29358.93,0.15162323559469096
29358.931,0.15162425284242723
29358.932,0.15162526776335936
29358.933,0.15162628088831231
29358.934,0.15162729212948226
29358.935,0.15162830144472933
29358.936,0.1516293087458088
29358.937,0.1516303144939381
29358.938,0.1516313188703802
29358.939,0.15163232128093806
29358.94,0.15163332205906288
29358.941,0.1516343216045284
29358.942,0.15163532021608803
29358.943,0.1516363177070742
29358.944,0.15163731443940515
29358.945,0.15163831009004544
29358.946,0.15163930459394334
29358.947,0.1516402975883179
29358.948,0.1516412895184597
29358.949,0.15164228096966506
29358.95,0.15164327167395053
29358.951,0.15164426177742213
29358.952,0.1516452513656051
29358.953,0.15164624058031087
29358.954,0.15164722986132922
29358.955,0.1516482190206066
29358.956,0.15164920833790096
29358.957,0.15165019837104707
29358.958,0.1516511893326541
29358.959,0.15165218168249348
29358.96,0.15165317560742805
29358.961,0.15165417107339443
29358.962,0.15165516773533913
29358.963,0.15165616525636977
29358.964,0.15165716377989213
29358.965,0.15165816392304635
29358.966,0.15165916614207497
29358.967,0.15166017044475694
29358.968,0.15166117709451807
29358.969,0.15166218646009688
29358.97,0.15166319840556006
29358.971,0.15166421338579394
29358.972,0.15166523172152446
29358.973,0.15166625360878605
29358.974,0.1516672794390912
29358.975,0.1516683093211788
29358.976,0.1516693434530598
29358.977,0.15167038176172445
29358.978,0.15167142447944898
29358.979,0.15167247112595192
29358.98,0.1516735217884087
29358.981,0.15167457611016702
29358.982,0.1516756340119395
29358.983,0.15167669640266437
29358.984,0.15167776314657497
29358.985,0.1516788340743869
29358.986,0.15167990951755028
29358.987,0.15168098900905133
29358.988,0.1516820720877754
29358.989,0.15168315918775174
29358.99,0.15168425032559574
29358.991,0.15168534637712253
29358.992,0.15168644709112356
29358.993,0.15168755267498263
29358.994,0.15168866252262062
29358.995,0.15168977620333612
29358.996,0.1516908932295773
29358.997,0.15169201337892413
29358.998,0.1516931363760925
29358.999,0.15169426249448414
29359.0,0.15169539160081397
29359.001,0.15169652340277834
29359.002,0.15169765774546376
29359.003,0.15169879509101536
29359.004,0.15169993522877648
29359.005,0.15170107749283013
29359.006,0.15170222211891687
29359.007,0.15170336899283238
29359.008,0.15170451818984748
29359.009,0.1517056695343907
29359.01,0.1517068228676449
29359.011,0.15170797832931007
29359.012,0.15170913491732255
29359.013,0.15171029264029487
29359.014,0.1517114505847317
29359.015,0.1517126090938944
29359.016,0.15171376829242353
29359.017,0.15171492792769048
29359.018,0.15171608787619006
29359.019,0.15171724826340618
29359.02,0.15171840908037926
29359.021,0.15171956973418474
29359.022,0.1517207304028602
29359.023,0.1517218909534887
29359.024,0.15172305189276866
29359.025,0.15172421327680868
29359.026,0.15172537506885006
29359.027,0.1517265370867385
29359.028,0.15172769901828004
29359.029,0.15172886034071706
29359.03,0.15173002095154814
29359.031,0.15173118055496856
29359.032,0.1517323394750749
29359.033,0.15173349786325546
29359.034,0.15173465538535325
29359.035,0.15173581206472
29359.036,0.15173696822043484
29359.037,0.15173812362358768
29359.038,0.1517392780174903
29359.039,0.15174043158824482
29359.04,0.15174158520274098
29359.041,0.15174273972469493
29359.042,0.1517438944921618
29359.043,0.15174504940817035
29359.044,0.15174620462150007
29359.045,0.15174735936499578
29359.046,0.15174851348592716
29359.047,0.1517496666782257
29359.048,0.15175081927868095
29359.049,0.1517519715832667
29359.05,0.1517531232167137
29359.051,0.15175427455425208
29359.052,0.15175542561163816
29359.053,0.15175657687154515
29359.054,0.1517577283030709
29359.055,0.15175887911068575
29359.056,0.1517600298680389
29359.057,0.15176118125651403
29359.058,0.15176233358557595
29359.059,0.15176348703848752
29359.06,0.15176464128148817
29359.061,0.15176579619362604
29359.062,0.15176695152643874
29359.063,0.15176810713573213
29359.064,0.1517692636127131
29359.065,0.15177042105180658
29359.066,0.1517715791364009
29359.067,0.15177273779778921
29359.068,0.15177389812089828
29359.069,0.15177505939535513
29359.07,0.15177622193557083
29359.071,0.15177738562177734
29359.072,0.15177855074948773
29359.073,0.15177971739363594
29359.074,0.15178088549221452
29359.075,0.15178205535807898
29359.076,0.15178322736412125
29359.077,0.15178440140475488
29359.078,0.1517855775178758
29359.079,0.15178675526667837
29359.08,0.15178793512619132
29359.081,0.1517891165561932
29359.082,0.15179029979893244
29359.083,0.15179148480961077
29359.084,0.15179267125947488
29359.085,0.15179385987051708
29359.086,0.15179505034362376
29359.087,0.15179624281486997
29359.088,0.15179743799278486
29359.089,0.15179863548345024
29359.09,0.1517998353306892
29359.091,0.15180103787501273
29359.092,0.15180224296661307
29359.093,0.15180345094667852
29359.094,0.1518046615072205
29359.095,0.1518058747239621
29359.096,0.15180709006759144
29359.097,0.15180830735999462
29359.098,0.15180952679074575
29359.099,0.15181074830614985
29359.1,0.1518119715267904
29359.101,0.15181319677498356
29359.102,0.15181442386290137
29359.103,0.15181565322209745
29359.104,0.15181688460452178
29359.105,0.15181811751195065
29359.106,0.151819352245356
29359.107,0.15182058878043575
29359.108,0.15182182729918817
29359.109,0.15182306788806477
29359.11,0.15182431052790515
29359.111,0.15182555510293622
29359.112,0.15182680060369536
29359.113,0.15182804651782614
29359.114,0.15182929270795073
29359.115,0.15183053932715587
29359.116,0.1518317863278258
29359.117,0.15183303333346623
29359.118,0.15183428014955683
29359.119,0.15183552658832683
29359.12,0.1518367726934151
29359.121,0.1518380181202823
29359.122,0.1518392632048329
29359.123,0.15184050753231335
29359.124,0.15184175123324073
29359.125,0.15184299407763158
29359.126,0.15184423598070232
29359.127,0.1518454766901541
29359.128,0.151846715915438
29359.129,0.1518479527469139
29359.13,0.15184918684243406
29359.131,0.15185041792752021
29359.132,0.15185164616562108
29359.133,0.15185287114965448
29359.134,0.15185409283674356
29359.135,0.15185531089676518
29359.136,0.1518565253998531
29359.137,0.15185773606726194
29359.138,0.1518589431039521
29359.139,0.15186014603621875
29359.14,0.1518613446245291
29359.141,0.1518625389173815
29359.142,0.15186372847764756
29359.143,0.1518649133930012
29359.144,0.1518660934433863
29359.145,0.15186726819186233
29359.146,0.1518684371756687
29359.147,0.15186959998811744
29359.148,0.15187075647341783
29359.149,0.15187190702889017
29359.15,0.15187305139336663
29359.151,0.15187418984904236
29359.152,0.15187532223122904
29359.153,0.1518764482849229
29359.154,0.15187756786724266
29359.155,0.15187868085425452
29359.156,0.15187978773892372
29359.157,0.15188088878450684
29359.158,0.15188198404289255
29359.159,0.15188307364488768
29359.16,0.15188415766433364
29359.161,0.15188523620053898
29359.162,0.1518863087754797
29359.163,0.15188737519742684
29359.164,0.15188843542771524
29359.165,0.1518894895270149
29359.166,0.15189053738874886
29359.167,0.15189157943491655
29359.168,0.15189261595609263
29359.169,0.1518936468015602
29359.17,0.15189467258434894
29359.171,0.1518956929200656
29359.172,0.15189670830965146
29359.173,0.1518977188910748
29359.174,0.15189872521716616
29359.175,0.1518997282886973
29359.176,0.1519007278308729
29359.177,0.15190172374671101
29359.178,0.15190271630507265
29359.179,0.15190370508015644
29359.18,0.15190468994901646
29359.181,0.1519056705318722
29359.182,0.1519066477030973
29359.183,0.15190762187437368
29359.184,0.1519085930586271
29359.185,0.15190956181103518
29359.186,0.15191052800612584
29359.187,0.15191149204863738
29359.188,0.1519124538508228
29359.189,0.1519134130328872
29359.19,0.15191437038118188
29359.191,0.15191532649578993
29359.192,0.15191628173047292
29359.193,0.15191723637530818
29359.194,0.15191818976625393
29359.195,0.15191914199177062
29359.196,0.15192009288332062
29359.197,0.15192104211031907
29359.198,0.1519219896907357
29359.199,0.1519229357822121
29359.2,0.15192388082123087
29359.201,0.15192482491465942
29359.202,0.15192576790687926
29359.203,0.15192670993065358
29359.204,0.15192765098202085
29359.205,0.15192859048006283
29359.206,0.15192952875568305
29359.207,0.15193046612022834
29359.208,0.15193140258164817
29359.209,0.1519323384498358
29359.21,0.15193327342668728
29359.211,0.1519342073753917
29359.212,0.15193513952338725
29359.213,0.15193606954976085
29359.214,0.15193699766865784
29359.215,0.15193792375404988
29359.216,0.1519388478111684
29359.217,0.15193977006081008
29359.218,0.15194069001265287
29359.219,0.15194160815588573
29359.22,0.15194252387025617
29359.221,0.15194343665393661
29359.222,0.15194434645422097
29359.223,0.1519452531674115
29359.224,0.15194615723897176
29359.225,0.15194705871826486
29359.226,0.1519479573087303
29359.227,0.15194885309353298
29359.228,0.15194974538594988
29359.229,0.15195063346235066
29359.23,0.15195151712161548
29359.231,0.15195239628002297
29359.232,0.15195327087359614
29359.233,0.15195414086333103
29359.234,0.15195500609422577
29359.235,0.1519558662806278
29359.236,0.15195672173117292
29359.237,0.15195757190497824
29359.238,0.15195841657264875
29359.239,0.15195925512448413
29359.24,0.1519600880364277
29359.241,0.15196091589504013
29359.242,0.15196173844391517
29359.243,0.15196255511154497
29359.244,0.1519633658438542
29359.245,0.15196417043425303
29359.246,0.15196496841734716
29359.247,0.1519657596363836
29359.248,0.15196654346280203
29359.249,0.15196732043611164
29359.25,0.15196808990606187
29359.251,0.1519688515898725
29359.252,0.15196960606979135
29359.253,0.15197035271379783
29359.254,0.15197109191136715
29359.255,0.151971823172152
29359.256,0.15197254652347114
29359.257,0.151973262125543
29359.258,0.15197397034671636
29359.259,0.1519746711231811
29359.26,0.15197536437112996
29359.261,0.15197604956085808
29359.262,0.1519767262930391
29359.263,0.15197739420725112
29359.264,0.15197805308762902
29359.265,0.15197870302461347
29359.266,0.15197934391258217
29359.267,0.15197997628934606
29359.268,0.15198059985810922
29359.269,0.15198121451879096
29359.27,0.1519818200525706
29359.271,0.15198241621112088
29359.272,0.1519830033965142
29359.273,0.1519835817002487
29359.274,0.15198415107102972
29359.275,0.15198471229264687
29359.276,0.15198526491405948
29359.277,0.15198580926032118
29359.278,0.1519863452059305
29359.279,0.15198687181829437
29359.28,0.1519873890805084
29359.281,0.1519878972993423
29359.282,0.15198839679952067
29359.283,0.15198888771868438
29359.284,0.15198937017744765
29359.285,0.15198984476627309
29359.286,0.15199031118750747
29359.287,0.15199076943090736
29359.288,0.15199121998452894
29359.289,0.15199166321287838
29359.29,0.15199209922379972
29359.291,0.15199252859244997
29359.292,0.1519929518496393
29359.293,0.15199336875736297
29359.294,0.15199377944459525
29359.295,0.15199418414544233
29359.296,0.1519945826304856
29359.297,0.151994974770604
29359.298,0.1519953613730662
29359.299,0.1519957429829079
29359.3,0.15199611979062438
29359.301,0.15199649230293627
29359.302,0.15199686068368276
29359.303,0.15199722516836364
29359.304,0.1519975865239499
29359.305,0.1519979443503886
29359.306,0.15199829942167686
29359.307,0.15199865243489213
29359.308,0.15199900395617355
29359.309,0.1519993544821633
29359.31,0.15199970373510005
29359.311,0.15200005211443515
29359.312,0.15200039930139833
29359.313,0.152000745327373
29359.314,0.15200109065179684
29359.315,0.15200143541955652
29359.316,0.15200177969119863
29359.317,0.15200212388992262
29359.318,0.15200246828289285
29359.319,0.15200281307235086
29359.32,0.15200315820533564
29359.321,0.15200350411625144
29359.322,0.1520038508007481
29359.323,0.15200419894157083
29359.324,0.1520045486183998
29359.325,0.1520049000909842
29359.326,0.15200525308295154
29359.327,0.15200560771898003
29359.328,0.15200596319490386
29359.329,0.152006319403642
29359.33,0.15200667625811934
29359.331,0.15200703356024775
29359.332,0.15200739119062454
29359.333,0.1520077494183868
29359.334,0.1520081076354656
29359.335,0.152008465704116
29359.336,0.1520088237472857
29359.337,0.1520091811560454
29359.338,0.15200953814815418
29359.339,0.15200989414718158
29359.34,0.15201024954434872
29359.341,0.1520106043228659
29359.342,0.15201095786353228
29359.343,0.152011309755639
29359.344,0.15201166031834784
29359.345,0.15201200883357185
29359.346,0.15201235478548603
29359.347,0.1520126973845658
29359.348,0.15201303672667674
29359.349,0.15201337342952057
29359.35,0.15201370676367773
29359.351,0.15201403691215332
29359.352,0.152014363632226
29359.353,0.15201468629624199
29359.354,0.15201500520303515
29359.355,0.15201531993406606
29359.356,0.1520156303760275
29359.357,0.1520159368600675
29359.358,0.15201623940087744
29359.359,0.15201653752983246
29359.36,0.15201683142320677
29359.361,0.15201712072174978
29359.362,0.15201740504261518
29359.363,0.15201768372071814
29359.364,0.15201795681168911
29359.365,0.1520182245481619
29359.366,0.15201848727718334
29359.367,0.15201874497411647
29359.368,0.1520189975548664
29359.369,0.15201924541700104
29359.37,0.15201948844256427
29359.371,0.1520197266882044
29359.372,0.15201996022615902
29359.373,0.1520201892201914
29359.374,0.15202041390378704
29359.375,0.1520206347204636
29359.376,0.15202085139082033
29359.377,0.1520210641889972
29359.378,0.1520212728641839
29359.379,0.15202147684483677
29359.38,0.15202167643985126
29359.381,0.15202187161211425
29359.382,0.1520220623730525
29359.383,0.15202224901330724
29359.384,0.1520224317109644
29359.385,0.1520226104374445
29359.386,0.1520227851711763
29359.387,0.15202295651813813
29359.388,0.1520231243747078
29359.389,0.15202328843212792
29359.39,0.1520234489435855
29359.391,0.1520236066713565
29359.392,0.15202376168079493
29359.393,0.15202391336056312
29359.394,0.15202406177437952
29359.395,0.15202420694114865
29359.396,0.1520243486418978
29359.397,0.15202448632766402
29359.398,0.15202462017771526
29359.399,0.15202475006861763
29359.4,0.15202487590296584
29359.401,0.15202499790672352
29359.402,0.15202511580924352
29359.403,0.15202522985171843
29359.404,0.1520253400602964
29359.405,0.15202544596681558
29359.406,0.15202554785246947
29359.407,0.1520256457855462
29359.408,0.15202574005500066
29359.409,0.1520258304774503
29359.41,0.15202591694616338
29359.411,0.1520259992913713
29359.412,0.15202607715091568
29359.413,0.1520261501224535
29359.414,0.15202621802317698
29359.415,0.15202628101283439
29359.416,0.15202633907286064
29359.417,0.15202639246115754
29359.418,0.1520264407704818
29359.419,0.15202648394073184
29359.42,0.15202652251901475
29359.421,0.1520265559362431
29359.422,0.15202658452958628
29359.423,0.1520266085441841
29359.424,0.15202662739717132
29359.425,0.15202664177855446
29359.426,0.1520266511500746
29359.427,0.15202665612630975
29359.428,0.15202665655640474
29359.429,0.15202665188200018
29359.43,0.15202664181515824
29359.431,0.15202662603951544
29359.432,0.15202660522755398
29359.433,0.15202657946795606
29359.434,0.15202654896991824
29359.435,0.15202651384879626
29359.436,0.15202647452054385
29359.437,0.1520264307125615
29359.438,0.15202638261631019
29359.439,0.15202632992571274
29359.44,0.1520262734515314
29359.441,0.15202621317697879
29359.442,0.1520261494594028
29359.443,0.1520260825388239
29359.444,0.15202601244184297
29359.445,0.15202593873140208
29359.446,0.15202586142523408
29359.447,0.15202577994751668
29359.448,0.15202569499329954
29359.449,0.15202560655346017
29359.45,0.15202551479380166
29359.451,0.152025419969624
29359.452,0.15202532225069715
29359.453,0.15202522173748167
29359.454,0.15202511843493177
29359.455,0.15202501298655238
29359.456,0.15202490550473896
29359.457,0.15202479646846948
29359.458,0.15202468605308084
29359.459,0.15202457421080592
29359.46,0.15202446111956128
29359.461,0.1520243466577942
29359.462,0.15202423042664626
29359.463,0.1520241125309998
29359.464,0.15202399309802322
29359.465,0.15202387238405984
29359.466,0.15202375023220582
29359.467,0.15202362643439946
29359.468,0.15202350156787087
29359.469,0.15202337572230995
29359.47,0.15202324869295597
29359.471,0.15202312069905558
29359.472,0.15202299197359959
29359.473,0.15202286265974047
29359.474,0.15202273312596337
29359.475,0.15202260345901877
29359.476,0.15202247380879633
29359.477,0.1520223439723844
29359.478,0.15202221361565715
29359.479,0.1520220825770201
29359.48,0.15202195064974455
29359.481,0.15202181791578112
29359.482,0.1520216846072315
29359.483,0.15202155124533384
29359.484,0.15202141793411164
29359.485,0.15202128421580643
29359.486,0.15202115022437673
29359.487,0.1520210165014564
29359.488,0.15202088250105833
29359.489,0.15202074874624782
29359.49,0.15202061538035944
29359.491,0.1520204824793121
29359.492,0.152020350424495
29359.493,0.15202021879263414
29359.494,0.15202008790502686
29359.495,0.1520199579788428
29359.496,0.1520198284597575
29359.497,0.15201969901942988
29359.498,0.1520195700469935
29359.499,0.15201944216310187
29359.5,0.15201931549281555
29359.501,0.15201919020822113
29359.502,0.1520190660330531
29359.503,0.15201894352199077
29359.504,0.15201882289490953
29359.505,0.15201870396452397
29359.506,0.15201858707464092
29359.507,0.15201847246605246
29359.508,0.15201836092410176
29359.509,0.15201825231401803
29359.51,0.15201814651781392
29359.511,0.15201804373610167
29359.512,0.15201794381598788
29359.513,0.1520178463654802
29359.514,0.15201775161980138
29359.515,0.15201766000507827
29359.516,0.1520175713600084
29359.517,0.15201748645913993
29359.518,0.15201740516808354
29359.519,0.15201732802241333
29359.52,0.152017255057404
29359.521,0.1520171859957889
29359.522,0.15201712114696694
29359.523,0.15201706026696526
29359.524,0.15201700372380716
29359.525,0.1520169521856955
29359.526,0.1520169055645062
29359.527,0.15201686407297194
29359.528,0.1520168271407982
29359.529,0.15201679445750874
29359.53,0.15201676581568035
29359.531,0.15201674110374597
29359.532,0.15201672058549784
29359.533,0.15201670413636362
29359.534,0.15201669190304354
29359.535,0.15201668364774457
29359.536,0.15201667953795842
29359.537,0.1520166793403847
29359.538,0.15201668307048805
29359.539,0.15201669060453157
29359.54,0.15201670211873294
29359.541,0.15201671777251818
29359.542,0.15201673769022536
29359.543,0.15201676158709268
29359.544,0.1520167893759943
29359.545,0.15201682101437905
29359.546,0.15201685592163167
29359.547,0.1520168935546599
29359.548,0.1520169339699552
29359.549,0.15201697739579295
29359.55,0.15201702404172387
29359.551,0.15201707376855522
29359.552,0.15201712671461906
29359.553,0.15201718275093412
29359.554,0.15201724231480773
29359.555,0.15201730533391283
29359.556,0.15201737131610701
29359.557,0.15201744040539544
29359.558,0.1520175132514398
29359.559,0.15201758994836023
29359.56,0.15201767068313043
29359.561,0.15201775544031723
29359.562,0.1520178436226412
29359.563,0.1520179352581956
29359.564,0.1520180302840323
29359.565,0.15201812890266306
29359.566,0.15201823161171038
29359.567,0.152018338984076
29359.568,0.15201845098431402
29359.569,0.1520185678589946
29359.57,0.15201868957871742
29359.571,0.15201881635307385
29359.572,0.15201894862334764
29359.573,0.15201908619637916
29359.574,0.15201922969936618
29359.575,0.15201937984220032
29359.576,0.15201953690014117
29359.577,0.15201970084655816
29359.578,0.1520198714334898
29359.579,0.15202004859607696
29359.58,0.1520202321931934
29359.581,0.15202042281923084
29359.582,0.15202062041038406
29359.583,0.15202082524717886
29359.584,0.15202103730515468
29359.585,0.15202125665815666
29359.586,0.15202148377711688
29359.587,0.1520217191500305
29359.588,0.15202196207682478
29359.589,0.1520222127875883
29359.59,0.15202247126689905
29359.591,0.15202273837005703
29359.592,0.15202301458803247
29359.593,0.152023299450223
29359.594,0.15202359286589992
29359.595,0.15202389447369907
29359.596,0.15202420374026168
29359.597,0.15202452004977776
29359.598,0.15202484362182228
29359.599,0.15202517497840107
29359.6,0.15202551323845662
29359.601,0.1520258583147351
29359.602,0.15202621031805488
29359.603,0.15202656931865172
29359.604,0.15202693535116277
29359.605,0.152027307556412
29359.606,0.15202768591755067
29359.607,0.15202807039379912
29359.608,0.15202846116991628
29359.609,0.1520288579190912
29359.61,0.1520292603867161
29359.611,0.15202966837868634
29359.612,0.15203008109275737
29359.613,0.15203049790342366
29359.614,0.15203091839579042
29359.615,0.15203134235489513
29359.616,0.15203176954418815
29359.617,0.15203219988992098
29359.618,0.1520326325237313
29359.619,0.1520330677620365
29359.62,0.1520335050090197
29359.621,0.15203394379066376
29359.622,0.15203438398033914
29359.623,0.15203482552066544
29359.624,0.15203526836336204
29359.625,0.15203571230525445
29359.626,0.15203615716897106
29359.627,0.15203660234010105
29359.628,0.15203704705485496
29359.629,0.15203749066505617
29359.63,0.15203793250092706
29359.631,0.15203837248896676
29359.632,0.15203881063384517
29359.633,0.15203924672413016
29359.634,0.15203968063841297
29359.635,0.15204011208224455
29359.636,0.15204054081696416
29359.637,0.1520409667872936
29359.638,0.1520413895247917
29359.639,0.1520418085512663
29359.64,0.1520422243489601
29359.641,0.1520426372115049
29359.642,0.1520430468106026
29359.643,0.15204345285409462
29359.644,0.15204385504234613
29359.645,0.1520442529824668
29359.646,0.15204464618153266
29359.647,0.15204503433471717
29359.648,0.1520454175407626
29359.649,0.1520457963492872
29359.65,0.1520461702973965
29359.651,0.15204653941188215
29359.652,0.1520469034500732
29359.653,0.15204726279883987
29359.654,0.15204761736256342
29359.655,0.15204796675478935
29359.656,0.1520483112427135
29359.657,0.15204865131844603
29359.658,0.15204898725464408
29359.659,0.15204931892879625
29359.66,0.1520496464457303
29359.661,0.15204996967597495
29359.662,0.15205028844954904
29359.663,0.15205060268276013
29359.664,0.15205091222267228
29359.665,0.15205121757278733
29359.666,0.15205151892202892
29359.667,0.15205181655392302
29359.668,0.1520521102415937
29359.669,0.15205240106728887
29359.67,0.15205268855918475
29359.671,0.15205297309771426
29359.672,0.15205325495293856
29359.673,0.1520535343043263
29359.674,0.1520538117568507
29359.675,0.15205408769813483
29359.676,0.15205436212660767
29359.677,0.15205463525730542
29359.678,0.15205490715693817
29359.679,0.15205517782624173
29359.68,0.15205544738420554
29359.681,0.15205571592632572
29359.682,0.1520559836640341
29359.683,0.15205625110536206
29359.684,0.15205651861259706
29359.685,0.1520567863455574
29359.686,0.15205705465000235
29359.687,0.15205732365830243
29359.688,0.1520575933753508
29359.689,0.15205786425068185
29359.69,0.15205813675363195
29359.691,0.1520584115361891
29359.692,0.1520586884545689
29359.693,0.15205896725566534
29359.694,0.152059248178238
29359.695,0.152059531479401
29359.696,0.15205981719319148
29359.697,0.1520601048811435
29359.698,0.15206039510102587
29359.699,0.1520606880026802
29359.7,0.15206098348353062
29359.701,0.15206128220488752
29359.702,0.15206158442964496
29359.703,0.15206189020006028
29359.704,0.15206219975492255
29359.705,0.15206251268488907
29359.706,0.15206282947826813
29359.707,0.15206315076906
29359.708,0.15206347672975243
29359.709,0.15206380746750303
29359.71,0.15206414284409048
29359.711,0.1520644829570785
29359.712,0.15206482724152284
29359.713,0.1520651754204858
29359.714,0.15206552772692347
29359.715,0.15206588430697962
29359.716,0.15206624533975271
29359.717,0.15206661116780787
29359.718,0.15206698187834528
29359.719,0.1520673577284636
29359.72,0.15206773802021817
29359.721,0.15206812359454386
29359.722,0.15206851420351
29359.723,0.15206890993250377
29359.724,0.15206931162268247
29359.725,0.15206971913268394
29359.726,0.15207013256881197
29359.727,0.15207055172621803
29359.728,0.15207097661602387
29359.729,0.15207140686895443
29359.73,0.15207184236168123
29359.731,0.1520722831494907
29359.732,0.1520727294640515
29359.733,0.15207318169641065
29359.734,0.15207363991601588
29359.735,0.1520741040163021
29359.736,0.15207457399564311
29359.737,0.15207504993487403
29359.738,0.15207553153614142
29359.739,0.15207601911324356
29359.74,0.15207651312061685
29359.741,0.15207701352195027
29359.742,0.15207752065427807
29359.743,0.1520780346362629
29359.744,0.15207855553021424
29359.745,0.15207908287147684
29359.746,0.152079616135958
29359.747,0.15208015513424097
29359.748,0.15208069983127048
29359.749,0.1520812505766503
29359.75,0.15208180734680898
29359.751,0.15208237030734392
29359.752,0.15208293922165178
29359.753,0.15208351454608093
29359.754,0.1520840958517873
29359.755,0.1520846831342227
29359.756,0.1520852766174603
29359.757,0.15208587633576146
29359.758,0.15208648234923755
29359.759,0.15208709482902996
29359.76,0.15208771356712983
29359.761,0.1520883380163007
29359.762,0.1520889677498383
29359.763,0.15208960235056215
29359.764,0.1520902417920746
29359.765,0.15209088610171217
29359.766,0.1520915349972307
29359.767,0.1520921885291709
29359.768,0.1520928462581755
29359.769,0.15209350838378802
29359.77,0.15209417438041054
29359.771,0.15209484425485667
29359.772,0.15209551761837356
29359.773,0.15209619451484152
29359.774,0.15209687471701594
29359.775,0.1520975584522427
29359.776,0.15209824554248103
29359.777,0.15209893539266878
29359.778,0.1520996275405337
29359.779,0.1521003211973975
29359.78,0.15210101598479026
29359.781,0.1521017113843587
29359.782,0.15210240730683797
29359.783,0.15210310359076396
29359.784,0.15210379998535548
29359.785,0.1521044960217643
29359.786,0.15210519172240247
29359.787,0.1521058866318046
29359.788,0.15210658072060534
29359.789,0.1521072732974382
29359.79,0.15210796425281312
29359.791,0.1521086538782327
29359.792,0.15210934168744872
29359.793,0.15211002734465545
29359.794,0.15211071092301678
29359.795,0.152111391732247
29359.796,0.1521120692262782
29359.797,0.15211274270194583
29359.798,0.15211341216659321
29359.799,0.1521140775713937
29359.8,0.15211473861133518
29359.801,0.15211539503314653
29359.802,0.1521160467725115
29359.803,0.15211669370356254
29359.804,0.15211733551217116
29359.805,0.1521179717991702
29359.806,0.15211860276878097
29359.807,0.1521192283817867
29359.808,0.15211984912240437
29359.809,0.15212046464491522
29359.81,0.15212107507010042
29359.811,0.15212168016505417
29359.812,0.15212227933360314
29359.813,0.15212287228621652
29359.814,0.15212345895662968
29359.815,0.1521240395296775
29359.816,0.15212461417336517
29359.817,0.1521251831703804
29359.818,0.15212574633012652
29359.819,0.15212630389262813
29359.82,0.15212685597686754
29359.821,0.1521274029933369
29359.822,0.1521279444167451
29359.823,0.1521284809690195
29359.824,0.15212901296999615
29359.825,0.1521295403931004
29359.826,0.1521300638360695
29359.827,0.1521305830787857
29359.828,0.15213109805635144
29359.829,0.1521316086205889
29359.83,0.15213211488479625
29359.831,0.1521326170206337
29359.832,0.1521331151132861
29359.833,0.1521336097257777
29359.834,0.15213410073999595
29359.835,0.15213458876626604
29359.836,0.1521350739461677
29359.837,0.1521355570386998
29359.838,0.15213603805763973
29359.839,0.15213651735676015
29359.84,0.15213699520750995
29359.841,0.15213747255028875
29359.842,0.15213794964503366
29359.843,0.15213842603793867
29359.844,0.15213890207369302
29359.845,0.1521393776375886
29359.846,0.15213985328339624
29359.847,0.1521403288709743
29359.848,0.15214080438720268
29359.849,0.1521412805393496
29359.85,0.1521417577257557
29359.851,0.1521422361871272
29359.852,0.15214271649120742
29359.853,0.15214319878821084
29359.854,0.15214368324781147
29359.855,0.15214416998095975
29359.856,0.152144659531102
29359.857,0.1521451522296661
29359.858,0.15214564837547687
29359.859,0.15214614810691512
29359.86,0.15214665151278375
29359.861,0.15214715854197952
29359.862,0.1521476693226208
29359.863,0.1521481838282848
29359.864,0.1521487020540655
29359.865,0.15214922412749401
29359.866,0.1521497505070325
29359.867,0.1521502811066336
29359.868,0.1521508162777816
29359.869,0.1521513562244527
29359.87,0.15215190129925504
29359.871,0.1521524515335992
29359.872,0.15215300686764596
29359.873,0.15215356775330358
29359.874,0.15215413406399167
29359.875,0.15215470626910255
29359.876,0.15215528413645338
29359.877,0.15215586779651968
29359.878,0.15215645708092032
29359.879,0.1521570516840085
29359.88,0.1521576513437612
29359.881,0.1521582558957804
29359.882,0.15215886521493427
29359.883,0.15215947980125846
29359.884,0.1521600993698012
29359.885,0.152160724153076
29359.886,0.15216135428680455
29359.887,0.15216198961578223
29359.888,0.15216263008473532
29359.889,0.1521632753867658
29359.89,0.15216392597753725
29359.891,0.15216458207079794
29359.892,0.15216524344412857
29359.893,0.1521659101521602
29359.894,0.15216658194764587
29359.895,0.1521672580762185
29359.896,0.1521679381987095
29359.897,0.15216862141729148
29359.898,0.15216930768043915
29359.899,0.15216999741776163
29359.9,0.15217069034696168
29359.901,0.1521713865573882
29359.902,0.15217208627661233
29359.903,0.1521727889965917
29359.904,0.15217349470557287
29359.905,0.15217420320831657
29359.906,0.15217491446678208
29359.907,0.1521756285021843
29359.908,0.15217634566589533
29359.909,0.15217706524759925
29359.91,0.15217778740966767
29359.911,0.15217851145663422
29359.912,0.15217923695177848
29359.913,0.15217996313993998
29359.914,0.15218069013439867
29359.915,0.15218141806129862
29359.916,0.1521821466308524
29359.917,0.1521828758180737
29359.918,0.15218360520225893
29359.919,0.15218433485338972
29359.92,0.15218506482518426
29359.921,0.15218579457623213
29359.922,0.15218652388941648
29359.923,0.1521872531904105
29359.924,0.1521879822401049
29359.925,0.15218871132236653
29359.926,0.1521894399427734
29359.927,0.1521901679847816
29359.928,0.1521908955678253
29359.929,0.15219162191367555
29359.93,0.15219234640867485
29359.931,0.15219306886540035
29359.932,0.15219378933603794
29359.933,0.15219450823435204
29359.934,0.1521952252660298
29359.935,0.15219594035578204
29359.936,0.15219665335337543
29359.937,0.15219736410032964
29359.938,0.1521980724092785
29359.939,0.15219877810401936
29359.94,0.15219948167841357
29359.941,0.15220018356124707
29359.942,0.15220088336713244
29359.943,0.1522015807787974
29359.944,0.15220227611735324
29359.945,0.15220296909191675
29359.946,0.1522036596401129
29359.947,0.1522043467260185
29359.948,0.1522050307815719
29359.949,0.15220571214205836
29359.95,0.15220639092395682
29359.951,0.15220706704718573
29359.952,0.15220774030950823
29359.953,0.1522084105104743
29359.954,0.15220907820371413
29359.955,0.15220974307883456
29359.956,0.15221040541201297
29359.957,0.1522110649991693
29359.958,0.152211722394453
29359.959,0.1522123780395774
29359.96,0.15221303193427366
29359.961,0.15221368375338803
29359.962,0.15221433313396646
29359.963,0.15221497976978376
29359.964,0.15221562357020077
29359.965,0.15221626455652038
29359.966,0.1522169032350323
29359.967,0.15221753993813392
29359.968,0.15221817477486937
29359.969,0.15221880788577652
29359.97,0.15221943926706208
29359.971,0.15222006874571994
29359.972,0.15222069600242413
29359.973,0.152221321297347
29359.974,0.15222194499655514
29359.975,0.1522225678265878
29359.976,0.15222318976096813
29359.977,0.15222381046418507
29359.978,0.15222442979788664
29359.979,0.15222504710334495
29359.98,0.15222566241671914
29359.981,0.15222627578079595
29359.982,0.15222688718700414
29359.983,0.15222749730431784
29359.984,0.15222810558293795
29359.985,0.152228712256984
29359.986,0.15222931713691332
29359.987,0.1522299204702238
29359.988,0.15223052188459488
29359.989,0.15223112171405392
29359.99,0.15223171985526313
29359.991,0.15223231661495812
29359.992,0.15223291205436293
29359.993,0.15223350598326438
29359.994,0.15223409825323872
29359.995,0.15223468854808445
29359.996,0.15223527674296577
29359.997,0.15223586213454715
29359.998,0.152236444759559
29359.999,0.1522370248325641
29360.0,0.15223760218497567
29360.001,0.152238176673983
29360.002,0.1522387482868546
29360.003,0.1522393167314774
29360.004,0.1522398819877886
29360.005,0.15224044355458793
29360.006,0.1522410013375423
29360.007,0.15224155571217549
29360.008,0.15224210657875997
29360.009,0.15224265385965624
29360.01,0.15224319723885912
29360.011,0.15224373634674876
29360.012,0.15224427073617305
29360.013,0.15224479957919249
29360.014,0.15224532300976396
29360.015,0.15224584074784825
29360.016,0.15224635275902726
29360.017,0.15224685894516135
29360.018,0.1522473592688055
29360.019,0.15224785337450747
29360.02,0.15224834154050484
29360.021,0.15224882272004225
29360.022,0.15224929745049956
29360.023,0.15224976578480526
29360.024,0.15225022734316848
29360.025,0.1522506825364088
29360.026,0.1522511309007903
29360.027,0.15225157241492734
29360.028,0.15225200675483067
29360.029,0.15225243309434106
29360.03,0.1522528512486104
29360.031,0.15225326095347116
29360.032,0.1522536623697159
29360.033,0.15225405570795464
29360.034,0.15225444086692527
29360.035,0.1522548178076416
29360.036,0.15225518675027094
29360.037,0.15225554754609288
29360.038,0.15225590056535873
29360.039,0.15225624502882207
29360.04,0.15225658158727137
29360.041,0.15225691060467242
29360.042,0.15225723261975224
29360.043,0.152257547544012
29360.044,0.1522578556282917
29360.045,0.152258156790185
29360.046,0.15225845077520722
29360.047,0.15225873701020345
29360.048,0.1522590160446497
29360.049,0.152259288141727
29360.05,0.1522595540108377
29360.051,0.15225981353067142
29360.052,0.15226006720619273
29360.053,0.15226031526594833
29360.054,0.15226055783173006
29360.055,0.15226079476765195
29360.056,0.1522610266840825
29360.057,0.15226125405744242
29360.058,0.15226147787221728
29360.059,0.15226169819705038
29360.06,0.15226191534967837
29360.061,0.1522621292112656
29360.062,0.1522623400491345
29360.063,0.152262547534806
29360.064,0.15226275193919586
29360.065,0.15226295365185302
29360.066,0.15226315314981978
29360.067,0.15226335048740441
29360.068,0.15226354579470963
29360.069,0.15226373908257
29360.07,0.1522639307567574
29360.071,0.15226412088147726
29360.072,0.1522643097226519
29360.073,0.1522644975205269
29360.074,0.1522646844272864
29360.075,0.15226487060748561
29360.076,0.1522650561965641
29360.077,0.1522652410972397
29360.078,0.1522654254358245
29360.079,0.15226560865840175
29360.08,0.15226579087945774
29360.081,0.15226597129251948
29360.082,0.15226615046866082
29360.083,0.15226632858550432
29360.084,0.1522665053054833
29360.085,0.1522666811312531
29360.086,0.15226685573952967
29360.087,0.15226702887063842
29360.088,0.15226720041283137
29360.089,0.15226736997185406
29360.09,0.1522675372976946
29360.091,0.15226770328724495
29360.092,0.1522678675400364
29360.093,0.15226802958286173
29360.094,0.15226818906398337
29360.095,0.1522683458691061
29360.096,0.15226849960218283
29360.097,0.1522686491719177
29360.098,0.15226879497363913
29360.099,0.15226893709508457
29360.1,0.15226907512392474
29360.101,0.15226920898762542
29360.102,0.15226933871178489
29360.103,0.15226946401505667
29360.104,0.1522695848828995
29360.105,0.1522697009099788
29360.106,0.15226981210087012
29360.107,0.1522699188908637
29360.108,0.15227002114916313
29360.109,0.15227011884854263
29360.11,0.1522702120352657
29360.111,0.15227030028830602
29360.112,0.15227038335791745
29360.113,0.15227046082032028
29360.114,0.15227053265000925
29360.115,0.15227059921602884
29360.116,0.15227066072811563
29360.117,0.15227071697664973
29360.118,0.1522707677292958
29360.119,0.15227081364822462
29360.12,0.15227085485657693
29360.121,0.1522708906684537
29360.122,0.15227092197435724
29360.123,0.15227094840184976
29360.124,0.15227097056651273
29360.125,0.15227098892759228
29360.126,0.152271003292853
29360.127,0.15227101380689245
29360.128,0.15227102058059572
29360.129,0.15227102295010142
29360.13,0.1522710209788834
29360.131,0.15227101486032305
29360.132,0.15227100501824395
29360.133,0.15227099190789045
29360.134,0.15227097564910969
29360.135,0.15227095662223789
29360.136,0.15227093525490468
29360.137,0.1522709116928192
29360.138,0.15227088590754784
29360.139,0.15227085780057778
29360.14,0.15227082856126106
29360.141,0.15227079847657085
29360.142,0.15227076763174985
29360.143,0.15227073586855389
29360.144,0.1522707034877562
29360.145,0.15227067023788662
29360.146,0.1522706358441006
29360.147,0.15227060001798126
29360.148,0.15227056306646225
29360.149,0.15227052560560292
29360.15,0.1522704876946515
29360.151,0.15227044965929645
29360.152,0.15227041162177643
29360.153,0.15227037377353664
29360.154,0.15227033639403156
29360.155,0.1522702995295307
29360.156,0.15227026338904082
29360.157,0.15227022841809773
29360.158,0.15227019526314975
29360.159,0.15227016359714557
29360.16,0.15227013363528819
29360.161,0.15227010462102322
29360.162,0.15227007680404916
29360.163,0.15227004973587643
29360.164,0.15227002371105958
29360.165,0.1522699987844288
29360.166,0.1522699753099523
29360.167,0.1522699533643278
29360.168,0.1522699330537217
29360.169,0.15226991431986703
29360.17,0.15226989783877357
29360.171,0.15226988304431127
29360.172,0.1522698697215277
29360.173,0.15226985797805698
29360.174,0.15226984857294548
29360.175,0.15226984196040955
29360.176,0.15226983787256695
29360.177,0.15226983612827488
29360.178,0.15226983641948127
29360.179,0.15226983818548154
29360.18,0.1522698412238211
29360.181,0.15226984529900126
29360.182,0.15226985110718017
29360.183,0.15226985826265688
29360.184,0.15226986684240526
29360.185,0.1522698767134556
29360.186,0.15226988769542418
29360.187,0.15226989961599005
29360.188,0.1522699122600884
29360.189,0.1522699252644668
29360.19,0.1522699390573963
29360.191,0.15226995402268026
29360.192,0.15226996969095033
29360.193,0.15226998557094173
29360.194,0.1522700015924199
29360.195,0.1522700173334275
29360.196,0.15227003187311514
29360.197,0.152270044304835
29360.198,0.1522700550357462
29360.199,0.152270063601522
29360.2,0.15227006998526782
29360.201,0.1522700740663447
29360.202,0.1522700754775587
29360.203,0.15227007392402717
29360.204,0.15227006910731697
29360.205,0.1522700601905704
29360.206,0.15227004742505706
29360.207,0.152270030578981
29360.208,0.15227000956460027
29360.209,0.15226998428268235
29360.21,0.1522699542860601
29360.211,0.15226991873638024
29360.212,0.15226987711102713
29360.213,0.1522698287722398
29360.214,0.1522697732843322
29360.215,0.1522697109649049
29360.216,0.1522696410913124
29360.217,0.15226956353408075
29360.218,0.1522694783094871
29360.219,0.1522693857661099
29360.22,0.15226928535421513
29360.221,0.15226917669929815
29360.222,0.15226906016882003
29360.223,0.15226893574934142
29360.224,0.15226880342878427
29360.225,0.15226866336541042
29360.226,0.15226851560048957
29360.227,0.15226836021900655
29360.228,0.15226819709497721
29360.229,0.15226802566292838
29360.23,0.15226784614864752
29360.231,0.15226765859164543
29360.232,0.15226746364830715
29360.233,0.1522672615162504
29360.234,0.15226705234232407
29360.235,0.1522668365648565
29360.236,0.15226661435945285
29360.237,0.1522663859790378
29360.238,0.15226615185727974
29360.239,0.15226591246530957
29360.24,0.1522656684679987
29360.241,0.1522654203440559
29360.242,0.1522651688845379
29360.243,0.15226491424434402
29360.244,0.15226465674931927
29360.245,0.15226439660180702
29360.246,0.15226413433769062
29360.247,0.15226386994383526
29360.248,0.1522636042737808
29360.249,0.15226333847312576
29360.25,0.15226307309857653
29360.251,0.1522628084746182
29360.252,0.15226254453682964
29360.253,0.1522622822651296
29360.254,0.15226202222929167
29360.255,0.15226176480007134
29360.256,0.15226151067377583
29360.257,0.1522612605181676
29360.258,0.15226101511471266
29360.259,0.15226077466782634
29360.26,0.1522605399489045
29360.261,0.15226031119080233
29360.262,0.15226008878505226
29360.263,0.1522598724140108
29360.264,0.15225966233960483
29360.265,0.1522594592817943
29360.266,0.1522592638837306
29360.267,0.15225907638722083
29360.268,0.15225889715553878
29360.269,0.15225872625699027
29360.27,0.1522585641340436
29360.271,0.1522584108213562
29360.272,0.1522582666303997
29360.273,0.15225813214263906
29360.274,0.1522580078457906
29360.275,0.15225789368382864
29360.276,0.15225778972942697
29360.277,0.15225769645381923
29360.278,0.1522576132190969
29360.279,0.1522575398369427
29360.28,0.1522574763441231
29360.281,0.1522574221690213
29360.282,0.15225737767170258
29360.283,0.15225734281507536
29360.284,0.15225731775205145
29360.285,0.15225730224952574
29360.286,0.15225729670127694
29360.287,0.1522573010056677
29360.288,0.15225731527444375
29360.289,0.15225733920395212
29360.29,0.15225737276589354
29360.291,0.1522574163655385
29360.292,0.15225746970287962
29360.293,0.1522575325261415
29360.294,0.1522576049947209
29360.295,0.1522576864859963
29360.296,0.15225777676357177
29360.297,0.15225787530147422
29360.298,0.15225798225196166
29360.299,0.15225809725435024
29360.3,0.1522582204284407
29360.301,0.15225835208898822
29360.302,0.1522584921133097
29360.303,0.1522586406063
29360.304,0.15225879737668827
29360.305,0.152258962383549
29360.306,0.15225913551114034
29360.307,0.15225931683720567
29360.308,0.15225950682660683
29360.309,0.15225970547918008
29360.31,0.15225991265619482
29360.311,0.15226012790195684
29360.312,0.15226035120536607
29360.313,0.152260582348446
29360.314,0.15226082131017893
29360.315,0.1522610679192231
29360.316,0.15226132237064346
29360.317,0.15226158506757959
29360.318,0.15226185576921825
29360.319,0.15226213441111203
29360.32,0.1522624211365923
29360.321,0.15226271550240042
29360.322,0.15226301813303808
29360.323,0.152263328706211
29360.324,0.1522636474603393
29360.325,0.15226397483403378
29360.326,0.1522643106060579
29360.327,0.15226465473922643
29360.328,0.15226500690898512
29360.329,0.15226536661182397
29360.33,0.15226573358328965
29360.331,0.1522661079146849
29360.332,0.15226648945669638
29360.333,0.15226687811569153
29360.334,0.15226727413519905
29360.335,0.15226767733264193
29360.336,0.15226808756051158
29360.337,0.1522685042127435
29360.338,0.15226892718379012
29360.339,0.15226935612283907
29360.34,0.15226979135514004
29360.341,0.15227023329178138
29360.342,0.1522706815384967
29360.343,0.15227113524783828
29360.344,0.15227159461956125
29360.345,0.1522720591380106
29360.346,0.15227252820053863
29360.347,0.1522730009204231
29360.348,0.15227347716151293
29360.349,0.15227395662294957
29360.35,0.15227443893943565
29360.351,0.1522749236641708
29360.352,0.15227541061396244
29360.353,0.15227590025513552
29360.354,0.15227639202272072
29360.355,0.15227688524105984
29360.356,0.15227737966424007
29360.357,0.15227787540738322
29360.358,0.15227837246855266
29360.359,0.1522788704671106
29360.36,0.1522793695205466
29360.361,0.1522798685549437
29360.362,0.1522803668094183
29360.363,0.15228086365195315
29360.364,0.15228135924593875
29360.365,0.15228185344177086
29360.366,0.15228234588945666
29360.367,0.15228283628761308
29360.368,0.1522833246061801
29360.369,0.15228381066673413
29360.37,0.15228429468735954
29360.371,0.1522847760920894
29360.372,0.15228525485598232
29360.373,0.15228573110785115
29360.374,0.15228620512331048
29360.375,0.15228667665846374
29360.376,0.15228714593789325
29360.377,0.15228761280869055
29360.378,0.15228807687224002
29360.379,0.15228853781322418
29360.38,0.15228899533074144
29360.381,0.15228944933008526
29360.382,0.1522899006061694
29360.383,0.15229034934073774
29360.384,0.15229079570406082
29360.385,0.15229123943147127
29360.386,0.15229168080652042
29360.387,0.15229211975983256
29360.388,0.15229255641671538
29360.389,0.15229299071893435
29360.39,0.15229342329829604
29360.391,0.15229385488873987
29360.392,0.15229428534512385
29360.393,0.15229471463059607
29360.394,0.15229514290207066
29360.395,0.15229557042730496
29360.396,0.15229599731683485
29360.397,0.15229642294250986
29360.398,0.15229684788926148
29360.399,0.15229727249544037
29360.4,0.15229769723286893
29360.401,0.1522981223489816
29360.402,0.15229854780108706
29360.403,0.15229897384899324
29360.404,0.15229940080842466
29360.405,0.1522998283608447
29360.406,0.15230025705156994
29360.407,0.15230068756027312
29360.408,0.15230112000519602
29360.409,0.15230155456370656
29360.41,0.15230199139464445
29360.411,0.15230243032991092
29360.412,0.152302871288601
29360.413,0.15230331389378363
29360.414,0.15230375814738237
29360.415,0.1523042041096552
29360.416,0.1523046522893839
29360.417,0.15230510305053627
29360.418,0.15230555605322615
29360.419,0.15230601170227276
29360.42,0.15230647023863983
29360.421,0.15230693113462962
29360.422,0.15230739505867574
29360.423,0.15230786168356406
29360.424,0.15230833170860775
29360.425,0.1523088054380555
29360.426,0.15230928261408774
29360.427,0.15230976297318033
29360.428,0.1523102465536977
29360.429,0.15231073286052074
29360.43,0.15231122176389306
29360.431,0.15231171288883055
29360.432,0.1523122063378072
29360.433,0.15231270237029468
29360.434,0.1523132010548616
29360.435,0.15231370235296662
29360.436,0.15231420649786512
29360.437,0.1523147130185727
29360.438,0.15231522220705868
29360.439,0.15231573392179606
29360.44,0.15231624823933895
29360.441,0.1523167651344297
29360.442,0.15231728438257797
29360.443,0.15231780576504472
29360.444,0.15231832944464105
29360.445,0.15231885497172828
29360.446,0.15231938142480142
29360.447,0.1523199086569473
29360.448,0.15232043640865048
29360.449,0.1523209644522277
29360.45,0.15232149299075395
29360.451,0.1523220220083956
29360.452,0.15232255131373532
29360.453,0.15232308117433002
29360.454,0.1523236111268029
29360.455,0.15232414065485678
29360.456,0.15232466955130125
29360.457,0.15232519787145335
29360.458,0.1523257256629134
29360.459,0.15232625278242012
29360.46,0.15232677891251592
29360.461,0.1523273029958308
29360.462,0.15232782505493578
29360.463,0.15232834446778387
29360.464,0.15232886140301657
29360.465,0.15232937535509677
29360.466,0.1523298860722891
29360.467,0.15233039348335042
29360.468,0.15233089759304808
29360.469,0.15233139791823533
29360.47,0.15233189453784537
29360.471,0.1523323868255184
29360.472,0.15233287499990553
29360.473,0.15233335881512589
29360.474,0.15233383861137773
29360.475,0.15233431430330038
29360.476,0.15233478583746052
29360.477,0.1523352526505095
29360.478,0.152335714641593
29360.479,0.15233617130123736
29360.48,0.15233662232151704
29360.481,0.15233706760104845
29360.482,0.15233750727288606
29360.483,0.15233794125380376
29360.484,0.15233836965450126
29360.485,0.15233879226783484
29360.486,0.152339209261013
29360.487,0.15233962079167596
29360.488,0.15234002674768138
29360.489,0.1523404269765672
29360.49,0.15234082182937697
29360.491,0.1523412115014607
29360.492,0.15234159634894745
29360.493,0.15234197612162645
29360.494,0.15234235112573546
29360.495,0.15234272084682848
29360.496,0.15234308493768517
29360.497,0.15234344296374389
29360.498,0.15234379553338456
29360.499,0.15234414300245305
29360.5,0.1523444854059565
29360.501,0.15234482279601358
29360.502,0.15234515516683983
29360.503,0.15234548266508435
29360.504,0.15234580550004773
29360.505,0.15234612359129118
29360.506,0.15234643719093463
29360.507,0.15234674645744264
29360.508,0.15234705176507746
29360.509,0.15234735371607866
29360.51,0.15234765205403925
29360.511,0.15234794657710582
29360.512,0.15234823699509134
29360.513,0.1523485231942685
29360.514,0.15234880492492142
29360.515,0.15234908271214695
29360.516,0.15234935660733187
29360.517,0.15234962709894131
29360.518,0.15234989390126388
29360.519,0.1523501573425319
29360.52,0.15235041749060277
29360.521,0.15235067418113196
29360.522,0.15235092783577778
29360.523,0.15235117832370984
29360.524,0.15235142624452772
29360.525,0.15235167179835343
29360.526,0.15235191474816479
29360.527,0.1523521553468681
29360.528,0.1523523938994205
29360.529,0.15235262990824575
29360.53,0.15235286303713408
29360.531,0.15235309331757738
29360.532,0.15235332147296704
29360.533,0.15235354740894302
29360.534,0.15235377137037737
29360.535,0.1523539934343467
29360.536,0.152354213563032
29360.537,0.15235443207486535
29360.538,0.152354649335994
29360.539,0.15235486523672043
29360.54,0.15235508023918806
29360.541,0.1523552949352067
29360.542,0.15235550956400043
29360.543,0.15235572399417877
29360.544,0.15235593860112373
29360.545,0.1523561534639829
29360.546,0.15235636818273549
29360.547,0.1523565829709547
29360.548,0.15235679808133634
29360.549,0.15235701447124678
29360.55,0.15235723248022795
29360.551,0.15235745212334165
29360.552,0.15235767322988172
29360.553,0.15235789621793905
29360.554,0.15235812159714568
29360.555,0.1523583490494922
29360.556,0.15235857941895525
29360.557,0.15235881324985165
29360.558,0.15235905113857892
29360.559,0.15235929287602953
29360.56,0.15235953901098656
29360.561,0.15235978928659863
29360.562,0.15236004421090552
29360.563,0.15236030334510312
29360.564,0.15236056694583933
29360.565,0.15236083536253217
29360.566,0.1523611086598527
29360.567,0.15236138766268809
29360.568,0.152361672376972
29360.569,0.152361963001963
29360.57,0.15236225992859379
29360.571,0.15236256298218986
29360.572,0.15236287270891188
29360.573,0.15236318895371312
29360.574,0.15236351234657522
29360.575,0.15236384284244248
29360.576,0.15236418077617023
29360.577,0.15236452620476515
29360.578,0.15236487920024472
29360.579,0.15236523911008873
29360.58,0.15236560594740786
29360.581,0.15236597966435136
29360.582,0.1523663607751685
29360.583,0.15236674921438512
29360.584,0.15236714521849729
29360.585,0.1523675484231324
29360.586,0.1523679589153164
29360.587,0.15236837687644145
29360.588,0.1523688021026291
29360.589,0.1523692344423179
29360.59,0.15236967403169757
29360.591,0.15237012132043012
29360.592,0.15237057658802836
29360.593,0.15237103902609117
29360.594,0.15237150876727423
29360.595,0.1523719854820595
29360.596,0.15237246916367111
29360.597,0.15237295887724872
29360.598,0.15237345468514235
29360.599,0.15237395688168803
29360.6,0.15237446474586794
29360.601,0.15237497842863001
29360.602,0.15237549809201
29360.603,0.15237602356020344
29360.604,0.15237655507830986
29360.605,0.15237709176736994
29360.606,0.15237763342368657
29360.607,0.15237818035446496
29360.608,0.15237873276119604
29360.609,0.15237929025596209
29360.61,0.15237985234566542
29360.611,0.1523804187465512
29360.612,0.152380988956121
29360.613,0.1523815624821342
29360.614,0.15238213964082792
29360.615,0.15238272015656268
29360.616,0.1523833037632602
29360.617,0.15238389029627897
29360.618,0.15238447938370603
29360.619,0.152385070893876
29360.62,0.15238566462676678
29360.621,0.15238625997688912
29360.622,0.15238685714456185
29360.623,0.1523874559716463
29360.624,0.15238805641891995
29360.625,0.15238865839051519
29360.626,0.15238926127245447
29360.627,0.1523898649256438
29360.628,0.15239046920689076
29360.629,0.15239107311532232
29360.63,0.15239167597684533
29360.631,0.15239227796048763
29360.632,0.15239287915460303
29360.633,0.15239347944057685
29360.634,0.1523940787564903
29360.635,0.15239467692648584
29360.636,0.15239527354017676
29360.637,0.15239586884603756
29360.638,0.15239646205108257
29360.639,0.1523970529973105
29360.64,0.15239764188121907
29360.641,0.1523982287006455
29360.642,0.15239881341055883
29360.643,0.15239939562509805
29360.644,0.1523999752983056
29360.645,0.15240055205050798
29360.646,0.15240112549048698
29360.647,0.15240169499153447
29360.648,0.15240226075854188
29360.649,0.15240282244223755
29360.65,0.15240338004059029
29360.651,0.1524039339023713
29360.652,0.15240448359685432
29360.653,0.1524050297304112
29360.654,0.1524055721231328
29360.655,0.15240610963900816
29360.656,0.15240664303128054
29360.657,0.1524071718791703
29360.658,0.15240769679301616
29360.659,0.15240821766162024
29360.66,0.15240873468631772
29360.661,0.15240924717991003
29360.662,0.15240975540960774
29360.663,0.1524102584372048
29360.664,0.15241075610321428
29360.665,0.1524112488329948
29360.666,0.15241173623922755
29360.667,0.15241221891418005
29360.668,0.1524126964137428
29360.669,0.15241316902743507
29360.67,0.15241363666700256
29360.671,0.15241409907530443
29360.672,0.15241455614604296
29360.673,0.15241500796050772
29360.674,0.1524154549598217
29360.675,0.1524158973348487
29360.676,0.15241633495489912
29360.677,0.15241676745047206
29360.678,0.15241719441309012
29360.679,0.15241761539637977
29360.68,0.15241803029092799
29360.681,0.15241843896178142
29360.682,0.152418841654083
29360.683,0.15241923781546257
29360.684,0.15241962780775717
29360.685,0.15242001124115825
29360.686,0.152420388183257
29360.687,0.15242075856206475
29360.688,0.15242112248943718
29360.689,0.1524214797288254
29360.69,0.15242183046786656
29360.691,0.1524221747861555
29360.692,0.1524225124888703
29360.693,0.152422843142217
29360.694,0.15242316705673462
29360.695,0.15242348390726454
29360.696,0.15242379308263473
29360.697,0.15242409391444645
29360.698,0.15242438675913456
29360.699,0.15242467172839486
29360.7,0.1524249484436397
29360.701,0.15242521735057213
29360.702,0.15242547847808124
29360.703,0.1524257313621771
29360.704,0.15242597623834206
29360.705,0.15242621245887436
29360.706,0.1524264404179391
29360.707,0.15242666060569374
29360.708,0.15242687327932422
29360.709,0.152427078313784
29360.71,0.15242727575329987
29360.711,0.1524274653956111
29360.712,0.15242764713954352
29360.713,0.15242782055509888
29360.714,0.15242798602527816
29360.715,0.152428143256773
29360.716,0.15242829259039695
29360.717,0.1524284342768955
29360.718,0.15242856878384603
29360.719,0.1524286962079761
29360.72,0.15242881665618468
29360.721,0.15242893011373237
29360.722,0.15242903734779054
29360.723,0.15242913824702833
29360.724,0.15242923330675953
29360.725,0.15242932308801763
29360.726,0.1524294077207816
29360.727,0.15242948794534703
29360.728,0.1524295636266784
29360.729,0.15242963431470513
29360.73,0.15242969987263807
29360.731,0.15242976109815906
29360.732,0.15242981864422878
29360.733,0.15242987259619234
29360.734,0.152429922915103
29360.735,0.15242996987051305
29360.736,0.1524300140267229
29360.737,0.1524300561417791
29360.738,0.1524300959659608
29360.739,0.15243013358709062
29360.74,0.1524301695640661
29360.741,0.1524302048320119
29360.742,0.15243023959595675
29360.743,0.1524302736583019
29360.744,0.15243030768502994
29360.745,0.15243034150907978
29360.746,0.1524303751526437
29360.747,0.15243040802536081
29360.748,0.15243044062574107
29360.749,0.152430473304053
29360.75,0.15243050659599197
29360.751,0.15243054054481348
29360.752,0.1524305751817581
29360.753,0.1524306111041691
29360.754,0.15243064836879258
29360.755,0.15243068686405686
29360.756,0.15243072708178337
29360.757,0.15243076896842842
29360.758,0.15243081340853187
29360.759,0.15243085993810318
29360.76,0.1524309087924722
29360.761,0.1524309598689703
29360.762,0.1524310129536601
29360.763,0.15243106715626736
29360.764,0.15243112309416643
29360.765,0.15243118063786953
29360.766,0.15243123984967238
29360.767,0.1524313008225986
29360.768,0.15243136369675508
29360.769,0.15243142858080408
29360.77,0.1524314952368481
29360.771,0.1524315636794206
29360.772,0.1524316340494116
29360.773,0.152431706718462
29360.774,0.1524317817238709
29360.775,0.15243185955085986
29360.776,0.15243193967179505
29360.777,0.15243202227924846
29360.778,0.15243210699136853
29360.779,0.152432193459865
29360.78,0.15243228128152808
29360.781,0.1524323707523249
29360.782,0.15243246179396883
29360.783,0.15243255435824882
29360.784,0.1524326487443998
29360.785,0.15243274485281458
29360.786,0.15243284267108417
29360.787,0.1524329419854024
29360.788,0.15243304304632777
29360.789,0.1524331455190287
29360.79,0.1524332496854916
29360.791,0.15243335574528985
29360.792,0.15243346412931524
29360.793,0.15243357466755783
29360.794,0.15243368712042998
29360.795,0.15243380092935888
29360.796,0.15243391574680645
29360.797,0.15243403104682937
29360.798,0.15243414715636638
29360.799,0.15243426411494782
29360.8,0.15243438206297258
29360.801,0.15243450078968132
29360.802,0.15243462003618902
29360.803,0.15243473968314933
29360.804,0.15243486008167603
29360.805,0.15243498049999565
29360.806,0.15243510116430317
29360.807,0.1524352222320974
29360.808,0.15243534384790391
29360.809,0.15243546589953547
29360.81,0.15243558791615394
29360.811,0.15243570977450324
29360.812,0.15243583097596658
29360.813,0.15243595090965328
29360.814,0.1524360695003721
29360.815,0.15243618639787374
29360.816,0.15243630151924858
29360.817,0.15243641497389954
29360.818,0.15243652666875268
29360.819,0.15243663620434786
29360.82,0.15243674362654722
29360.821,0.15243684871174287
29360.822,0.15243695140928723
29360.823,0.15243705146138284
29360.824,0.1524371492706875
29360.825,0.1524372445994063
29360.826,0.15243733732418357
29360.827,0.1524374275841597
29360.828,0.15243751441259185
29360.829,0.15243759751980562
29360.83,0.152437676688799
29360.831,0.15243775215586972
29360.832,0.15243782352739238
29360.833,0.1524378906570897
29360.834,0.15243795363469917
29360.835,0.15243801276170452
29360.836,0.1524380683436984
29360.837,0.15243811995865356
29360.838,0.15243816740541494
29360.839,0.15243821076346645
29360.84,0.15243825040279213
29360.841,0.1524382868141215
29360.842,0.1524383198100015
29360.843,0.1524383494405654
29360.844,0.15243837616784311
29360.845,0.15243839952465724
29360.846,0.15243841962615606
29360.847,0.15243843572170301
29360.848,0.15243844849912871
29360.849,0.1524384584423881
29360.85,0.15243846565353308
29360.851,0.15243847039367572
29360.852,0.15243847270475064
29360.853,0.15243847311657874
29360.854,0.15243847165493515
29360.855,0.1524384681947367
29360.856,0.15243846306865766
29360.857,0.15243845724664937
29360.858,0.15243845118322302
29360.859,0.15243844490808556
29360.86,0.15243843859652048
29360.861,0.15243843217873831
29360.862,0.15243842564219623
29360.863,0.15243841861755056
29360.864,0.1524384115032983
29360.865,0.1524384044008708
29360.866,0.1524383984834591
29360.867,0.15243839371106888
29360.868,0.15243839050620048
29360.869,0.15243838879887223
29360.87,0.1524383890021709
29360.871,0.15243839121071784
29360.872,0.1524383955055645
29360.873,0.1524384023030468
29360.874,0.1524384120742135
29360.875,0.152438425151499
29360.876,0.1524384410591692
29360.877,0.15243846028537397
29360.878,0.1524384827617224
29360.879,0.1524385082173677
29360.88,0.15243853669316837
29360.881,0.1524385683185264
29360.882,0.15243860316616045
29360.883,0.1524386413355875
29360.884,0.15243868343616007
29360.885,0.15243872957425286
29360.886,0.15243877934870545
29360.887,0.15243883337590913
29360.888,0.15243889147034637
29360.889,0.1524389534784395
29360.89,0.15243901984732044
29360.891,0.1524390907521764
29360.892,0.1524391664817008
29360.893,0.152439246517957
29360.894,0.15243933085468647
29360.895,0.15243941942539405
29360.896,0.15243951170383627
29360.897,0.15243960673355444
29360.898,0.1524397049629503
29360.899,0.15243980650923752
29360.9,0.1524399110849867
29360.901,0.15244001880576274
29360.902,0.15244012968541296
29360.903,0.1524402436534115
29360.904,0.15244036067614755
29360.905,0.15244048037677588
29360.906,0.15244060301530898
29360.907,0.1524407281420627
29360.908,0.1524408558457265
29360.909,0.1524409860102241
29360.91,0.15244111840848348
29360.911,0.15244125279077939
29360.912,0.15244138868047008
29360.913,0.15244152530376492
29360.914,0.152441662499515
29360.915,0.15244179994477447
29360.916,0.15244193769060266
29360.917,0.15244207588686504
29360.918,0.15244221426074692
29360.919,0.15244235264556916
29360.92,0.15244249096370668
29360.921,0.1524426286521925
29360.922,0.15244276560644396
29360.923,0.1524429016510238
29360.924,0.15244303722099412
29360.925,0.15244317196092716
29360.926,0.15244330580914284
29360.927,0.15244343819034745
29360.928,0.15244356876816886
29360.929,0.15244369702072624
29360.93,0.15244382223485317
29360.931,0.15244394452933904
29360.932,0.1524440636808023
29360.933,0.1524441798287105
29360.934,0.15244429260346745
29360.935,0.15244440213756685
29360.936,0.15244450831103473
29360.937,0.1524446107881645
29360.938,0.15244470967429408
29360.939,0.15244480454607065
29360.94,0.15244489578181405
29360.941,0.15244498398810383
29360.942,0.15244506899981178
29360.943,0.15244515063583877
29360.944,0.1524452286482391
29360.945,0.15244530252564187
29360.946,0.15244537160680777
29360.947,0.1524454352974841
29360.948,0.1524454942739513
29360.949,0.1524455487017223
29360.95,0.15244559888696338
29360.951,0.15244564463806398
29360.952,0.15244568571993913
29360.953,0.15244572237641418
29360.954,0.15244575466060195
29360.955,0.15244578203502043
29360.956,0.15244580457802165
29360.957,0.1524458229594669
29360.958,0.1524458375665413
29360.959,0.1524458482673535
29360.96,0.1524458547676778
29360.961,0.15244585715527312
29360.962,0.1524458550015446
29360.963,0.15244584794655242
29360.964,0.15244583648901155
29360.965,0.15244582088619696
29360.966,0.15244580122216334
29360.967,0.15244577731922726
29360.968,0.15244574927201307
29360.969,0.15244571698173823
29360.97,0.15244568081538815
29360.971,0.15244564042052886
29360.972,0.1524455961693363
29360.973,0.15244554811684108
29360.974,0.15244549670783442
29360.975,0.15244544216984365
29360.976,0.15244538455789639
29360.977,0.15244532397035945
29360.978,0.15244526020030721
29360.979,0.15244519250177938
29360.98,0.1524451209413062
29360.981,0.15244504552356714
29360.982,0.15244496697611815
29360.983,0.152444885265756
29360.984,0.15244480029893415
29360.985,0.15244471193268727
29360.986,0.15244462052816785
29360.987,0.15244452625534796
29360.988,0.15244442897772062
29360.989,0.15244432860772658
29360.99,0.15244422534617633
29360.991,0.15244411943681613
29360.992,0.15244401124768683
29360.993,0.1524439001765788
29360.994,0.15244378638558054
29360.995,0.15244366960886785
29360.996,0.15244354950186967
29360.997,0.15244342581012152
29360.998,0.15244329895975525
29360.999,0.15244316900252394
29361.0,0.15244303592663222
29361.001,0.15244290030240643
29361.002,0.152442762015867
29361.003,0.1524426209491415
29361.004,0.15244247728283483
29361.005,0.15244233059790574
29361.006,0.15244218096218518
29361.007,0.1524420285229374
29361.008,0.15244187391235806
29361.009,0.15244171741627063
29361.01,0.152441558517019
29361.011,0.15244139711327245
29361.012,0.1524412331025506
29361.013,0.15244106587399495
29361.014,0.1524408958517938
29361.015,0.15244072301481795
29361.016,0.15244054765505158
29361.017,0.15244037002318153
29361.018,0.15244019021276964
29361.019,0.15244000845255032
29361.02,0.15243982468609518
29361.021,0.1524396390458802
29361.022,0.1524394516953769
29361.023,0.1524392626542195
29361.024,0.15243907271348295
29361.025,0.15243888180207135
29361.026,0.15243869016947106
29361.027,0.1524384979602146
29361.028,0.15243830538654152
29361.029,0.15243811170998425
29361.03,0.15243791685329716
29361.031,0.1524377210603169
29361.032,0.1524375248018077
29361.033,0.15243732850122307
29361.034,0.15243713259412575
29361.035,0.15243693705430325
29361.036,0.15243674265681192
29361.037,0.15243654921103322
29361.038,0.1524363568298122
29361.039,0.15243616533606244
29361.04,0.15243597563693104
29361.041,0.15243578785911013
29361.042,0.15243560252768204
29361.043,0.15243541927986493
29361.044,0.1524352380640687
29361.045,0.1524350592098935
29361.046,0.15243488270876485
29361.047,0.1524347085684186
29361.048,0.15243453727142223
29361.049,0.15243436861720108
29361.05,0.1524342031109437
29361.051,0.15243404029464305
29361.052,0.15243388053520535
29361.053,0.15243372440723146
29361.054,0.15243357208366515
29361.055,0.15243342302666743
29361.056,0.15243327775233897
29361.057,0.15243313654887053
29361.058,0.1524329995097835
29361.059,0.15243286625588537
29361.06,0.1524327368462097
29361.061,0.15243261145725823
29361.062,0.15243248928983233
29361.063,0.15243237032924675
29361.064,0.15243225439289523
29361.065,0.15243214129825888
29361.066,0.15243203095561386
29361.067,0.1524319232369807
29361.068,0.1524318183774358
29361.069,0.1524317161969134
29361.07,0.1524316168881585
29361.071,0.15243151964032223
29361.072,0.15243142469660778
29361.073,0.15243133203665846
29361.074,0.1524312419231146
29361.075,0.15243115402599128
29361.076,0.15243106815407118
29361.077,0.15243098391007412
29361.078,0.1524309010660245
29361.079,0.15243081902858033
29361.08,0.1524307373901345
29361.081,0.15243065589909022
29361.082,0.1524305745762953
29361.083,0.1524304931706227
29361.084,0.15243041166909715
29361.085,0.15243033004425866
29361.086,0.15243024835984598
29361.087,0.15243016615916116
29361.088,0.15243008390086188
29361.089,0.15243000066357473
29361.09,0.1524299170110493
29361.091,0.15242983316316566
29361.092,0.15242974879809237
29361.093,0.15242966345540007
29361.094,0.1524295777001888
29361.095,0.152429490745074
29361.096,0.15242940255201934
29361.097,0.15242931250370934
29361.098,0.15242922083859217
29361.099,0.15242912790404609
29361.1,0.15242903386635007
29361.101,0.15242893887896625
29361.102,0.1524288428401156
29361.103,0.15242874567513717
29361.104,0.15242864789466443
29361.105,0.15242854921460927
29361.106,0.15242844974264003
29361.107,0.15242834978843187
29361.108,0.15242824986375958
29361.109,0.15242814970452423
29361.11,0.15242804964775594
29361.111,0.15242794953136274
29361.112,0.15242784913499954
29361.113,0.1524277480931293
29361.114,0.15242764660138614
29361.115,0.15242754483630244
29361.116,0.1524274431267095
29361.117,0.1524273420185144
29361.118,0.15242724136843977
29361.119,0.15242714083977182
29361.12,0.15242704074776317
29361.121,0.15242694078941163
29361.122,0.15242684096288162
29361.123,0.15242674149181473
29361.124,0.1524266429582627
29361.125,0.15242654545801437
29361.126,0.152426448933972
29361.127,0.1524263532494739
29361.128,0.15242625789495087
29361.129,0.1524261623079866
29361.13,0.15242606642757597
29361.131,0.152425970385595
29361.132,0.15242587440579372
29361.133,0.1524257781087973
29361.134,0.15242568150777913
29361.135,0.15242558423613897
29361.136,0.15242548671163988
29361.137,0.15242538814429307
29361.138,0.15242528854060594
29361.139,0.15242518731287918
29361.14,0.15242508487095163
29361.141,0.15242498116311554
29361.142,0.15242487602635144
29361.143,0.1524247685710028
29361.144,0.1524246589118465
29361.145,0.15242454683687395
29361.146,0.1524244313131412
29361.147,0.15242431169395615
29361.148,0.15242418774386934
29361.149,0.1524240590052924
29361.15,0.15242392604243063
29361.151,0.15242378806958806
29361.152,0.15242364515529286
29361.153,0.15242349711685063
29361.154,0.15242334377336123
29361.155,0.15242318406465746
29361.156,0.15242301765405641
29361.157,0.1524228447132528
29361.158,0.15242266537640883
29361.159,0.15242247931962316
29361.16,0.1524222860358742
29361.161,0.15242208486297118
29361.162,0.15242187502407356
29361.163,0.1524216564740044
29361.164,0.15242142863827932
29361.165,0.1524211912799328
29361.166,0.15242094437788062
29361.167,0.1524206880949368
29361.168,0.15242042193205452
29361.169,0.15242014586776687
29361.17,0.15241985975259573
29361.171,0.15241956291682315
29361.172,0.15241925564718006
29361.173,0.15241893788960806
29361.174,0.1524186099483163
29361.175,0.15241827167519004
29361.176,0.15241792288600128
29361.177,0.15241756321005528
29361.178,0.1524171927187254
29361.179,0.15241681088402756
29361.18,0.15241641731761724
29361.181,0.15241601235312263
29361.182,0.15241559626943854
29361.183,0.15241516919702328
29361.184,0.15241473105917475
29361.185,0.1524142824488664
29361.186,0.1524138232435801
29361.187,0.15241335335940606
29361.188,0.15241287289257724
29361.189,0.15241238138764396
29361.19,0.15241187984538068
29361.191,0.15241136896898383
29361.192,0.15241084896795323
29361.193,0.1524103200525798
29361.194,0.1524097826635438
29361.195,0.15240923628338063
29361.196,0.15240868149392323
29361.197,0.15240811760513884
29361.198,0.152407545361874
29361.199,0.15240696521280572
29361.2,0.15240637776653565
29361.201,0.1524057833580102
29361.202,0.15240518220828675
29361.203,0.15240457495628615
29361.204,0.15240396230408956
29361.205,0.15240334400378894
29361.206,0.15240272101101812
29361.207,0.15240209384694076
29361.208,0.15240146333757984
29361.209,0.1524008300951594
29361.21,0.15240019470226715
29361.211,0.15239955676376413
29361.212,0.1523989167219378
29361.213,0.15239827465138345
29361.214,0.15239763100184037
29361.215,0.15239698662983533
29361.216,0.15239634193753235
29361.217,0.1523956973871131
29361.218,0.15239505329424632
29361.219,0.1523944102035128
29361.22,0.1523937686747203
29361.221,0.15239312913811623
29361.222,0.15239249243385475
29361.223,0.1523918589271059
29361.224,0.1523912292649761
29361.225,0.15239060393880416
29361.226,0.1523899830642144
29361.227,0.15238936655074717
29361.228,0.15238875463057522
29361.229,0.15238814761051853
29361.23,0.1523875451861738
29361.231,0.1523869477452341
29361.232,0.15238635550528284
29361.233,0.1523857688906241
29361.234,0.1523851885532925
29361.235,0.15238461469272016
29361.236,0.15238404724279858
29361.237,0.15238348628942255
29361.238,0.15238293210506398
29361.239,0.15238238454061834
29361.24,0.15238184396830068
29361.241,0.1523813108122892
29361.242,0.15238078471661548
29361.243,0.15238026580295097
29361.244,0.1523797541677201
29361.245,0.15237924933577202
29361.246,0.1523787509370465
29361.247,0.15237825842438024
29361.248,0.1523777718417507
29361.249,0.15237729121846108
29361.25,0.15237681703612307
29361.251,0.1523763488417973
29361.252,0.15237588670629681
29361.253,0.15237543051088856
29361.254,0.15237498010940928
29361.255,0.15237453441788215
29361.256,0.15237409381391756
29361.257,0.15237365887658014
29361.258,0.15237322976807444
29361.259,0.15237280607931938
29361.26,0.15237238763484232
29361.261,0.1523719744771087
29361.262,0.15237156613683125
29361.263,0.1523711617327199
29361.264,0.1523707608517207
29361.265,0.1523703634995094
29361.266,0.15236997003012437
29361.267,0.15236958029090103
29361.268,0.15236919389019454
29361.269,0.15236881124292484
29361.27,0.1523684319946753
29361.271,0.1523680561357975
29361.272,0.1523676838598144
29361.273,0.15236731500912173
29361.274,0.15236695014705376
29361.275,0.15236658869785003
29361.276,0.15236623072635683
29361.277,0.1523658762133592
29361.278,0.15236552518652163
29361.279,0.1523651770439695
29361.28,0.152364831733714
29361.281,0.15236448887130516
29361.282,0.15236414884970503
29361.283,0.15236381157411558
29361.284,0.15236347710472042
29361.285,0.1523631456537942
29361.286,0.15236281669007826
29361.287,0.15236249065699958
29361.288,0.15236216754129472
29361.289,0.15236184730789154
29361.29,0.15236153025715624
29361.291,0.15236121661325527
29361.292,0.15236090598481147
29361.293,0.15236059826035495
29361.294,0.15236029318560657
29361.295,0.15235999043076623
29361.296,0.15235968972818822
29361.297,0.15235939018622663
29361.298,0.15235909232979816
29361.299,0.1523587964700018
29361.3,0.15235850284489574
29361.301,0.152358211007704
29361.302,0.15235792084395933
29361.303,0.15235763220822968
29361.304,0.15235734511698057
29361.305,0.15235705914945818
29361.306,0.15235677418940352
29361.307,0.1523564900513141
29361.308,0.1523562073426199
29361.309,0.152355925527172
29361.31,0.15235564399604323
29361.311,0.15235536268387898
29361.312,0.15235508119833316
29361.313,0.15235479893549106
29361.314,0.15235451567978683
29361.315,0.15235423126528033
29361.316,0.15235394557826296
29361.317,0.15235365834480147
29361.318,0.15235336971798127
29361.319,0.15235307937011774
29361.32,0.15235278715849915
29361.321,0.15235249276704624
29361.322,0.15235219564932356
29361.323,0.15235189585735204
29361.324,0.15235159357751704
29361.325,0.15235128877346985
29361.326,0.15235098094680213
29361.327,0.15235066984286869
29361.328,0.1523503555765807
29361.329,0.15235003720739065
29361.33,0.15234971383875145
29361.331,0.1523493860489305
29361.332,0.15234905357568376
29361.333,0.15234871673084527
29361.334,0.15234837533589562
29361.335,0.15234802899844094
29361.336,0.1523476776764458
29361.337,0.1523473213345246
29361.338,0.15234695991333258
29361.339,0.15234659282065913
29361.34,0.152346220095367
29361.341,0.1523458426502376
29361.342,0.1523454600078602
29361.343,0.15234507236280823
29361.344,0.15234467943439078
29361.345,0.15234428104424963
29361.346,0.15234387679435393
29361.347,0.15234346637628937
29361.348,0.15234305005803853
29361.349,0.1523426277456915
29361.35,0.15234220002753676
29361.351,0.15234176664349042
29361.352,0.15234132779613335
29361.353,0.1523408833706652
29361.354,0.152340433701992
29361.355,0.15233997839328714
29361.356,0.15233951797288728
29361.357,0.15233905242070495
29361.358,0.15233858193490316
29361.359,0.15233810638074008
29361.36,0.15233762597730635
29361.361,0.15233714044663385
29361.362,0.1523366493900174
29361.363,0.15233615238072667
29361.364,0.152335650061759
29361.365,0.15233514273503676
29361.366,0.15233463088225807
29361.367,0.1523341141370328
29361.368,0.15233359268682378
29361.369,0.15233306676647324
29361.37,0.15233253637604208
29361.371,0.15233200143164052
29361.372,0.15233146257761448
29361.373,0.15233091968906065
29361.374,0.1523303736001821
29361.375,0.1523298238198739
29361.376,0.1523292708727196
29361.377,0.15232871486751992
29361.378,0.15232815575166028
29361.379,0.15232759323447242
29361.38,0.15232702733895723
29361.381,0.15232645791088792
29361.382,0.15232588548173248
29361.383,0.1523253102474673
29361.384,0.15232473265039406
29361.385,0.15232415284146877
29361.386,0.15232357061713722
29361.387,0.15232298691789836
29361.388,0.1523224018233236
29361.389,0.15232181544189452
29361.39,0.15232122812310886
29361.391,0.15232064008110796
29361.392,0.15232005211039995
29361.393,0.15231946410825414
29361.394,0.15231887605495928
29361.395,0.15231828818393153
29361.396,0.15231770061755062
29361.397,0.15231711292284147
29361.398,0.1523165255657016
29361.399,0.15231593904570434
29361.4,0.15231535352514197
29361.401,0.1523147690797286
29361.402,0.15231418634510877
29361.403,0.15231360536605956
29361.404,0.15231302671242403
29361.405,0.15231245013123046
29361.406,0.15231187527742804
29361.407,0.15231130315242178
29361.408,0.1523107344320209
29361.409,0.15231016909786516
29361.41,0.15230960770371738
29361.411,0.15230904974929182
29361.412,0.15230849487505382
29361.413,0.15230794263917452
29361.414,0.15230739321568076
29361.415,0.1523068466955571
29361.416,0.15230630316392885
29361.417,0.15230576320416378
29361.418,0.15230522722955286
29361.419,0.15230469500003155
29361.42,0.15230416641688604
29361.421,0.1523036411444694
29361.422,0.1523031196181591
29361.423,0.15230260206032187
29361.424,0.15230208897674932
29361.425,0.15230158008497474
29361.426,0.15230107503017765
29361.427,0.1523005738673792
29361.428,0.15230007627235476
29361.429,0.15229958186072898
29361.43,0.15229909061548808
29361.431,0.15229860247261065
29361.432,0.15229811730226764
29361.433,0.15229763523353265
29361.434,0.15229715599710184
29361.435,0.15229667955246454
29361.436,0.1522962060648848
29361.437,0.15229573565225718
29361.438,0.15229526822513983
29361.439,0.15229480327759196
29361.44,0.152294341140547
29361.441,0.15229388240714636
29361.442,0.1522934268543778
29361.443,0.15229297397726602
29361.444,0.15229252376591168
29361.445,0.15229207568251935
29361.446,0.15229162956510986
29361.447,0.15229118480812825
29361.448,0.15229074144267263
29361.449,0.1522903000039988
29361.45,0.15228986077024095
29361.451,0.15228942332812095
29361.452,0.15228898790809456
29361.453,0.15228855418830672
29361.454,0.15228812241997405
29361.455,0.15228769224360186
29361.456,0.15228726378298316
29361.457,0.1522868372596212
29361.458,0.15228641316987265
29361.459,0.1522859916395034
29361.46,0.15228557238611226
29361.461,0.15228515449255592
29361.462,0.15228473800371697
29361.463,0.15228432277371698
29361.464,0.15228390911380577
29361.465,0.15228349707383407
29361.466,0.1522830868252994
29361.467,0.15228267813323865
29361.468,0.1522822714326555
29361.469,0.1522818666468096
29361.47,0.1522814638205883
29361.471,0.15228106270994202
29361.472,0.15228066336693602
29361.473,0.15228026561896102
29361.474,0.1522798700527915
29361.475,0.15227947662668034
29361.476,0.15227908551704117
29361.477,0.15227869646948322
29361.478,0.15227830927258895
29361.479,0.15227792350657984
29361.48,0.1522775388815388
29361.481,0.15227715532986086
29361.482,0.15227677319477417
29361.483,0.15227639277572844
29361.484,0.1522760142256316
29361.485,0.1522756370369975
29361.486,0.1522752615597963
29361.487,0.15227488814683943
29361.488,0.15227451599127795
29361.489,0.15227414510811393
29361.49,0.15227377557990396
29361.491,0.15227340778606954
29361.492,0.15227304191254645
29361.493,0.15227267724026716
29361.494,0.1522723140915367
29361.495,0.15227195254742085
29361.496,0.15227159199384785
29361.497,0.15227123158644576
29361.498,0.15227087181490787
29361.499,0.15227051291934016
29361.5,0.15227015491170967
29361.501,0.1522697975798894
29361.502,0.1522694410401007
29361.503,0.1522690849602623
29361.504,0.15226872978467124
29361.505,0.1522683754783055
29361.506,0.15226802183830548
29361.507,0.15226766937221084
29361.508,0.1522673181024421
29361.509,0.1522669679595176
29361.51,0.15226661842366354
29361.511,0.15226626891813236
29361.512,0.1522659196382652
29361.513,0.1522655699638774
29361.514,0.15226522038345797
29361.515,0.15226487061166435
29361.516,0.15226452114089004
29361.517,0.1522641720826446
29361.518,0.1522638228764461
29361.519,0.152263473497373
29361.52,0.15226312405393555
29361.521,0.15226277440943392
29361.522,0.15226242488992942
29361.523,0.1522620752354103
29361.524,0.15226172572136756
29361.525,0.15226137613371707
29361.526,0.15226102630814792
29361.527,0.15226067625794784
29361.528,0.15226032586499216
29361.529,0.15225997457911636
29361.53,0.1522596216544623
29361.531,0.15225926708273468
29361.532,0.15225891153468926
29361.533,0.1522585548526028
29361.534,0.15225819720013664
29361.535,0.15225783826457598
29361.536,0.1522574778572238
29361.537,0.15225711597204628
29361.538,0.15225675254141793
29361.539,0.15225638726168303
29361.54,0.152256020539076
29361.541,0.1522556526498161
29361.542,0.15225528353183507
29361.543,0.15225491277036135
29361.544,0.15225454057238635
29361.545,0.15225416633595126
29361.546,0.15225379014437534
29361.547,0.15225341120938138
29361.548,0.1522530299112681
29361.549,0.1522526464602923
29361.55,0.1522522608862696
29361.551,0.15225187313344538
29361.552,0.15225148362552476
29361.553,0.15225109226872557
29361.554,0.15225069907301003
29361.555,0.15225030403184742
29361.556,0.15224990719003131
29361.557,0.15224950915139776
29361.558,0.15224911027030424
29361.559,0.1522487104526485
29361.56,0.15224830959823052
29361.561,0.15224790772073615
29361.562,0.1522475048878753
29361.563,0.1522471005345765
29361.564,0.15224669478673658
29361.565,0.15224628800892132
29361.566,0.15224588035158448
29361.567,0.1522454715394607
29361.568,0.15224506204840005
29361.569,0.15224465199463627
29361.57,0.15224424185917562
29361.571,0.15224383163148927
29361.572,0.1522434213471861
29361.573,0.15224301140679838
29361.574,0.15224260220683863
29361.575,0.1522421939932876
29361.576,0.15224178680281877
29361.577,0.1522413805256416
29361.578,0.1522409753590867
29361.579,0.15224057087208942
29361.58,0.152240166944486
29361.581,0.15223976381672244
29361.582,0.15223936176879393
29361.583,0.1522389610396477
29361.584,0.15223856151881363
29361.585,0.15223816317467936
29361.586,0.15223776640908365
29361.587,0.1522373712122566
29361.588,0.15223697744894046
29361.589,0.15223658540228766
29361.59,0.15223619484379905
29361.591,0.1522358061800935
29361.592,0.15223541980356514
29361.593,0.1522350353330761
29361.594,0.15223465258307348
29361.595,0.15223427135844736
29361.596,0.15223389121657968
29361.597,0.1522335117478083
29361.598,0.15223313334015934
29361.599,0.15223275598825814
29361.6,0.15223237997601463
29361.601,0.15223200513361912
29361.602,0.15223163149478786
29361.603,0.15223125879090274
29361.604,0.15223088733917728
29361.605,0.15223051642251634
29361.606,0.15223014602827434
29361.607,0.15222977650396527
29361.608,0.15222940789233572
29361.609,0.15222904029413242
29361.61,0.15222867298167253
29361.611,0.1522283061727141
29361.612,0.1522279393101392
29361.613,0.15222757224704994
29361.614,0.1522272049141602
29361.615,0.15222683712659849
29361.616,0.15222646909136972
29361.617,0.15222610076966941
29361.618,0.15222573223079797
29361.619,0.15222536338476414
29361.62,0.15222499394417602
29361.621,0.15222462358993322
29361.622,0.15222425262856604
29361.623,0.15222388091711744
29361.624,0.15222350869009157
29361.625,0.152223136475403
29361.626,0.15222276345217067
29361.627,0.15222238997703358
29361.628,0.1522220159094453
29361.629,0.15222164015307077
29361.63,0.15222126282651186
29361.631,0.1522208839104044
29361.632,0.1522205040554544
29361.633,0.1522201229836865
29361.634,0.1522197409623598
29361.635,0.15221935786146312
29361.636,0.1522189742089653
29361.637,0.1522185900643206
29361.638,0.15221820514815143
29361.639,0.15221781920623623
29361.64,0.1522174328713493
29361.641,0.1522170464729433
29361.642,0.15221666014005147
29361.643,0.15221627371457871
29361.644,0.1522158870922048
29361.645,0.1522155004655695
29361.646,0.15221511404149876
29361.647,0.15221472708060033
29361.648,0.15221433996378617
29361.649,0.1522139528902332
29361.65,0.1522135660344324
29361.651,0.15221317954912855
29361.652,0.15221279369931046
29361.653,0.15221240831524666
29361.654,0.15221202352441154
29361.655,0.15221163941414628
29361.656,0.15221125632514995
29361.657,0.15221087429229765
29361.658,0.15221049341962878
29361.659,0.15221011379981808
29361.66,0.15220973563175486
29361.661,0.15220935846941722
29361.662,0.15220898230579477
29361.663,0.15220860672656994
29361.664,0.15220823187641316
29361.665,0.15220785765236544
29361.666,0.15220748418321736
29361.667,0.15220711170499404
29361.668,0.15220674064595544
29361.669,0.15220637068182666
29361.67,0.15220600183612282
29361.671,0.15220563358093375
29361.672,0.1522052661922537
29361.673,0.15220490028471922
29361.674,0.1522045357940888
29361.675,0.1522041726055486
29361.676,0.15220381049584308
29361.677,0.1522034491574447
29361.678,0.15220308870680835
29361.679,0.15220272833155835
29361.68,0.1522023676585325
29361.681,0.15220200682559015
29361.682,0.15220164556369145
29361.683,0.15220128390020196
29361.684,0.15220092169359314
29361.685,0.15220055903990234
29361.686,0.1522001956821279
29361.687,0.15219983170794368
29361.688,0.15219946681111074
29361.689,0.15219910081678248
29361.69,0.1521987336821893
29361.691,0.15219836600337514
29361.692,0.15219799761087258
29361.693,0.1521976276957473
29361.694,0.15219725642735232
29361.695,0.15219688344006918
29361.696,0.15219650845329732
29361.697,0.1521961305434137
29361.698,0.15219575021786738
29361.699,0.15219536712119014
29361.7,0.1521949817546422
29361.701,0.15219459385445955
29361.702,0.1521942031900748
29361.703,0.15219380964064028
29361.704,0.15219341343822815
29361.705,0.15219301420549816
29361.706,0.15219261223384264
29361.707,0.1521922073784928
29361.708,0.15219179981576553
29361.709,0.15219138985602684
29361.71,0.15219097694751776
29361.711,0.1521905613536565
29361.712,0.1521901420615195
29361.713,0.1521897190115809
29361.714,0.15218929217253455
29361.715,0.15218886179771093
29361.716,0.1521884280626177
29361.717,0.15218799089233193
29361.718,0.15218755022595784
29361.719,0.15218710589937184
29361.72,0.1521866581542582
29361.721,0.15218620674000197
29361.722,0.15218575219404432
29361.723,0.15218529432237615
29361.724,0.15218483367057198
29361.725,0.15218437052307254
29361.726,0.15218390436114065
29361.727,0.1521834354213485
29361.728,0.15218296366075978
29361.729,0.15218248847914187
29361.73,0.15218200989499636
29361.731,0.1521815280030518
29361.732,0.15218104315232361
29361.733,0.15218055521182713
29361.734,0.1521800645105009
29361.735,0.1521795711974587
29361.736,0.1521790751659101
29361.737,0.15217857653346853
29361.738,0.15217807550414253
29361.739,0.15217757198944878
29361.74,0.15217706622979024
29361.741,0.15217655869774274
29361.742,0.15217604950811206
29361.743,0.15217553844582613
29361.744,0.15217502552824866
29361.745,0.15217451059139925
29361.746,0.15217399347630048
29361.747,0.15217347348624888
29361.748,0.15217295134664172
29361.749,0.15217242724809601
29361.75,0.15217190152954393
29361.751,0.1521713742468902
29361.752,0.15217084521572757
29361.753,0.15217031461751954
29361.754,0.152169782547489
29361.755,0.15216924878807347
29361.756,0.15216871334262455
29361.757,0.1521681762510357
29361.758,0.15216763843244965
29361.759,0.15216709983423363
29361.76,0.15216656011702262
29361.761,0.15216601846878536
29361.762,0.15216547501059585
29361.763,0.15216492929053618
29361.764,0.15216438153188439
29361.765,0.152163831716916
29361.766,0.15216328016127606
29361.767,0.15216272707474812
29361.768,0.15216217227979537
29361.769,0.1521616156288645
29361.77,0.15216105722402082
29361.771,0.15216049684597802
29361.772,0.15215993444339726
29361.773,0.15215937003783384
29361.774,0.15215880379912744
29361.775,0.15215823599609732
29361.776,0.1521576662811256
29361.777,0.15215709443886857
29361.778,0.1521565200709959
29361.779,0.15215594270475352
29361.78,0.15215536203241134
29361.781,0.1521547778582836
29361.782,0.1521541904408492
29361.783,0.15215359967980593
29361.784,0.15215300578099966
29361.785,0.15215240867190385
29361.786,0.15215180840284534
29361.787,0.15215120482995564
29361.788,0.1521505977112576
29361.789,0.15214998677070238
29361.79,0.1521493719980604
29361.791,0.15214875378660495
29361.792,0.15214813192176432
29361.793,0.15214750607051544
29361.794,0.15214687624110318
29361.795,0.15214624203846933
29361.796,0.1521456032933184
29361.797,0.15214495905923814
29361.798,0.1521443097626115
29361.799,0.15214365527699136
29361.8,0.15214299605003725
29361.801,0.15214233145026737
29361.802,0.15214166167380588
29361.803,0.15214098663790485
29361.804,0.15214030645594134
29361.805,0.15213962090191938
29361.806,0.15213892993973618
29361.807,0.15213823349383226
29361.808,0.1521375319365373
29361.809,0.15213682503347883
29361.81,0.15213611246657394
29361.811,0.1521353941828437
29361.812,0.15213466937253758
29361.813,0.1521339383873554
29361.814,0.15213320084587692
29361.815,0.15213245641281362
29361.816,0.15213170525675526
29361.817,0.1521309474037685
29361.818,0.1521301830223553
29361.819,0.15212941168781594
29361.82,0.15212863365102477
29361.821,0.1521278486561145
29361.822,0.1521270573093185
29361.823,0.15212625906964175
29361.824,0.15212545445385806
29361.825,0.15212464311807303
29361.826,0.15212382468057056
29361.827,0.15212299909013824
29361.828,0.1521221663509846
29361.829,0.15212132595016714
29361.83,0.15212047768500273
29361.831,0.15211962148219502
29361.832,0.1521187577533717
29361.833,0.15211788665541942
29361.834,0.15211700798109876
29361.835,0.15211612182624887
29361.836,0.15211522775556338
29361.837,0.1521143264572428
29361.838,0.15211341761174554
29361.839,0.15211250121320863
29361.84,0.152111577558435
29361.841,0.15211064734582957
29361.842,0.15210971010427818
29361.843,0.15210876563391432
29361.844,0.15210781407465007
29361.845,0.15210685537784677
29361.846,0.15210588945687706
29361.847,0.15210491578120658
29361.848,0.1521039347921379
29361.849,0.15210294661486118
29361.85,0.1521019516497626
29361.851,0.1521009502585857
29361.852,0.15209994268915983
29361.853,0.15209892903592614
29361.854,0.1520979091893379
29361.855,0.1520968831894275
29361.856,0.15209585133718603
29361.857,0.1520948142648347
29361.858,0.15209377256637618
29361.859,0.15209272594239595
29361.86,0.15209167482217847
29361.861,0.1520906192506711
29361.862,0.1520895596347202
29361.863,0.15208849551004636
29361.864,0.15208742691296182
29361.865,0.15208635434402884
29361.866,0.1520852788015575
29361.867,0.15208420015571494
29361.868,0.152083118233391
29361.869,0.15208203374082932
29361.87,0.15208094716681803
29361.871,0.15207985847904165
29361.872,0.15207876830487643
29361.873,0.152077676776687
29361.874,0.152076584528378
29361.875,0.15207549164564257
29361.876,0.1520743981752724
29361.877,0.15207330445735362
29361.878,0.15207221069791912
29361.879,0.15207111710102408
29361.88,0.1520700231753518
29361.881,0.1520689293700622
29361.882,0.15206783675742613
29361.883,0.15206674499572698
29361.884,0.15206565473185912
29361.885,0.1520645659013026
29361.886,0.15206347892031086
29361.887,0.15206239379967107
29361.888,0.15206131082553936
29361.889,0.15206023003278377
29361.89,0.15205915151245925
29361.891,0.15205807628464305
29361.892,0.15205700403747005
29361.893,0.1520559349205537
29361.894,0.15205486912631522
29361.895,0.15205380645937489
29361.896,0.15205274668892757
29361.897,0.15205168909500705
29361.898,0.1520506342862642
29361.899,0.152049582447027
29361.9,0.1520485336477776
29361.901,0.15204748794047682
29361.902,0.15204644543882098
29361.903,0.15204540605240238
29361.904,0.15204436992985426
29361.905,0.15204333668456274
29361.906,0.15204230605829225
29361.907,0.15204127799296185
29361.908,0.152040253075687
29361.909,0.15203923095283606
29361.91,0.15203821136705561
29361.911,0.152037193831504
29361.912,0.15203617796984228
29361.913,0.15203516335885578
29361.914,0.15203414942322338
29361.915,0.15203313615039213
29361.916,0.15203212409330188
29361.917,0.15203111264262245
29361.918,0.15203010170114065
29361.919,0.15202909074402668
29361.92,0.15202808013102298
29361.921,0.15202706891172274
29361.922,0.15202605691382773
29361.923,0.15202504366189043
29361.924,0.15202402955338065
29361.925,0.15202301416965697
29361.926,0.15202199728640967
29361.927,0.15202097861227806
29361.928,0.15201995767347012
29361.929,0.15201893361729668
29361.93,0.15201790589148448
29361.931,0.15201687441592285
29361.932,0.15201583968008903
29361.933,0.15201480098167341
29361.934,0.15201375828034194
29361.935,0.15201271149998055
29361.936,0.15201166030945534
29361.937,0.1520106048978371
29361.938,0.15200954464889127
29361.939,0.15200847976667073
29361.94,0.15200740996216688
29361.941,0.152006335676615
29361.942,0.15200525668652365
29361.943,0.15200417304940553
29361.944,0.15200308490012643
29361.945,0.15200199178201845
29361.946,0.1520008934466614
29361.947,0.15199978964179936
29361.948,0.15199868070738165
29361.949,0.15199756666154488
29361.95,0.15199644787177785
29361.951,0.15199532437861102
29361.952,0.15199419639901465
29361.953,0.15199306399483106
29361.954,0.15199192778860987
29361.955,0.15199078787856207
29361.956,0.1519896444630204
29361.957,0.15198849809443765
29361.958,0.1519873492264845
29361.959,0.15198619775048267
29361.96,0.15198504405267593
29361.961,0.1519838879051061
29361.962,0.15198272958874312
29361.963,0.1519815690135605
29361.964,0.1519804066682034
29361.965,0.15197924321697653
29361.966,0.15197807892748139
29361.967,0.1519769135877606
29361.968,0.15197574815255685
29361.969,0.15197458297428604
29361.97,0.15197341814542564
29361.971,0.15197225382714466
29361.972,0.15197109048262455
29361.973,0.1519699281503215
29361.974,0.15196876786329633
29361.975,0.15196760951240332
29361.976,0.15196645334276696
29361.977,0.15196529936045416
29361.978,0.15196414774897088
29361.979,0.1519629979063518
29361.98,0.15196184982248911
29361.981,0.15196070374007867
29361.982,0.1519595602751604
29361.983,0.15195841908592614
29361.984,0.15195728079475757
29361.985,0.15195614524449735
29361.986,0.15195501246016188
29361.987,0.15195388264217635
29361.988,0.15195275602160913
29361.989,0.1519516322007343
29361.99,0.1519505112966235
29361.991,0.15194939414913392
29361.992,0.15194828010139083
29361.993,0.1519471690238311
29361.994,0.1519460607359794
29361.995,0.15194495487132834
29361.996,0.151943851299795
29361.997,0.15194274929573337
29361.998,0.15194164923251793
29361.999,0.15194055126426514
29362.0,0.15193945551097612
29362.001,0.1519383619114435
29362.002,0.15193727017768874
29362.003,0.15193618007243612
29362.004,0.15193509167557126
29362.005,0.1519340044749985
29362.006,0.15193291837249265
29362.007,0.15193183390421613
29362.008,0.1519307511476453
29362.009,0.15192966984044884
29362.01,0.1519285899153527
29362.011,0.15192751116239844
29362.012,0.15192643325292127
29362.013,0.15192535558331383
29362.014,0.15192427817989454
29362.015,0.1519232014286864
29362.016,0.15192212548638093
29362.017,0.15192104988947217
29362.018,0.15191997525186007
29362.019,0.15191890096788413
29362.02,0.15191782769994283
29362.021,0.15191675478892946
29362.022,0.15191568287897075
29362.023,0.15191461215712074
29362.024,0.1519135428473781
29362.025,0.15191247483076717
29362.026,0.15191140802456282
29362.027,0.15191034255716676
29362.028,0.15190927844471216
29362.029,0.15190821534946536
29362.03,0.15190715357357637
29362.031,0.15190609301162483
29362.032,0.15190503402291855
29362.033,0.15190397662963362
29362.034,0.15190292125909663
29362.035,0.15190186819180398
29362.036,0.15190081743982778
29362.037,0.1518997693960836
29362.038,0.1518987244691322
29362.039,0.15189768280724958
29362.04,0.15189664439236916
29362.041,0.1518956101320933
29362.042,0.15189457961122743
29362.043,0.15189355316883696
29362.044,0.1518925309029515
29362.045,0.15189151275057722
29362.046,0.15189049873111896
29362.047,0.15188948854395726
29362.048,0.15188848235364594
29362.049,0.15188748081626066
29362.05,0.15188648479339667
29362.051,0.15188549404379398
29362.052,0.15188450900472314
29362.053,0.1518835294691553
29362.054,0.15188255576688123
29362.055,0.15188158779489747
29362.056,0.15188062614130465
29362.057,0.1518796708251221
29362.058,0.1518787224948948
29362.059,0.1518777809482305
29362.06,0.15187684609417054
29362.061,0.15187591772724118
29362.062,0.151874995774979
29362.063,0.15187407971164696
29362.064,0.15187316972950407
29362.065,0.15187226589263422
29362.066,0.15187136862410253
29362.067,0.15187047771071047
29362.068,0.15186959316262144
29362.069,0.1518687144137037
29362.07,0.1518678417763211
29362.071,0.15186697518714012
29362.072,0.15186611409080447
29362.073,0.15186525873882054
29362.074,0.15186440946831187
29362.075,0.15186356581032093
29362.076,0.15186272768405726
29362.077,0.1518618946688926
29362.078,0.15186106648360187
29362.079,0.1518602422404157
29362.08,0.1518594216902578
29362.081,0.151858604419101
29362.082,0.15185779095761737
29362.083,0.1518569809931785
29362.084,0.15185617427723505
29362.085,0.15185537029885232
29362.086,0.15185456887929208
29362.087,0.15185376971595005
29362.088,0.1518529722015011
29362.089,0.1518521760326671
29362.09,0.15185138090094694
29362.091,0.15185058728134268
29362.092,0.15184979459812195
29362.093,0.15184900249341832
29362.094,0.15184821064946513
29362.095,0.15184741838063975
29362.096,0.15184662528632573
29362.097,0.1518458304027
29362.098,0.15184503388144174
29362.099,0.15184423497117785
29362.1,0.15184343396375066
29362.101,0.15184263053001512
29362.102,0.15184182448566275
29362.103,0.1518410155760591
29362.104,0.15184020407210172
29362.105,0.15183938937691144
29362.106,0.15183857141772925
29362.107,0.15183775030459218
29362.108,0.15183692622509895
29362.109,0.15183609895337877
29362.11,0.15183526794101598
29362.111,0.15183443282766632
29362.112,0.15183359310372163
29362.113,0.15183274853511985
29362.114,0.15183189925805377
29362.115,0.15183104523774477
29362.116,0.15183018639478338
29362.117,0.15182932250548337
29362.118,0.15182845406425566
29362.119,0.15182758078759725
29362.12,0.1518267031928087
29362.121,0.1518258209390262
29362.122,0.15182493443848213
29362.123,0.1518240434870851
29362.124,0.1518231485832165
29362.125,0.15182224978015937
29362.126,0.15182134744977063
29362.127,0.15182044164858524
29362.128,0.15181953194231443
29362.129,0.15181861819051415
29362.13,0.15181770010877832
29362.131,0.15181677779533767
29362.132,0.15181585189562802
29362.133,0.1518149226970032
29362.134,0.15181399022978842
29362.135,0.15181305497426778
29362.136,0.15181211695711605
29362.137,0.1518111765758036
29362.138,0.15181023388062195
29362.139,0.1518092884825282
29362.14,0.15180834085673445
29362.141,0.15180739153769238
29362.142,0.151806440395381
29362.143,0.15180548769264665
29362.144,0.15180453304615676
29362.145,0.1518035767240696
29362.146,0.15180261864527014
29362.147,0.15180165822387703
29362.148,0.15180069599338153
29362.149,0.1517997321150488
29362.15,0.15179876654588884
29362.151,0.15179779912863747
29362.152,0.1517968302957064
29362.153,0.1517958601495183
29362.154,0.15179488900892335
29362.155,0.15179391664390424
29362.156,0.15179294296434895
29362.157,0.15179196766902883
29362.158,0.15179099163614784
29362.159,0.15179001451170818
29362.16,0.15178903619355327
29362.161,0.15178805666011458
29362.162,0.15178707551577156
29362.163,0.15178609210195504
29362.164,0.15178510670524878
29362.165,0.15178411939281763
29362.166,0.15178313028668702
29362.167,0.15178213893182527
29362.168,0.15178114554263572
29362.169,0.15178015026831743
29362.17,0.1517791533572605
29362.171,0.15177815422762542
29362.172,0.1517771528966565
29362.173,0.15177614970801476
29362.174,0.151775144665924
29362.175,0.15177413743781662
29362.176,0.15177312832773954
29362.177,0.15177211685457026
29362.178,0.15177110295514826
29362.179,0.15177008612793405
29362.18,0.15176906625218986
29362.181,0.15176804344248243
29362.182,0.15176701804430556
29362.183,0.1517659898180635
29362.184,0.15176495853773214
29362.185,0.15176392430006816
29362.186,0.1517628873884137
29362.187,0.15176184774954007
29362.188,0.151760805298268
29362.189,0.1517597602499537
29362.19,0.1517587127573199
29362.191,0.15175766357081769
29362.192,0.15175661210825647
29362.193,0.15175555860195117
29362.194,0.15175450300617327
29362.195,0.1517534454751371
29362.196,0.15175238577737915
29362.197,0.15175132326883187
29362.198,0.15175025853545696
29362.199,0.1517491919400069
29362.2,0.15174812458596582
29362.201,0.1517470560398141
29362.202,0.15174598632831332
29362.203,0.15174491572251664
29362.204,0.15174384470474814
29362.205,0.15174277302407785
29362.206,0.15174170096733444
29362.207,0.15174062900078908
29362.208,0.1517395578662166
29362.209,0.1517384872703388
29362.21,0.15173741750247943
29362.211,0.15173634887174775
29362.212,0.15173528111726794
29362.213,0.15173421427020944
29362.214,0.15173314865677412
29362.215,0.1517320846259182
29362.216,0.15173102268795327
29362.217,0.15172996281626117
29362.218,0.15172890587203272
29362.219,0.15172785158097357
29362.22,0.15172680019229673
29362.221,0.15172575169576324
29362.222,0.15172470623921247
29362.223,0.1517236642178888
29362.224,0.15172262620913438
29362.225,0.15172159234752203
29362.226,0.15172056264218117
29362.227,0.1517195368825004
29362.228,0.1517185149879794
29362.229,0.15171749688841038
29362.23,0.15171648228047432
29362.231,0.15171547127604582
29362.232,0.15171446438344927
29362.233,0.15171346132887464
29362.234,0.15171246220046436
29362.235,0.15171146725418203
29362.236,0.15171047605441842
29362.237,0.1517094886270507
29362.238,0.15170850493089455
29362.239,0.15170752465276327
29362.24,0.1517065479180748
29362.241,0.15170557491815465
29362.242,0.15170460564906613
29362.243,0.15170363977451698
29362.244,0.15170267719525737
29362.245,0.15170171751105838
29362.246,0.15170075988841805
29362.247,0.15169980336741198
29362.248,0.15169884828928207
29362.249,0.15169789447774257
29362.25,0.15169694218708843
29362.251,0.15169599113381824
29362.252,0.15169504100449718
29362.253,0.1516940915393553
29362.254,0.15169314264951805
29362.255,0.1516921933926806
29362.256,0.15169124348722077
29362.257,0.1516902929366924
29362.258,0.15168934241180954
29362.259,0.151688391141891
29362.26,0.1516874388783949
29362.261,0.15168648535717785
29362.262,0.1516855298991803
29362.263,0.15168457203677038
29362.264,0.1516836114127337
29362.265,0.15168264783344995
29362.266,0.1516816812831447
29362.267,0.15168071155396057
29362.268,0.1516797385635139
29362.269,0.15167876229004643
29362.27,0.15167778250316943
29362.271,0.15167679895159744
29362.272,0.15167581159309482
29362.273,0.15167482035753743
29362.274,0.15167382574114482
29362.275,0.15167282771081592
29362.276,0.15167182608922686
29362.277,0.1516708205145942
29362.278,0.15166981122363865
29362.279,0.15166879766111457
29362.28,0.15166777967369535
29362.281,0.15166675738337032
29362.282,0.15166573093132976
29362.283,0.1516647001541299
29362.284,0.15166366532447348
29362.285,0.15166262693341137
29362.286,0.15166158512332434
29362.287,0.151660539841696
29362.288,0.15165949099310755
29362.289,0.151658439039919
29362.29,0.15165738408586724
29362.291,0.15165632631842402
29362.292,0.15165526591250156
29362.293,0.15165420291881393
29362.294,0.1516531373854535
29362.295,0.1516520690364288
29362.296,0.15165099762177425
29362.297,0.151649922965767
29362.298,0.1516488455862466
29362.299,0.15164776554941034
29362.3,0.15164668334051853
29362.301,0.15164559865858043
29362.302,0.15164451151432962
29362.303,0.1516434223899483
29362.304,0.151642331224793
29362.305,0.1516412378614372
29362.306,0.15164014267243953
29362.307,0.1516390454119685
29362.308,0.15163794695357358
29362.309,0.15163684687980417
29362.31,0.1516357450469075
29362.311,0.15163464139514776
29362.312,0.15163353535531385
29362.313,0.15163242658831794
29362.314,0.15163131502558344
29362.315,0.15163020075508385
29362.316,0.15162908378519663
29362.317,0.15162796408908247
29362.318,0.151626842006134
29362.319,0.15162571702211491
29362.32,0.15162458916685667
29362.321,0.15162345852351666
29362.322,0.15162232506208723
29362.323,0.15162118873256558
29362.324,0.15162004961352588
29362.325,0.1516189076259352
29362.326,0.15161776260826051
29362.327,0.1516166144086058
29362.328,0.15161546275563437
29362.329,0.15161430745724186
29362.33,0.15161314818970603
29362.331,0.15161198515311097
29362.332,0.15161081862973688
29362.333,0.1516096481384942
29362.334,0.1516084740986188
29362.335,0.15160729664340875
29362.336,0.15160611554040565
29362.337,0.15160493099314223
29362.338,0.15160374317069955
29362.339,0.15160255186966753
29362.34,0.15160135730942706
29362.341,0.15160015993593381
29362.342,0.15159895942826979
29362.343,0.15159775574499945
29362.344,0.15159654908859677
29362.345,0.15159533923023685
29362.346,0.15159412596523247
29362.347,0.1515929087607622
29362.348,0.15159168837163944
29362.349,0.15159046475832813
29362.35,0.1515892384568146
29362.351,0.15158800948855186
29362.352,0.15158677780897556
29362.353,0.15158554339037078
29362.354,0.1515843066821489
29362.355,0.1515830672552682
29362.356,0.15158182541657023
29362.357,0.15158058143135233
29362.358,0.15157933590520525
29362.359,0.15157808853910681
29362.36,0.1515768394166476
29362.361,0.1515755883097655
29362.362,0.15157433479280366
29362.363,0.15157307872232567
29362.364,0.15157181979384382
29362.365,0.15157055864646285
29362.366,0.15156929503943564
29362.367,0.15156802926228996
29362.368,0.15156676141752634
29362.369,0.15156549188025348
29362.37,0.15156422037497824
29362.371,0.1515629468414878
29362.372,0.151561671127504
29362.373,0.15156039361643392
29362.374,0.15155911445011697
29362.375,0.15155783333894235
29362.376,0.15155655016017797
29362.377,0.151555265038447
29362.378,0.15155397786235703
29362.379,0.15155268798840904
29362.38,0.1515513947300505
29362.381,0.15155009856822305
29362.382,0.15154879967171633
29362.383,0.15154749817289928
29362.384,0.15154619393813726
29362.385,0.1515448868783391
29362.386,0.1515435770349267
29362.387,0.1515422643370599
29362.388,0.15154094893639883
29362.389,0.15153963084448527
29362.39,0.15153830993528686
29362.391,0.1515369864704581
29362.392,0.15153566060499424
29362.393,0.15153433189896992
29362.394,0.1515330005579726
29362.395,0.15153166592526693
29362.396,0.15153032824240895
29362.397,0.15152898681506594
29362.398,0.1515276420127062
29362.399,0.15152629391428793
29362.4,0.15152494320154117
29362.401,0.15152358951777123
29362.402,0.1515222331300389
29362.403,0.15152087417489477
29362.404,0.15151951269696187
29362.405,0.15151814893562005
29362.406,0.15151678252158535
29362.407,0.15151541370349766
29362.408,0.1515140432773467
29362.409,0.15151267084168527
29362.41,0.15151129632837868
29362.411,0.1515099196633744
29362.412,0.1515085405151846
29362.413,0.15150715869283446
29362.414,0.15150577430811923
29362.415,0.15150438745706346
29362.416,0.15150299855276778
29362.417,0.15150160767645426
29362.418,0.1515002147793245
29362.419,0.15149881990416175
29362.42,0.1514974234084194
29362.421,0.1514960251597994
29362.422,0.15149462536935124
29362.423,0.15149322392935902
29362.424,0.15149182128991417
29362.425,0.15149041733741092
29362.426,0.151489012092761
29362.427,0.15148760534626102
29362.428,0.15148619712206746
29362.429,0.1514847868841869
29362.43,0.1514833743209563
29362.431,0.15148195976920262
29362.432,0.1514805434077732
29362.433,0.15147912528702545
29362.434,0.15147770562370966
29362.435,0.1514762841648759
29362.436,0.15147486091484502
29362.437,0.15147343584816123
29362.438,0.1514720089932843
29362.439,0.15147058000274125
29362.44,0.15146914912221918
29362.441,0.15146771678973023
29362.442,0.15146628274446072
29362.443,0.15146484700731636
29362.444,0.15146340924606944
29362.445,0.15146196925076938
29362.446,0.15146052667102705
29362.447,0.151459081356411
29362.448,0.1514576333479187
29362.449,0.15145618287762
29362.45,0.15145473043416582
29362.451,0.15145327553626928
29362.452,0.1514518184383442
29362.453,0.15145035889806802
29362.454,0.1514488970011034
29362.455,0.15144743260069138
29362.456,0.15144596560315493
29362.457,0.1514444962337064
29362.458,0.1514430251633437
29362.459,0.15144155207927848
29362.46,0.15144007670305612
29362.461,0.15143859883844085
29362.462,0.15143711822981426
29362.463,0.15143563453484157
29362.464,0.15143414812317257
29362.465,0.1514326591699969
29362.466,0.15143116792166336
29362.467,0.1514296746379313
29362.468,0.15142817940241787
29362.469,0.15142668212032703
29362.47,0.1514251826182021
29362.471,0.15142368108056395
29362.472,0.15142217774524028
29362.473,0.15142067269973314
29362.474,0.15141916659938154
29362.475,0.15141765924485562
29362.476,0.15141615093944819
29362.477,0.15141464138012198
29362.478,0.15141313039228832
29362.479,0.151411617904253
29362.48,0.15141010379232028
29362.481,0.1514085886538542
29362.482,0.15140707250498037
29362.483,0.1514055553343171
29362.484,0.15140403762771631
29362.485,0.15140251981385275
29362.486,0.15140100179799065
29362.487,0.15139948347478
29362.488,0.15139796513082945
29362.489,0.1513964465096325
29362.49,0.1513949280220065
29362.491,0.15139341022686306
29362.492,0.15139189274731826
29362.493,0.15139037567300898
29362.494,0.15138885926464565
29362.495,0.1513873432003851
29362.496,0.15138582762031713
29362.497,0.15138431196348484
29362.498,0.15138279673919278
29362.499,0.15138128215181537
29362.5,0.1513797684099205
29362.501,0.15137825534054986
29362.502,0.15137674328803777
29362.503,0.15137523224421312
29362.504,0.1513737225658289
29362.505,0.15137221377525215
29362.506,0.1513707057643091
29362.507,0.15136919906910865
29362.508,0.15136769378274648
29362.509,0.15136618976264812
29362.51,0.15136468691662253
29362.511,0.15136318513330627
29362.512,0.15136168424155808
29362.513,0.15136018385947506
29362.514,0.15135868391038673
29362.515,0.15135718460024036
29362.516,0.15135568635719343
29362.517,0.15135418886441895
29362.518,0.15135269215259978
29362.519,0.1513511962705042
29362.52,0.1513497012585123
29362.521,0.15134820683565867
29362.522,0.15134671312824885
29362.523,0.15134521990358013
29362.524,0.15134372787003886
29362.525,0.15134223692144746
29362.526,0.1513407470419551
29362.527,0.1513392579361046
29362.528,0.15133776932039503
29362.529,0.15133628072483377
29362.53,0.15133479196638122
29362.531,0.15133330333945133
29362.532,0.15133181450358413
29362.533,0.15133032554431597
29362.534,0.1513288365566041
29362.535,0.1513273475576087
29362.536,0.1513258585594896
29362.537,0.15132436956131823
29362.538,0.15132288050376788
29362.539,0.1513213910843878
29362.54,0.1513199015025927
29362.541,0.15131841168115376
29362.542,0.15131692136350774
29362.543,0.15131543048911333
29362.544,0.15131393890089143
29362.545,0.1513124465731523
29362.546,0.15131095296899053
29362.547,0.15130945739516186
29362.548,0.15130796004564903
29362.549,0.15130646126624167
29362.55,0.15130496087928053
29362.551,0.15130345858363087
29362.552,0.15130195443595199
29362.553,0.15130044820052052
29362.554,0.1512989401114588
29362.555,0.15129743003390628
29362.556,0.15129591754041896
29362.557,0.15129440245102732
29362.558,0.1512928853258279
29362.559,0.15129136554381048
29362.56,0.15128984280194496
29362.561,0.15128831680696347
29362.562,0.15128678723819683
29362.563,0.15128525343341523
29362.564,0.15128371568171647
29362.565,0.15128217362894622
29362.566,0.15128062753266866
29362.567,0.1512790766191959
29362.568,0.151277521263298
29362.569,0.15127596157162204
29362.57,0.15127439741112925
29362.571,0.1512728284106159
29362.572,0.15127125492105994
29362.573,0.15126967674056585
29362.574,0.1512680944852781
29362.575,0.15126650743572886
29362.576,0.1512649154087962
29362.577,0.15126331796336137
29362.578,0.15126171512289718
29362.579,0.15126010669117146
29362.58,0.1512584923109005
29362.581,0.15125687182881592
29362.582,0.15125524586505673
29362.583,0.1512536143052702
29362.584,0.1512519775905323
29362.585,0.15125033544956043
29362.586,0.15124868779853637
29362.587,0.15124703482060134
29362.588,0.15124537669172453
29362.589,0.1512437134559266
29362.59,0.15124204542403769
29362.591,0.15124037307119928
29362.592,0.15123869648393753
29362.593,0.15123701576856852
29362.594,0.15123533080571547
29362.595,0.15123364143146428
29362.596,0.15123194776310087
29362.597,0.1512302494890088
29362.598,0.15122854708057876
29362.599,0.15122684121961827
29362.6,0.1512251324282495
29362.601,0.15122342090577423
29362.602,0.15122170691484657
29362.603,0.15121999063373337
29362.604,0.15121827235675228
29362.605,0.15121655196456046
29362.606,0.1512148299307199
29362.607,0.1512131066935804
29362.608,0.1512113830080559
29362.609,0.1512096591293466
29362.61,0.15120793500953916
29362.611,0.1512062104350885
29362.612,0.1512044855720144
29362.613,0.15120276032475777
29362.614,0.15120103526417042
29362.615,0.15119931089402702
29362.616,0.15119758772504488
29362.617,0.15119586580426653
29362.618,0.15119414560992883
29362.619,0.1511924274816108
29362.62,0.15119071200348347
29362.621,0.1511889990281975
29362.622,0.1511872889867571
29362.623,0.15118558202324994
29362.624,0.15118387867917105
29362.625,0.1511821789563332
29362.626,0.15118048303044798
29362.627,0.15117879064815967
29362.628,0.15117710203230117
29362.629,0.1511754169408892
29362.63,0.15117373540491746
29362.631,0.15117205765633132
29362.632,0.15117038403450714
29362.633,0.15116871506237362
29362.634,0.15116705060498273
29362.635,0.15116539081368685
29362.636,0.15116373562151625
29362.637,0.15116208538408604
29362.638,0.151160439762031
29362.639,0.15115879889181358
29362.64,0.1511571628965515
29362.641,0.1511555318392271
29362.642,0.15115390602139764
29362.643,0.15115228515971268
29362.644,0.15115066928253004
29362.645,0.15114905799393005
29362.646,0.15114745081292721
29362.647,0.15114584771272954
29362.648,0.15114424889223985
29362.649,0.15114265418952444
29362.65,0.1511410636475727
29362.651,0.1511394771000366
29362.652,0.15113789437791328
29362.653,0.1511363152773567
29362.654,0.1511347397340727
29362.655,0.1511331673500644
29362.656,0.15113159777826474
29362.657,0.15113003108611323
29362.658,0.15112846769356858
29362.659,0.15112690719329036
29362.66,0.15112534927727522
29362.661,0.1511237935193742
29362.662,0.15112223961319693
29362.663,0.15112068672963783
29362.664,0.15111913483260458
29362.665,0.1511175837069521
29362.666,0.15111603325135056
29362.667,0.1511144834953258
29362.668,0.15111293482139898
29362.669,0.1511113865812616
29362.67,0.15110983810675177
29362.671,0.15110828920881816
29362.672,0.1511067399738878
29362.673,0.15110518984033225
29362.674,0.15110363916634637
29362.675,0.1511020872117807
29362.676,0.15110053387382513
29362.677,0.1510989790268606
29362.678,0.15109742248181462
29362.679,0.15109586366960215
29362.68,0.15109430193627157
29362.681,0.15109273690492406
29362.682,0.15109116919494628
29362.683,0.15108959831905022
29362.684,0.15108802447697278
29362.685,0.15108644711314012
29362.686,0.15108486628018358
29362.687,0.15108328217447342
29362.688,0.15108169467610122
29362.689,0.1510801034122999
29362.69,0.15107850856047841
29362.691,0.1510769101455279
29362.692,0.15107530810940065
29362.693,0.15107370187618813
29362.694,0.15107209150699497
29362.695,0.15107047659738276
29362.696,0.1510688571100105
29362.697,0.1510672325772723
29362.698,0.15106560317367565
29362.699,0.1510639691136959
29362.7,0.15106233084079698
29362.701,0.1510606883278566
29362.702,0.15105904175065432
29362.703,0.1510573908959574
29362.704,0.15105573602078273
29362.705,0.15105407721615285
29362.706,0.15105241451217974
29362.707,0.15105074806401203
29362.708,0.15104907834411838
29362.709,0.15104740532134084
29362.71,0.15104572892883714
29362.711,0.15104404925003737
29362.712,0.1510423662002727
29362.713,0.151040679561199
29362.714,0.1510389896253525
29362.715,0.15103729664335758
29362.716,0.15103560084282153
29362.717,0.15103390242370165
29362.718,0.15103220198239278
29362.719,0.15103049932993112
29362.72,0.15102879471952496
29362.721,0.1510270882366769
29362.722,0.1510253805128701
29362.723,0.15102367151826387
29362.724,0.15102196203371526
29362.725,0.15102025216529041
29362.726,0.15101854168240947
29362.727,0.15101683044089162
29362.728,0.15101511906868215
29362.729,0.1510134071842826
29362.73,0.1510116950284733
29362.731,0.15100998271577604
29362.732,0.1510082709427356
29362.733,0.15100655972341293
29362.734,0.15100484911490594
29362.735,0.15100313948451682
29362.736,0.15100143134268956
29362.737,0.15099972490545005
29362.738,0.15099801994688775
29362.739,0.15099631695136662
29362.74,0.15099461612786563
29362.741,0.1509929178631504
29362.742,0.150991222676251
29362.743,0.15098953019563657
29362.744,0.1509878404922053
29362.745,0.15098615333983342
29362.746,0.15098446879683985
29362.747,0.15098278661349313
29362.748,0.1509811067304677
29362.749,0.15097942961042873
29362.75,0.15097775562244953
29362.751,0.15097608521249334
29362.752,0.15097441841843764
29362.753,0.15097275530150703
29362.754,0.15097109625508226
29362.755,0.15096944046140567
29362.756,0.15096778852378848
29362.757,0.15096614066875375
29362.758,0.15096449720203323
29362.759,0.15096285840497056
29362.76,0.15096122356058658
29362.761,0.1509595926860634
29362.762,0.15095796560442215
29362.763,0.15095634177259395
29362.764,0.1509547212571255
29362.765,0.15095310430534775
29362.766,0.1509514911820668
29362.767,0.15094988194751371
29362.768,0.15094827654549273
29362.769,0.15094667469341536
29362.77,0.15094507659031556
29362.771,0.1509434821708086
29362.772,0.1509418912901483
29362.773,0.1509403036075554
29362.774,0.1509387199085827
29362.775,0.15093713972479142
29362.776,0.15093556293210642
29362.777,0.15093398939762423
29362.778,0.15093241891218023
29362.779,0.15093085085126007
29362.78,0.15092928488067875
29362.781,0.1509277209838387
29362.782,0.15092615982010862
29362.783,0.1509246009688941
29362.784,0.15092304453119496
29362.785,0.15092149007263422
29362.786,0.15091993758456565
29362.787,0.15091838709396505
29362.788,0.150916838403601
29362.789,0.15091529124393657
29362.79,0.15091374563601467
29362.791,0.15091220172247502
29362.792,0.15091065967641942
29362.793,0.15090911905677454
29362.794,0.1509075799224626
29362.795,0.15090604196546736
29362.796,0.1509045050050553
29362.797,0.15090296831293187
29362.798,0.15090143214218976
29362.799,0.15089989659960845
29362.8,0.1508983619236151
29362.801,0.15089682759368703
29362.802,0.15089529345569438
29362.803,0.15089375965171214
29362.804,0.1508922261998881
29362.805,0.15089069288198287
29362.806,0.15088915971739728
29362.807,0.15088762710319534
29362.808,0.15088609571145256
29362.809,0.15088456516604398
29362.81,0.15088303518331284
29362.811,0.15088150529781955
29362.812,0.15087997547174137
29362.813,0.15087844536483255
29362.814,0.15087691501538633
29362.815,0.15087538473775178
29362.816,0.1508738546086952
29362.817,0.15087232506920598
29362.818,0.15087079600996095
29362.819,0.1508692671761858
29362.82,0.15086773898541075
29362.821,0.1508662114362024
29362.822,0.15086468452463245
29362.823,0.1508631584088134
29362.824,0.15086163391821097
29362.825,0.15086011092518364
29362.826,0.15085858931050575
29362.827,0.15085706907863444
29362.828,0.15085555036643528
29362.829,0.1508540328356954
29362.83,0.15085251600007266
29362.831,0.15085100024239728
29362.832,0.1508494862314097
29362.833,0.15084797374691336
29362.834,0.1508464630897179
29362.835,0.1508449546616851
29362.836,0.15084344872881228
29362.837,0.15084194499715584
29362.838,0.15084044386470868
29362.839,0.15083894555492447
29362.84,0.1508374500919722
29362.841,0.15083595792472754
29362.842,0.15083446942693482
29362.843,0.15083298426009453
29362.844,0.15083150241803467
29362.845,0.15083002424146202
29362.846,0.15082854952974634
29362.847,0.15082707773849913
29362.848,0.150825608884588
29362.849,0.15082414359949334
29362.85,0.15082268266395293
29362.851,0.15082122589045432
29362.852,0.15081977325951013
29362.853,0.15081832494066913
29362.854,0.15081688109079983
29362.855,0.15081544148415088
29362.856,0.1508140069534406
29362.857,0.1508125771597396
29362.858,0.1508111528751858
29362.859,0.15080973387535732
29362.86,0.15080831991992275
29362.861,0.15080691119471132
29362.862,0.150805507544951
29362.863,0.1508041081948268
29362.864,0.1508027133817868
29362.865,0.1508013236408672
29362.866,0.15079993897722352
29362.867,0.15079855957821423
29362.868,0.1507971854524616
29362.869,0.15079581659150185
29362.87,0.15079445326312726
29362.871,0.1507930952741819
29362.872,0.15079174252006616
29362.873,0.15079039540670436
29362.874,0.15078905460626804
29362.875,0.15078771956147458
29362.876,0.15078639021208157
29362.877,0.150785066506174
29362.878,0.15078374838443137
29362.879,0.15078243549721435
29362.88,0.15078112748894887
29362.881,0.15077982446767432
29362.882,0.15077852697814145
29362.883,0.1507772344397625
29362.884,0.15077594740365607
29362.885,0.15077466569912998
29362.886,0.15077338941494903
29362.887,0.15077211883776118
29362.888,0.15077085369505697
29362.889,0.1507695938597765
29362.89,0.1507683394946745
29362.891,0.1507670910053931
29362.892,0.15076584839839743
29362.893,0.15076461100250071
29362.894,0.15076337884307237
29362.895,0.15076215196461906
29362.896,0.15076092999490825
29362.897,0.15075971236489363
29362.898,0.15075849961169147
29362.899,0.15075729190164658
29362.9,0.150756089367971
29362.901,0.15075489187063987
29362.902,0.1507536996652149
29362.903,0.15075251274271076
29362.904,0.15075133083274447
29362.905,0.15075015389675736
29362.906,0.1507489819703807
29362.907,0.15074781506572593
29362.908,0.15074665350136554
29362.909,0.15074549724609285
29362.91,0.15074434562913555
29362.911,0.15074319844559142
29362.912,0.15074205581996122
29362.913,0.15074091719808227
29362.914,0.15073978254992454
29362.915,0.15073865213481805
29362.916,0.15073752577057054
29362.917,0.15073640359507734
29362.918,0.15073528563392624
29362.919,0.15073417161464212
29362.92,0.15073306187618385
29362.921,0.15073195609749382
29362.922,0.15073085429988597
29362.923,0.15072975572810737
29362.924,0.15072866098015403
29362.925,0.15072756963857858
29362.926,0.1507264814635154
29362.927,0.15072539627319045
29362.928,0.1507243140381256
29362.929,0.15072323440863236
29362.93,0.15072215687345525
29362.931,0.15072108176554963
29362.932,0.15072000899765345
29362.933,0.15071893845903706
29362.934,0.15071787020624317
29362.935,0.1507168041134324
29362.936,0.15071573993613918
29362.937,0.1507146775984046
29362.938,0.15071361692929097
29362.939,0.15071255748183526
29362.94,0.15071149925025534
29362.941,0.15071044239608902
29362.942,0.15070938717356153
29362.943,0.15070833293111166
29362.944,0.15070727962131789
29362.945,0.15070622690275468
29362.946,0.15070517428494237
29362.947,0.15070412149110446
29362.948,0.15070306873166764
29362.949,0.1507020165284655
29362.95,0.15070096478290737
29362.951,0.15069991301463884
29362.952,0.1506988615011595
29362.953,0.1506978102077605
29362.954,0.1506967589878787
29362.955,0.1506957078999227
29362.956,0.15069465685985126
29362.957,0.15069360584252428
29362.958,0.1506925552806841
29362.959,0.15069150495647485
29362.96,0.15069045508816495
29362.961,0.15068940505887746
29362.962,0.15068835487292623
29362.963,0.1506873039444205
29362.964,0.15068625293088753
29362.965,0.15068520222175516
29362.966,0.15068415178026232
29362.967,0.15068310222378936
29362.968,0.1506820532396047
29362.969,0.15068100497926287
29362.97,0.15067995773486104
29362.971,0.1506789113047631
29362.972,0.15067786589990514
29362.973,0.15067682196380117
29362.974,0.1506757799638253
29362.975,0.150674739774007
29362.976,0.15067370164839053
29362.977,0.1506726655660455
29362.978,0.1506716316699746
29362.979,0.15067059978348274
29362.98,0.1506695696560476
29362.981,0.15066854142432293
29362.982,0.15066751560102987
29362.983,0.15066649217971434
29362.984,0.15066547186135204
29362.985,0.15066445439501466
29362.986,0.15066344025768816
29362.987,0.1506624295090483
29362.988,0.15066142204089092
29362.989,0.15066041814282993
29362.99,0.1506594178159304
29362.991,0.1506584217209716
29362.992,0.1506574297450754
29362.993,0.1506564414524219
29362.994,0.15065545745825173
29362.995,0.15065447784119682
29362.996,0.15065350175665837
29362.997,0.15065252908814758
29362.998,0.15065155997152674
29362.999,0.15065059451555912
29363.0,0.15064963287963404
29363.001,0.1506486752636991
29363.002,0.15064772150731276
29363.003,0.15064677183572642
29363.004,0.15064582606089186
29363.005,0.1506448842916853
29363.006,0.15064394652889457
29363.007,0.1506430128854237
29363.008,0.15064208355426542
29363.009,0.1506411583290465
29363.01,0.1506402366373458
29363.011,0.1506393186496887
29363.012,0.15063840396722267
29363.013,0.1506374921979178
29363.014,0.15063658344641903
29363.015,0.15063567769601593
29363.016,0.15063477495839322
29363.017,0.15063387537308484
29363.018,0.15063297898718755
29363.019,0.1506320853717279
29363.02,0.15063119484436072
29363.021,0.15063030710032768
29363.022,0.15062942232273083
29363.023,0.15062854019432934
29363.024,0.1506276618164392
29363.025,0.1506267863275054
29363.026,0.1506259137304356
29363.027,0.15062504387145406
29363.028,0.1506241771471958
29363.029,0.1506233129185487
29363.03,0.15062245079861453
29363.031,0.15062159064224634
29363.032,0.15062073312310975
29363.033,0.15061987810575525
29363.034,0.15061902554020584
29363.035,0.1506181756590251
29363.036,0.15061732837627814
29363.037,0.1506164837151715
29363.038,0.15061564174695044
29363.039,0.15061480266356525
29363.04,0.1506139665961434
29363.041,0.15061313422285247
29363.042,0.15061230549254892
29363.043,0.15061147992088394
29363.044,0.1506106579197467
29363.045,0.150609839091721
29363.046,0.15060902340095683
29363.047,0.15060821029618357
29363.048,0.15060740007311202
29363.049,0.1506065927096227
29363.05,0.1506057882307618
29363.051,0.15060498699306019
29363.052,0.1506041888394414
29363.053,0.1506033937253055
29363.054,0.1506026018401694
29363.055,0.15060181304374107
29363.056,0.15060102745667908
29363.057,0.15060024518306897
29363.058,0.15059946675796126
29363.059,0.1505986918554642
29363.06,0.15059792049477086
29363.061,0.1505971525406356
29363.062,0.1505963874763702
29363.063,0.15059562485738992
29363.064,0.1505948645825967
29363.065,0.1505941067438344
29363.066,0.15059335118786063
29363.067,0.15059259801367486
29363.068,0.15059184696641034
29363.069,0.1505910978736617
29363.07,0.1505903507425112
29363.071,0.15058960511906386
29363.072,0.150588861270964
29363.073,0.1505881188778269
29363.074,0.1505873779498099
29363.075,0.15058663827618865
29363.076,0.1505858998903876
29363.077,0.1505851622912115
29363.078,0.15058442521683876
29363.079,0.15058368780552442
29363.08,0.1505829497187196
29363.081,0.15058221073667297
29363.082,0.15058147117580345
29363.083,0.15058073090424828
29363.084,0.15057998990004431
29363.085,0.15057924767825473
29363.086,0.15057850420601138
29363.087,0.15057775906219845
29363.088,0.15057701219536646
29363.089,0.15057626318095652
29363.09,0.15057551194755675
29363.091,0.15057475874818171
29363.092,0.15057400326655018
29363.093,0.15057324558477145
29363.094,0.15057248519191765
29363.095,0.15057172150567688
29363.096,0.15057095382446695
29363.097,0.15057018222331417
29363.098,0.1505694066274913
29363.099,0.15056862731948673
29363.1,0.1505678441591794
29363.101,0.150567057028648
29363.102,0.1505662657589737
29363.103,0.15056547057084654
29363.104,0.1505646709871809
29363.105,0.15056386717536258
29363.106,0.15056305895549918
29363.107,0.1505622464626795
29363.108,0.15056143022105192
29363.109,0.1505606098353492
29363.11,0.15055978521109692
29363.111,0.1505589561541404
29363.112,0.15055812264126125
29363.113,0.15055728431841878
29363.114,0.15055644099262305
29363.115,0.15055559276408534
29363.116,0.15055474017307957
29363.117,0.15055388303844972
29363.118,0.1505530215795232
29363.119,0.1505521558290428
29363.12,0.15055128587170358
29363.121,0.1505504116853048
29363.122,0.15054953352013142
29363.123,0.15054865139128287
29363.124,0.15054776594088146
29363.125,0.15054687675532907
29363.126,0.15054598402271385
29363.127,0.15054508777919084
29363.128,0.15054418828978877
29363.129,0.1505432847611517
29363.13,0.15054237717602822
29363.131,0.15054146559162507
29363.132,0.15054055088893326
29363.133,0.150539632998556
29363.134,0.15053871204051417
29363.135,0.1505377881022691
29363.136,0.15053686123237545
29363.137,0.15053593150676628
29363.138,0.15053499936101508
29363.139,0.1505340644258609
29363.14,0.15053312705501634
29363.141,0.15053218774730467
29363.142,0.15053124643511673
29363.143,0.15053030316260663
29363.144,0.1505293577004091
29363.145,0.15052841004609244
29363.146,0.15052746001647613
29363.147,0.15052650755345104
29363.148,0.150525553112439
29363.149,0.1505245965906447
29363.15,0.15052363865727914
29363.151,0.15052267932781294
29363.152,0.150521718632891
29363.153,0.15052075675555884
29363.154,0.1505197936102684
29363.155,0.15051882913386613
29363.156,0.150517863394015
29363.157,0.1505168965765848
29363.158,0.15051592949939188
29363.159,0.15051496164063413
29363.16,0.15051399339692872
29363.161,0.15051302425931448
29363.162,0.15051205406557483
29363.163,0.15051108292161605
29363.164,0.15051011096798447
29363.165,0.1505091382914841
29363.166,0.15050816500471093
29363.167,0.1505071913831484
29363.168,0.1505062174205152
29363.169,0.15050524290448922
29363.17,0.15050426830885466
29363.171,0.15050329359425238
29363.172,0.15050231898799457
29363.173,0.15050134472260224
29363.174,0.15050037129933186
29363.175,0.1504993987867893
29363.176,0.1504984269925581
29363.177,0.15049745577657497
29363.178,0.15049648533261858
29363.179,0.15049551510804265
29363.18,0.15049454528541728
29363.181,0.15049357572167896
29363.182,0.15049260711399207
29363.183,0.15049163950784
29363.184,0.15049067266304986
29363.185,0.15048970643076323
29363.186,0.1504887408979066
29363.187,0.15048777624235016
29363.188,0.15048681274363845
29363.189,0.1504858500161402
29363.19,0.15048488857618217
29363.191,0.1504839286999434
29363.192,0.15048297064042485
29363.193,0.15048201404464803
29363.194,0.1504810582703466
29363.195,0.1504801036345804
29363.196,0.1504791499012795
29363.197,0.1504781966887377
29363.198,0.15047724412878297
29363.199,0.1504762922782042
29363.2,0.150475341354123
29363.201,0.1504743913411216
29363.202,0.15047344237121948
29363.203,0.15047249423838902
29363.204,0.15047154697196283
29363.205,0.1504706001719693
29363.206,0.15046965368845808
29363.207,0.15046870768934267
29363.208,0.1504677624584345
29363.209,0.15046681769678788
29363.21,0.15046587341141207
29363.211,0.15046492937181744
29363.212,0.1504639854278027
29363.213,0.15046304093124016
29363.214,0.15046209605119365
29363.215,0.15046115081882597
29363.216,0.15046020534687926
29363.217,0.1504592594404874
29363.218,0.1504583135040132
29363.219,0.15045736711656055
29363.22,0.15045642024022327
29363.221,0.1504554728536663
29363.222,0.15045452491650527
29363.223,0.15045357616593508
29363.224,0.15045262703863607
29363.225,0.15045167735785894
29363.226,0.1504507273772456
29363.227,0.1504497770603813
29363.228,0.15044882621873368
29363.229,0.15044787437514343
29363.23,0.15044692117212577
29363.231,0.1504459668642437
29363.232,0.150445011693917
29363.233,0.15044405570893926
29363.234,0.15044309850643842
29363.235,0.15044214043584847
29363.236,0.15044118171175708
29363.237,0.15044022235065388
29363.238,0.15043926247235676
29363.239,0.1504383017866874
29363.24,0.1504373406351916
29363.241,0.15043637921658304
29363.242,0.15043541760304396
29363.243,0.1504344555973331
29363.244,0.15043349322354285
29363.245,0.1504325305616658
29363.246,0.15043156704624228
29363.247,0.15043060255112298
29363.248,0.15042963726187675
29363.249,0.1504286712551341
29363.25,0.15042770477293646
29363.251,0.15042673787092356
29363.252,0.15042577075966782
29363.253,0.1504248032393341
29363.254,0.1504238355597149
29363.255,0.1504228678047225
29363.256,0.1504218995710539
29363.257,0.15042093121071978
29363.258,0.1504199630170787
29363.259,0.15041899468217337
29363.26,0.1504180263870569
29363.261,0.15041705768037092
29363.262,0.15041608828905248
29363.263,0.1504151176908674
29363.264,0.15041414597956504
29363.265,0.15041317325373202
29363.266,0.15041220003195394
29363.267,0.15041122606048665
29363.268,0.15041025166582853
29363.269,0.1504092766893474
29363.27,0.15040830112376102
29363.271,0.15040732496962067
29363.272,0.15040634830521205
29363.273,0.15040537087849054
29363.274,0.15040439264311023
29363.275,0.1504034137826623
29363.276,0.15040243424444433
29363.277,0.15040145404797564
29363.278,0.150400472884738
29363.279,0.15039949029306485
29363.28,0.15039850637517685
29363.281,0.1503975209720935
29363.282,0.1503965347960018
29363.283,0.15039554757348036
29363.284,0.1503945592855964
29363.285,0.15039357021589492
29363.286,0.15039258082563878
29363.287,0.15039159105170255
29363.288,0.15039060044824676
29363.289,0.15038960929421472
29363.29,0.15038861795962954
29363.291,0.1503876267103605
29363.292,0.15038663558126375
29363.293,0.15038564411098213
29363.294,0.15038465248171903
29363.295,0.15038366105760176
29363.296,0.15038266962509178
29363.297,0.15038167765517918
29363.298,0.15038068552384418
29363.299,0.15037969326006534
29363.3,0.15037870149236748
29363.301,0.150377710418219
29363.302,0.15037672024580076
29363.303,0.15037573096852308
29363.304,0.15037474290019545
29363.305,0.15037375598378797
29363.306,0.15037277049056244
29363.307,0.15037178653544908
29363.308,0.15037080474737882
29363.309,0.1503698248403635
29363.31,0.1503688465799681
29363.311,0.15036787035099905
29363.312,0.15036689573874132
29363.313,0.15036592224014791
29363.314,0.15036495033120023
29363.315,0.15036397997427056
29363.316,0.15036301143234815
29363.317,0.1503620445198584
29363.318,0.15036107938778223
29363.319,0.15036011594837428
29363.32,0.15035915446387893
29363.321,0.15035819453899804
29363.322,0.15035723629759726
29363.323,0.15035627968904142
29363.324,0.15035532525164572
29363.325,0.15035437252538938
29363.326,0.15035342124370754
29363.327,0.15035247119874262
29363.328,0.15035152212394282
29363.329,0.15035057359589954
29363.33,0.15034962497696663
29363.331,0.15034867629867063
29363.332,0.15034772769004373
29363.333,0.15034677898795665
29363.334,0.1503458298923348
29363.335,0.15034488036099294
29363.336,0.15034393028053653
29363.337,0.15034297911919328
29363.338,0.1503420268588991
29363.339,0.1503410731689647
29363.34,0.15034011768676314
29363.341,0.1503391607021496
29363.342,0.15033820185870067
29363.343,0.1503372407592362
29363.344,0.1503362772067415
29363.345,0.15033531058265193
29363.346,0.15033434064357346
29363.347,0.1503333666602963
29363.348,0.15033238875257343
29363.349,0.15033140677629514
29363.35,0.15033042062731167
29363.351,0.15032943024296358
29363.352,0.1503284354969727
29363.353,0.1503274361185731
29363.354,0.15032643157169226
29363.355,0.15032542207651634
29363.356,0.1503244070867276
29363.357,0.15032338708178442
29363.358,0.15032236214662578
29363.359,0.15032133212328982
29363.36,0.1503202966566726
29363.361,0.150319255642009
29363.362,0.15031820873372997
29363.363,0.15031715565406262
29363.364,0.1503160964723393
29363.365,0.15031503159655465
29363.366,0.15031396104346878
29363.367,0.15031288472331322
29363.368,0.15031180307785175
29363.369,0.15031071553212721
29363.37,0.1503096225676207
29363.371,0.15030852409856627
29363.372,0.15030742045456974
29363.373,0.15030631148467635
29363.374,0.15030519818189922
29363.375,0.15030408079428462
29363.376,0.15030295921563713
29363.377,0.15030183355516952
29363.378,0.15030070396091996
29363.379,0.1502995701461956
29363.38,0.1502984320063315
29363.381,0.1502972897973304
29363.382,0.15029614432418711
29363.383,0.15029499550497238
29363.384,0.1502938434173597
29363.385,0.1502926884702544
29363.386,0.1502915311027107
29363.387,0.1502903711926061
29363.388,0.15028920934245119
29363.389,0.15028804594997697
29363.39,0.15028688078820554
29363.391,0.15028571442099573
29363.392,0.15028454700202765
29363.393,0.15028337838784292
29363.394,0.1502822089940456
29363.395,0.15028103884808736
29363.396,0.15027986759975037
29363.397,0.15027869485839848
29363.398,0.1502775217818895
29363.399,0.15027634818880756
29363.4,0.15027517467037424
29363.401,0.15027400115822154
29363.402,0.15027282755675345
29363.403,0.1502716539814369
29363.404,0.15027048048597655
29363.405,0.15026930707008565
29363.406,0.15026813332493588
29363.407,0.15026695953763267
29363.408,0.1502657865453967
29363.409,0.15026461385027004
29363.41,0.15026344172303385
29363.411,0.15026226984952495
29363.412,0.15026109791784026
29363.413,0.1502599257174776
29363.414,0.15025875307529418
29363.415,0.15025758018195537
29363.416,0.15025640714834898
29363.417,0.1502552341693489
29363.418,0.1502540612710765
29363.419,0.15025288843523624
29363.42,0.15025171553975225
29363.421,0.15025054232004204
29363.422,0.15024936903773173
29363.423,0.15024819554795532
29363.424,0.15024702207043153
29363.425,0.15024584869640478
29363.426,0.15024467547190912
29363.427,0.15024350228365235
29363.428,0.15024232880187366
29363.429,0.15024115452802048
29363.43,0.15023997903403255
29363.431,0.15023880285118643
29363.432,0.15023762674415192
29363.433,0.15023645059555837
29363.434,0.1502352747114316
29363.435,0.15023409919139025
29363.436,0.15023292424311604
29363.437,0.15023174961553545
29363.438,0.1502305756811585
29363.439,0.1502294021772958
29363.44,0.15022822955767365
29363.441,0.15022705863028854
29363.442,0.15022588936402997
29363.443,0.15022472185756683
29363.444,0.15022355596559106
29363.445,0.15022239169604323
29363.446,0.15022122928964887
29363.447,0.1502200680766875
29363.448,0.15021890910535407
29363.449,0.15021775243705063
29363.45,0.15021659860762773
29363.451,0.15021544792389652
29363.452,0.15021430091735902
29363.453,0.15021315760788922
29363.454,0.15021201820192298
29363.455,0.1502108831945844
29363.456,0.15020975243321988
29363.457,0.15020862670058843
29363.458,0.15020750646960102
29363.459,0.15020639187933443
29363.46,0.15020528288478563
29363.461,0.1502041795851545
29363.462,0.15020308173562238
29363.463,0.15020198937281978
29363.464,0.1502009028877068
29363.465,0.15019982275675653
29363.466,0.15019874893405175
29363.467,0.1501976817717545
29363.468,0.15019662144629406
29363.469,0.1501955680141031
29363.47,0.1501945219970666
29363.471,0.15019348315821046
29363.472,0.15019245197421707
29363.473,0.15019142828119844
29363.474,0.15019041272075295
29363.475,0.15018940503068173
29363.476,0.15018840493831115
29363.477,0.15018741252485976
29363.478,0.1501864277041258
29363.479,0.15018544994081445
29363.48,0.15018447911081217
29363.481,0.15018351539295835
29363.482,0.15018255910503742
29363.483,0.15018160987657353
29363.484,0.15018066775312686
29363.485,0.15017973276425273
29363.486,0.15017880472190567
29363.487,0.1501778834689406
29363.488,0.15017696878932266
29363.489,0.15017606021653715
29363.49,0.15017515790458677
29363.491,0.15017426183916982
29363.492,0.15017337171991138
29363.493,0.15017248709977069
29363.494,0.15017160774872976
29363.495,0.1501707330981983
29363.496,0.15016986250604203
29363.497,0.15016899561195346
29363.498,0.15016813245520058
29363.499,0.1501672725890694
29363.5,0.15016641625623434
29363.501,0.15016556294962224
29363.502,0.1501647122780766
29363.503,0.15016386390501074
29363.504,0.15016301743436117
29363.505,0.15016217254634417
29363.506,0.15016132910837043
29363.507,0.1501604870707616
29363.508,0.15015964669637186
29363.509,0.15015880725507177
29363.51,0.15015796843690696
29363.511,0.150157129662747
29363.512,0.15015629054961158
29363.513,0.15015545018407922
29363.514,0.15015460840267356
29363.515,0.15015376543315384
29363.516,0.15015292132052846
29363.517,0.1501520757345077
29363.518,0.15015122818398924
29363.519,0.1501503785175669
29363.52,0.1501495267740055
29363.521,0.15014867279901323
29363.522,0.15014781663373272
29363.523,0.15014695787687857
29363.524,0.15014609690321984
29363.525,0.1501452339114396
29363.526,0.15014436837373316
29363.527,0.15014349995564408
29363.528,0.15014262907713227
29363.529,0.15014175502376376
29363.53,0.15014087791156555
29363.531,0.15013999781761586
29363.532,0.15013911491413443
29363.533,0.1501382290116294
29363.534,0.15013734020018163
29363.535,0.15013644838437964
29363.536,0.15013555369668666
29363.537,0.15013465644793403
29363.538,0.15013375651107133
29363.539,0.15013285401906648
29363.54,0.15013194940893193
29363.541,0.15013104299175772
29363.542,0.15013013436636588
29363.543,0.15012922348489574
29363.544,0.15012831059791987
29363.545,0.15012739574173878
29363.546,0.1501264787013501
29363.547,0.1501255589642285
29363.548,0.15012463740478232
29363.549,0.1501237137793551
29363.55,0.15012278840637955
29363.551,0.15012186116610027
29363.552,0.15012093217111233
29363.553,0.15012000120198626
29363.554,0.15011906832210953
29363.555,0.15011813372982996
29363.556,0.15011719741951363
29363.557,0.150116259190776
29363.558,0.1501153195474074
29363.559,0.15011437855408064
29363.56,0.15011343589092963
29363.561,0.1501124914346249
29363.562,0.1501115449395848
29363.563,0.15011059621891815
29363.564,0.15010964504356125
29363.565,0.1501086912876545
29363.566,0.15010773508243705
29363.567,0.15010677661164426
29363.568,0.15010581579517582
29363.569,0.15010485257554723
29363.57,0.150103886893323
29363.571,0.15010291845998358
29363.572,0.1501019474855718
29363.573,0.15010097369224812
29363.574,0.15009999741153843
29363.575,0.15009901856367436
29363.576,0.1500980370417415
29363.577,0.150097052601058
29363.578,0.15009606511537849
29363.579,0.1500950738972193
29363.58,0.15009407889076104
29363.581,0.1500930803059934
29363.582,0.15009207853089304
29363.583,0.15009107330603366
29363.584,0.1500900648460159
29363.585,0.15008905289435734
29363.586,0.1500880375359639
29363.587,0.15008701891558537
29363.588,0.150085996609537
29363.589,0.15008497053216133
29363.59,0.1500839410175147
29363.591,0.15008290821643366
29363.592,0.150081872393341
29363.593,0.15008083352780807
29363.594,0.1500797913882867
29363.595,0.1500787459531277
29363.596,0.15007769695499037
29363.597,0.1500766441605083
29363.598,0.15007558776147634
29363.599,0.15007452796003332
29363.6,0.1500734647524236
29363.601,0.15007239833008792
29363.602,0.15007132868543394
29363.603,0.15007025597052479
29363.604,0.15006918053766075
29363.605,0.1500681020693707
29363.606,0.15006702053305365
29363.607,0.15006593594296433
29363.608,0.1500648491083429
29363.609,0.15006375944685113
29363.61,0.1500626669137705
29363.611,0.15006157152084468
29363.612,0.15006047301155367
29363.613,0.15005937100398622
29363.614,0.15005826549782247
29363.615,0.15005715688108812
29363.616,0.15005604520104712
29363.617,0.15005493001566034
29363.618,0.15005381175968874
29363.619,0.1500526903676172
29363.62,0.1500515662297377
29363.621,0.15005043884174296
29363.622,0.150049308167883
29363.623,0.15004817432321138
29363.624,0.15004703773844716
29363.625,0.1500458983586646
29363.626,0.1500447558744021
29363.627,0.1500436099758002
29363.628,0.1500424607398208
29363.629,0.15004130737439628
29363.63,0.1500401499355901
29363.631,0.1500389883953924
29363.632,0.1500378232433877
29363.633,0.15003665430384497
29363.634,0.15003548180896084
29363.635,0.1500343054350201
29363.636,0.15003312552429057
29363.637,0.15003194177024418
29363.638,0.1500307542124354
29363.639,0.15002956297100933
29363.64,0.1500283681133234
29363.641,0.15002716978538158
29363.642,0.15002596805857807
29363.643,0.15002476308766408
29363.644,0.15002355471838166
29363.645,0.15002234238056053
29363.646,0.15002112589879787
29363.647,0.15001990497227094
29363.648,0.15001867999557722
29363.649,0.15001745094056404
29363.65,0.15001621800739162
29363.651,0.15001498153060355
29363.652,0.15001374180423555
29363.653,0.15001249879422468
29363.654,0.1500112525795123
29363.655,0.1500100032156177
29363.656,0.1500087504204664
29363.657,0.15000749466778235
29363.658,0.1500062364772273
29363.659,0.15000497565169757
29363.66,0.1500037118610439
29363.661,0.1500024452366857
29363.662,0.1500011752888111
29363.663,0.14999990179634926
29363.664,0.14999862491223953
29363.665,0.14999734527516095
29363.666,0.14999606294842907
29363.667,0.14999477798458305
29363.668,0.1499934904550567
29363.669,0.14999220064857025
29363.67,0.14999090863276873
29363.671,0.14998961456877716
29363.672,0.14998831850301056
29363.673,0.14998702058706534
29363.674,0.14998572105648292
29363.675,0.14998442030461642
29363.676,0.14998311820751975
29363.677,0.14998181461370846
29363.678,0.14998050993099418
29363.679,0.14997920401960615
29363.68,0.14997789665878916
29363.681,0.14997658773110856
29363.682,0.14997527771368127
29363.683,0.14997396645115027
29363.684,0.14997265438414303
29363.685,0.14997134162175868
29363.686,0.14997002827463274
29363.687,0.14996871492291505
29363.688,0.14996740170153378
29363.689,0.1499660889048844
29363.69,0.14996477669469027
29363.691,0.14996346547297829
29363.692,0.14996215532773188
29363.693,0.14996084600954493
29363.694,0.14995953760312
29363.695,0.1499582305137183
29363.696,0.14995692440318306
29363.697,0.14995561907940194
29363.698,0.14995431484797841
29363.699,0.14995301205244466
29363.7,0.14995171125315773
29363.701,0.1499504126523712
29363.702,0.1499491162920163
29363.703,0.14994782252120142
29363.704,0.1499465311373264
29363.705,0.14994524221032773
29363.706,0.14994395638157262
29363.707,0.1499426737379826
29363.708,0.14994139493278547
29363.709,0.14994011961796255
29363.71,0.14993884820660786
29363.711,0.14993758063647497
29363.712,0.14993631669172705
29363.713,0.14993505606993582
29363.714,0.14993379911951266
29363.715,0.1499325462072969
29363.716,0.1499312973472375
29363.717,0.1499300527625847
29363.718,0.14992881284904758
29363.719,0.14992757735475887
29363.72,0.14992634680423092
29363.721,0.1499251209699958
29363.722,0.14992390009707665
29363.723,0.14992268442571421
29363.724,0.1499214742320665
29363.725,0.1499202696903197
29363.726,0.14991907043422437
29363.727,0.14991787671330414
29363.728,0.14991668845869247
29363.729,0.14991550496480877
29363.73,0.14991432620747946
29363.731,0.1499131527690675
29363.732,0.1499119848363379
29363.733,0.14991082255272156
29363.734,0.1499096659821837
29363.735,0.14990851497846686
29363.736,0.14990736977209498
29363.737,0.1499062303817198
29363.738,0.1499050969996881
29363.739,0.14990396931382943
29363.74,0.14990284767227183
29363.741,0.1499017321915018
29363.742,0.14990062307393054
29363.743,0.14989951966324366
29363.744,0.1498984221879948
29363.745,0.14989733052305107
29363.746,0.14989624437809315
29363.747,0.1498951634612097
29363.748,0.1498940879801335
29363.749,0.1498930181971269
29363.75,0.14989195405406608
29363.751,0.1498908957321788
29363.752,0.14988984288042365
29363.753,0.14988879525296223
29363.754,0.14988775300032947
29363.755,0.14988671586800068
29363.756,0.14988568364899324
29363.757,0.1498846565890786
29363.758,0.14988363507259805
29363.759,0.14988261867930408
29363.76,0.14988160713980045
29363.761,0.1498805999912619
29363.762,0.14987959682807694
29363.763,0.1498785974167395
29363.764,0.14987760162183333
29363.765,0.14987660940880915
29363.766,0.14987562060153206
29363.767,0.14987463546017624
29363.768,0.14987365379547304
29363.769,0.14987267524432155
29363.77,0.14987169961213978
29363.771,0.14987072675471977
29363.772,0.14986975655770704
29363.773,0.1498687887142044
29363.774,0.14986782352289152
29363.775,0.14986686111777373
29363.776,0.14986590059534027
29363.777,0.14986494176357343
29363.778,0.14986398442591528
29363.779,0.14986302797587034
29363.78,0.14986207161434228
29363.781,0.14986111585655054
29363.782,0.14986016073879346
29363.783,0.14985920593068686
29363.784,0.1498582512963466
29363.785,0.14985729656196067
29363.786,0.1498563418837889
29363.787,0.14985538738442236
29363.788,0.14985443246503946
29363.789,0.1498534766936502
29363.79,0.14985252026786988
29363.791,0.14985156374525138
29363.792,0.14985060668423295
29363.793,0.14984964879454488
29363.794,0.14984869006213847
29363.795,0.14984773018708247
29363.796,0.14984676837466204
29363.797,0.1498458044752696
29363.798,0.149844838712732
29363.799,0.14984387110190195
29363.8,0.14984290171154735
29363.801,0.1498419303567594
29363.802,0.1498409570306079
29363.803,0.14983998170325466
29363.804,0.14983900395402716
29363.805,0.14983802406730926
29363.806,0.14983704149692037
29363.807,0.14983605668919933
29363.808,0.1498350699578498
29363.809,0.1498340809683489
29363.81,0.14983308968674353
29363.811,0.14983209562933766
29363.812,0.14983109829619204
29363.813,0.14983009695493493
29363.814,0.14982909168292197
29363.815,0.14982808243384235
29363.816,0.14982706945184274
29363.817,0.14982605257928863
29363.818,0.14982503189682342
29363.819,0.14982400708840804
29363.82,0.1498229783833063
29363.821,0.14982194537670168
29363.822,0.14982090782685467
29363.823,0.14981986562336605
29363.824,0.14981881909963762
29363.825,0.14981776808343306
29363.826,0.14981671222906442
29363.827,0.14981565167565433
29363.828,0.1498145856182576
29363.829,0.1498135139977075
29363.83,0.14981243674582134
29363.831,0.14981135343138474
29363.832,0.14981026392827249
29363.833,0.14980916841497574
29363.834,0.14980806670904193
29363.835,0.14980695903629476
29363.836,0.1498058452394888
29363.837,0.14980472553383162
29363.838,0.14980359964034098
29363.839,0.14980246736692063
29363.84,0.14980132881451372
29363.841,0.1498001842344549
29363.842,0.14979903389813098
29363.843,0.1497978772468217
29363.844,0.14979671475678585
29363.845,0.1497955460469574
29363.846,0.1497943708677582
29363.847,0.14979318914195153
29363.848,0.1497920012078479
29363.849,0.1497908070457496
29363.85,0.1497896070824219
29363.851,0.1497884015480328
29363.852,0.14978719054114273
29363.853,0.1497859744365952
29363.854,0.1497847534202916
29363.855,0.14978352754958066
29363.856,0.14978229677928256
29363.857,0.1497810616954254
29363.858,0.14977982313968885
29363.859,0.14977858048178994
29363.86,0.14977733425534667
29363.861,0.14977608443307344
29363.862,0.14977483104550335
29363.863,0.1497735741484515
29363.864,0.1497723140432293
29363.865,0.14977105139035207
29363.866,0.14976978647641104
29363.867,0.14976851957130918
29363.868,0.14976725115157527
29363.869,0.1497659813672332
29363.87,0.1497647108107743
29363.871,0.14976344002079403
29363.872,0.14976216908921453
29363.873,0.1497608982113453
29363.874,0.14975962828983624
29363.875,0.14975835961297504
29363.876,0.14975709234406503
29363.877,0.149755826853634
29363.878,0.14975456338354412
29363.879,0.14975330187744565
29363.88,0.14975204210529772
29363.881,0.1497507849301077
29363.882,0.14974953059691756
29363.883,0.14974827959718706
29363.884,0.14974703264565478
29363.885,0.14974578966995472
29363.886,0.14974455099083425
29363.887,0.1497433166575242
29363.888,0.14974208713746415
29363.889,0.1497408626739032
29363.89,0.14973964356355962
29363.891,0.14973843041185705
29363.892,0.1497372233718151
29363.893,0.14973602250160464
29363.894,0.14973482778369132
29363.895,0.1497336394560916
29363.896,0.14973245726048143
29363.897,0.14973128111792536
29363.898,0.1497301114076339
29363.899,0.14972894780919663
29363.9,0.14972779124528632
29363.901,0.1497266417748764
29363.902,0.149725499523227
29363.903,0.1497243644686712
29363.904,0.14972323665733595
29363.905,0.14972211631336638
29363.906,0.1497210032549729
29363.907,0.1497198983013084
29363.908,0.1497188011215034
29363.909,0.14971771174576332
29363.91,0.14971662965078505
29363.911,0.1497155545622522
29363.912,0.14971448632865664
29363.913,0.14971342471071317
29363.914,0.14971236986928022
29363.915,0.14971132187491853
29363.916,0.14971028078171963
29363.917,0.14970924637938735
29363.918,0.14970821875085571
29363.919,0.14970719772383348
29363.92,0.1497061833029317
29363.921,0.14970517506771056
29363.922,0.14970417295791827
29363.923,0.14970317683607898
29363.924,0.1497021870354112
29363.925,0.14970120340872853
29363.926,0.1497002255369228
29363.927,0.149699253219899
29363.928,0.1496982860585008
29363.929,0.14969732360181337
29363.93,0.14969636533352573
29363.931,0.14969541131135075
29363.932,0.14969446203154552
29363.933,0.14969351745133483
29363.934,0.1496925770286019
29363.935,0.14969164087146936
29363.936,0.14969070853612118
29363.937,0.14968977995094662
29363.938,0.14968885486662625
29363.939,0.14968793332483463
29363.94,0.1496870152534722
29363.941,0.14968610098119947
29363.942,0.1496851905930321
29363.943,0.14968428345655332
29363.944,0.1496833795930754
29363.945,0.14968247868626697
29363.946,0.14968158033005793
29363.947,0.1496806840522105
29363.948,0.1496797898457969
29363.949,0.14967889776067983
29363.95,0.14967800817128812
29363.951,0.1496771207909907
29363.952,0.1496762357570675
29363.953,0.14967535278676505
29363.954,0.14967447168362175
29363.955,0.14967359232962107
29363.956,0.14967271473162255
29363.957,0.14967183913409915
29363.958,0.14967096568698912
29363.959,0.14967009417267987
29363.96,0.14966922468332297
29363.961,0.14966835703758782
29363.962,0.14966749063422613
29363.963,0.1496666254073905
29363.964,0.14966576108989546
29363.965,0.1496648978707587
29363.966,0.14966403583304713
29363.967,0.1496631751362197
29363.968,0.14966231568040378
29363.969,0.1496614572608065
29363.97,0.1496605999470519
29363.971,0.14965974406971266
29363.972,0.14965888902727345
29363.973,0.14965803476667536
29363.974,0.14965718169387515
29363.975,0.1496563300513984
29363.976,0.14965547922703187
29363.977,0.1496546292455284
29363.978,0.14965378004891328
29363.979,0.14965293103225683
29363.98,0.14965208199983948
29363.981,0.1496512330977226
29363.982,0.1496503846712607
29363.983,0.1496495367373732
29363.984,0.1496486890578782
29363.985,0.14964784149661622
29363.986,0.14964699478728602
29363.987,0.14964614870093904
29363.988,0.14964530321132935
29363.989,0.14964445798717532
29363.99,0.14964361306428808
29363.991,0.14964276934573098
29363.992,0.14964192639601703
29363.993,0.14964108393280207
29363.994,0.14964024195528852
29363.995,0.1496394005538865
29363.996,0.14963855936795406
29363.997,0.1496377180699619
29363.998,0.1496368771730972
29363.999,0.14963603671326517
29364.0,0.1496351974904195
29364.001,0.14963435921667528
29364.002,0.1496335216744995
29364.003,0.14963268463424573
29364.004,0.1496318486372532
29364.005,0.14963101341431287
29364.006,0.14963017931689265
29364.007,0.14962934655357146
29364.008,0.14962851537148764
29364.009,0.14962768553937839
29364.01,0.14962685680624613
29364.011,0.14962602955037593
29364.012,0.14962520373916854
29364.013,0.1496243788545055
29364.014,0.14962355474675046
29364.015,0.14962273195990336
29364.016,0.14962191062870064
29364.017,0.14962109068652915
29364.018,0.14962027214900162
29364.019,0.14961945496401446
29364.02,0.14961863906774472
29364.021,0.14961782463117798
29364.022,0.14961701163328162
29364.023,0.14961620013858204
29364.024,0.14961539066645202
29364.025,0.14961458328898417
29364.026,0.1496137776233553
29364.027,0.14961297339706298
29364.028,0.14961217064946583
29364.029,0.14961136890209892
29364.03,0.14961056804305856
29364.031,0.14960976812869534
29364.032,0.14960896958625344
29364.033,0.14960817211116972
29364.034,0.14960737596614576
29364.035,0.14960658150494194
29364.036,0.1496057884117498
29364.037,0.14960499683947054
29364.038,0.14960420672538524
29364.039,0.14960341809584785
29364.04,0.14960263095592252
29364.041,0.1496018454976562
29364.042,0.14960106189935335
29364.043,0.14960027960423872
29364.044,0.1495994989131901
29364.045,0.1495987197901741
29364.046,0.14959794157347242
29364.047,0.14959716399829373
29364.048,0.14959638756889332
29364.049,0.14959561194752477
29364.05,0.14959483784025504
29364.051,0.14959406519632026
29364.052,0.14959329426719523
29364.053,0.1495925247726747
29364.054,0.14959175691974153
29364.055,0.14959099063932507
29364.056,0.1495902259729016
29364.057,0.1495894632718552
29364.058,0.14958870307732164
29364.059,0.14958794558623018
29364.06,0.14958719010991003
29364.061,0.14958643667339255
29364.062,0.1495856847280962
29364.063,0.149584934498763
29364.064,0.1495841859285806
29364.065,0.14958343909221647
29364.066,0.1495826947310313
29364.067,0.1495819523769008
29364.068,0.14958121226833834
29364.069,0.1495804745426671
29364.07,0.14957973934125193
29364.071,0.14957900646650038
29364.072,0.14957827552487776
29364.073,0.14957754671580176
29364.074,0.14957682064618336
29364.075,0.14957609752069545
29364.076,0.14957537705515114
29364.077,0.14957465944740095
29364.078,0.14957394424679918
29364.079,0.14957323058005398
29364.08,0.14957251875090502
29364.081,0.14957180881496573
29364.082,0.14957110128421192
29364.083,0.14957039575309936
29364.084,0.1495696920617638
29364.085,0.14956899030139403
29364.086,0.14956829035077998
29364.087,0.14956759207480486
29364.088,0.14956689582784016
29364.089,0.14956620169792031
29364.09,0.14956550959288686
29364.091,0.14956482003414118
29364.092,0.14956413253748152
29364.093,0.14956344692392712
29364.094,0.14956276310428412
29364.095,0.1495620810059737
29364.096,0.14956140007175578
29364.097,0.14956071997072556
29364.098,0.1495600410923061
29364.099,0.14955936335669642
29364.1,0.1495586867935055
29364.101,0.14955801131690652
29364.102,0.14955733690476297
29364.103,0.14955666358329953
29364.104,0.1495559916359938
29364.105,0.14955532019257484
29364.106,0.14955464971960022
29364.107,0.14955398011473733
29364.108,0.14955331216117343
29364.109,0.14955264545005317
29364.11,0.14955197989130456
29364.111,0.14955131539664973
29364.112,0.14955065148246216
29364.113,0.149549987784974
29364.114,0.1495493242295592
29364.115,0.1495486611985377
29364.116,0.14954799857629023
29364.117,0.1495473366028731
29364.118,0.14954667533965735
29364.119,0.14954601474127863
29364.12,0.1495453550559657
29364.121,0.14954469617013183
29364.122,0.1495440377225761
29364.123,0.149543380195707
29364.124,0.1495427238615789
29364.125,0.14954206893879235
29364.126,0.14954141474289576
29364.127,0.14954076152218446
29364.128,0.14954010928378808
29364.129,0.14953945760762766
29364.13,0.14953880632208763
29364.131,0.14953815556246675
29364.132,0.14953750554847497
29364.133,0.14953685631637298
29364.134,0.14953620807343693
29364.135,0.14953556028903436
29364.136,0.14953491285016737
29364.137,0.14953426612193152
29364.138,0.14953361995624245
29364.139,0.1495329744114073
29364.14,0.14953232969051494
29364.141,0.1495316859110248
29364.142,0.1495310430082036
29364.143,0.1495304008676526
29364.144,0.1495297596452394
29364.145,0.1495291189865416
29364.146,0.14952847818381254
29364.147,0.14952783724323385
29364.148,0.1495271964296772
29364.149,0.1495265553560945
29364.15,0.14952591485187816
29364.151,0.14952527440287916
29364.152,0.1495246338922642
29364.153,0.14952399320149126
29364.154,0.14952335263419556
29364.155,0.1495227118322842
29364.156,0.14952207082533192
29364.157,0.149521429957349
29364.158,0.14952078933559512
29364.159,0.14952014889192924
29364.16,0.14951950812320228
29364.161,0.14951886725768043
29364.162,0.14951822588867958
29364.163,0.14951758358680228
29364.164,0.14951694022519274
29364.165,0.14951629591235938
29364.166,0.14951565097938904
29364.167,0.14951500512496813
29364.168,0.14951435856181874
29364.169,0.14951371084044077
29364.17,0.1495130621146437
29364.171,0.1495124122409153
29364.172,0.14951176156878224
29364.173,0.14951111004691975
29364.174,0.1495104580497917
29364.175,0.14950980571921543
29364.176,0.1495091525781756
29364.177,0.1495084982218108
29364.178,0.14950784264747308
29364.179,0.14950718558743195
29364.18,0.1495065268170021
29364.181,0.14950586630139054
29364.182,0.1495052041366996
29364.183,0.1495045403149295
29364.184,0.14950387497905945
29364.185,0.14950320813820753
29364.186,0.14950253996236365
29364.187,0.14950187058369163
29364.188,0.14950119997386466
29364.189,0.14950052751903128
29364.19,0.14949985312755765
29364.191,0.14949917718615677
29364.192,0.14949849986569208
29364.193,0.14949782086585964
29364.194,0.1494971402277921
29364.195,0.14949645776788986
29364.196,0.14949577304533895
29364.197,0.14949508575730494
29364.198,0.14949439614355534
29364.199,0.1494937041086975
29364.2,0.1494930098857044
29364.201,0.149492313426942
29364.202,0.1494916151990238
29364.203,0.1494909148763339
29364.204,0.14949021229129067
29364.205,0.14948950713323694
29364.206,0.1494888000717415
29364.207,0.14948809108797
29364.208,0.14948738043148604
29364.209,0.14948666765864022
29364.21,0.14948595284465954
29364.211,0.14948523632388172
29364.212,0.14948451757732442
29364.213,0.14948379619119526
29364.214,0.1494830720278005
29364.215,0.14948234556327875
29364.216,0.14948161703357735
29364.217,0.1494808864824889
29364.218,0.1494801540997353
29364.219,0.149479419937705
29364.22,0.1494786843639169
29364.221,0.1494779472947829
29364.222,0.1494772087104364
29364.223,0.14947646925328073
29364.224,0.14947572915049187
29364.225,0.14947498862448547
29364.226,0.1494742475824743
29364.227,0.14947350643162394
29364.228,0.14947276509434765
29364.229,0.14947202376258414
29364.23,0.1494712821803249
29364.231,0.14947054057025513
29364.232,0.14946979953243122
29364.233,0.14946905945239425
29364.234,0.14946832053091677
29364.235,0.1494675826510651
29364.236,0.14946684661330778
29364.237,0.14946611288159883
29364.238,0.14946538134415505
29364.239,0.14946465205281495
29364.24,0.1494639254285854
29364.241,0.14946320220725248
29364.242,0.14946248280112095
29364.243,0.14946176731089536
29364.244,0.14946105588147107
29364.245,0.14946034812982414
29364.246,0.1494596437685226
29364.247,0.14945894330449916
29364.248,0.14945824695078624
29364.249,0.1494575549981547
29364.25,0.14945686808079423
29364.251,0.1494561863018111
29364.252,0.14945550977431027
29364.253,0.14945483862577982
29364.254,0.14945417296984145
29364.255,0.14945351245603997
29364.256,0.14945285739094485
29364.257,0.14945220812511
29364.258,0.14945156493100267
29364.259,0.14945092773698476
29364.26,0.1494502963433849
29364.261,0.14944967062079637
29364.262,0.1494490499730355
29364.263,0.14944843413916736
29364.264,0.14944782305188298
29364.265,0.14944721648155707
29364.266,0.14944661466109072
29364.267,0.14944601747534908
29364.268,0.149445424688143
29364.269,0.14944483613187762
29364.27,0.14944425199647976
29364.271,0.1494436715544241
29364.272,0.14944309460382887
29364.273,0.14944252028312252
29364.274,0.14944194907420283
29364.275,0.14944138076746544
29364.276,0.1494408152028146
29364.277,0.14944025202558534
29364.278,0.14943969078343866
29364.279,0.14943913121351068
29364.28,0.14943857229594776
29364.281,0.14943801419991803
29364.282,0.14943745663699867
29364.283,0.14943689941644625
29364.284,0.14943634189322427
29364.285,0.14943578367099783
29364.286,0.14943522498067144
29364.287,0.14943466525975102
29364.288,0.1494341045282322
29364.289,0.14943354212418578
29364.29,0.14943297817519152
29364.291,0.14943241287530326
29364.292,0.14943184606210627
29364.293,0.14943127724488062
29364.294,0.1494307066768893
29364.295,0.1494301335758784
29364.296,0.14942955729145754
29364.297,0.1494289774719812
29364.298,0.14942839426748414
29364.299,0.14942780769234648
29364.3,0.14942721776171353
29364.301,0.1494266243891282
29364.302,0.14942602761573273
29364.303,0.14942542720097457
29364.304,0.1494248232142523
29364.305,0.14942421574778045
29364.306,0.14942360477186065
29364.307,0.14942299014996083
29364.308,0.14942237251866736
29364.309,0.149421751833449
29364.31,0.14942112801994453
29364.311,0.149420500629756
29364.312,0.1494198695020407
29364.313,0.1494192347085132
29364.314,0.14941859642742542
29364.315,0.14941795486419152
29364.316,0.1494173104818301
29364.317,0.1494166630384418
29364.318,0.1494160129307335
29364.319,0.14941535992653215
29364.32,0.14941470431400586
29364.321,0.14941404590484522
29364.322,0.14941338494317374
29364.323,0.14941272178015644
29364.324,0.1494120565439343
29364.325,0.14941138953552138
29364.326,0.14941072063747107
29364.327,0.14941004991070905
29364.328,0.14940937723372974
29364.329,0.1494087023707933
29364.33,0.14940802484984061
29364.331,0.14940734475754178
29364.332,0.14940666283555984
29364.333,0.14940597908929706
29364.334,0.1494052936474215
29364.335,0.14940460599640198
29364.336,0.1494039168781485
29364.337,0.1494032258878538
29364.338,0.14940253298359563
29364.339,0.1494018381984117
29364.34,0.1494011420416057
29364.341,0.14940044483728046
29364.342,0.14939974637429526
29364.343,0.1493990465181946
29364.344,0.14939834567748467
29364.345,0.1493976436163912
29364.346,0.14939694002328266
29364.347,0.14939623479630582
29364.348,0.149395527962533
29364.349,0.14939482009352875
29364.35,0.149394111399622
29364.351,0.14939340173403517
29364.352,0.1493926911604976
29364.353,0.14939197969736534
29364.354,0.1493912679018005
29364.355,0.14939055560228057
29364.356,0.14938984318154955
29364.357,0.14938913109121227
29364.358,0.1493884198218897
29364.359,0.14938770936987605
29364.36,0.14938699958464566
29364.361,0.14938629062021888
29364.362,0.1493855824453967
29364.363,0.14938487508593054
29364.364,0.14938416846390545
29364.365,0.14938346357046925
29364.366,0.14938276078656507
29364.367,0.14938206014991837
29364.368,0.1493813624227876
29364.369,0.14938066762516966
29364.37,0.14937997603713313
29364.371,0.14937928770777398
29364.372,0.14937860320431753
29364.373,0.14937792313218756
29364.374,0.14937724854853726
29364.375,0.14937657952263791
29364.376,0.14937591602848815
29364.377,0.14937525816268601
29364.378,0.14937460665310723
29364.379,0.14937396160989105
29364.38,0.14937332242660012
29364.381,0.14937268998499834
29364.382,0.14937206452218293
29364.383,0.1493714464032925
29364.384,0.14937083647308697
29364.385,0.14937023477629158
29364.386,0.14936964194155636
29364.387,0.14936905802995995
29364.388,0.1493684833536003
29364.389,0.1493679178428324
29364.39,0.1493673622790934
29364.391,0.14936681711550878
29364.392,0.14936628273751054
29364.393,0.14936575902203764
29364.394,0.14936524599473514
29364.395,0.14936474332923735
29364.396,0.14936425092572608
29364.397,0.14936376888649275
29364.398,0.14936329754585703
29364.399,0.14936283704812336
29364.4,0.14936238740155278
29364.401,0.14936194897009497
29364.402,0.14936152182322998
29364.403,0.14936110588188262
29364.404,0.14936070105584773
29364.405,0.14936030706982562
29364.406,0.14935992418435368
29364.407,0.149359552984425
29364.408,0.14935919358762303
29364.409,0.14935884565907578
29364.41,0.14935850889242192
29364.411,0.14935818312939575
29364.412,0.14935786814542681
29364.413,0.14935756328985095
29364.414,0.14935726829832688
29364.415,0.14935698321366223
29364.416,0.1493567080548519
29364.417,0.14935644246435192
29364.418,0.14935618654781752
29364.419,0.14935594017981382
29364.42,0.14935570338298093
29364.421,0.14935547603927543
29364.422,0.14935525795974744
29364.423,0.14935504880095707
29364.424,0.1493548485744538
29364.425,0.14935465746455365
29364.426,0.14935447503247437
29364.427,0.14935430129852315
29364.428,0.1493541359831685
29364.429,0.14935397871415382
29364.43,0.14935382872279682
29364.431,0.1493536860902653
29364.432,0.14935355123954824
29364.433,0.14935342355651782
29364.434,0.1493533029049408
29364.435,0.14935318926848756
29364.436,0.1493530832389868
29364.437,0.14935298448184875
29364.438,0.14935289299197216
29364.439,0.1493528083780356
29364.44,0.14935273058101906
29364.441,0.14935266023851665
29364.442,0.14935259718797317
29364.443,0.14935254094465353
29364.444,0.14935249151310853
29364.445,0.14935244850538487
29364.446,0.14935241111209535
29364.447,0.14935237956193465
29364.448,0.14935235421124748
29364.449,0.1493523349245668
29364.45,0.14935232155802847
29364.451,0.14935231411788696
29364.452,0.14935231278663777
29364.453,0.14935231739155116
29364.454,0.14935232811963006
29364.455,0.14935234423139065
29364.456,0.14935236574664318
29364.457,0.1493523931970954
29364.458,0.1493524267795721
29364.459,0.1493524661747509
29364.46,0.14935251118464304
29364.461,0.14935256159126326
29364.462,0.14935261677589887
29364.463,0.1493526763542166
29364.464,0.14935274008622942
29364.465,0.1493528085933491
29364.466,0.1493528813484353
29364.467,0.14935295836325962
29364.468,0.14935303981411546
29364.469,0.14935312475043036
29364.47,0.1493532136186842
29364.471,0.14935330617179168
29364.472,0.14935340225728239
29364.473,0.14935350188111535
29364.474,0.14935360516349203
29364.475,0.14935371188912155
29364.476,0.14935382145246798
29364.477,0.14935393412063025
29364.478,0.14935404941342625
29364.479,0.14935416638788412
29364.48,0.1493542847206366
29364.481,0.14935440415721804
29364.482,0.14935452478927685
29364.483,0.14935464684350772
29364.484,0.1493547701576822
29364.485,0.14935489378070488
29364.486,0.14935501840994345
29364.487,0.14935514376676906
29364.488,0.14935526931430496
29364.489,0.14935539494227754
29364.49,0.14935552078635372
29364.491,0.14935564707091722
29364.492,0.14935577374465084
29364.493,0.14935589991538545
29364.494,0.14935602570269413
29364.495,0.14935615054501913
29364.496,0.14935627389788964
29364.497,0.1493563959230164
29364.498,0.1493565164676702
29364.499,0.14935663543081565
29364.5,0.14935675300823772
29364.501,0.14935686882769006
29364.502,0.1493569828467178
29364.503,0.14935709476118955
29364.504,0.14935720472205669
29364.505,0.149357312475838
29364.506,0.14935741836217367
29364.507,0.14935752228186142
29364.508,0.14935762425773347
29364.509,0.14935772418107188
29364.51,0.14935782170702078
29364.511,0.14935791676342713
29364.512,0.14935800909105512
29364.513,0.14935809832799363
29364.514,0.14935818419913624
29364.515,0.14935826699882343
29364.516,0.14935834675659404
29364.517,0.14935842322143872
29364.518,0.14935849692139602
29364.519,0.14935856754668203
29364.52,0.14935863488325732
29364.521,0.14935869895119
29364.522,0.1493587598238267
29364.523,0.14935881756146288
29364.524,0.14935887247221158
29364.525,0.14935892467577408
29364.526,0.14935897365580267
29364.527,0.14935901935318985
29364.528,0.1493590615319354
29364.529,0.1493590996330341
29364.53,0.1493591329275701
29364.531,0.1493591617650686
29364.532,0.14935918639959228
29364.533,0.14935920671074013
29364.534,0.14935922279378452
29364.535,0.14935923434998608
29364.536,0.14935924104786355
29364.537,0.14935924329213132
29364.538,0.14935924058276348
29364.539,0.14935923311363364
29364.54,0.14935922132179993
29364.541,0.14935920564184305
29364.542,0.14935918532440642
29364.543,0.14935916027434562
29364.544,0.14935913082714403
29364.545,0.14935909645231094
29364.546,0.14935905657005655
29364.547,0.1493590113648869
29364.548,0.14935896070461246
29364.549,0.14935890462935725
29364.55,0.14935884363904992
29364.551,0.14935877729182287
29364.552,0.14935870549654273
29364.553,0.14935862829047586
29364.554,0.14935854594655296
29364.555,0.1493584582073583
29364.556,0.14935836528685728
29364.557,0.1493582674954108
29364.558,0.1493581651104601
29364.559,0.1493580579475603
29364.56,0.14935794584203785
29364.561,0.14935782872237102
29364.562,0.14935770645050284
29364.563,0.14935757904124175
29364.564,0.1493574464279255
29364.565,0.14935730903384611
29364.566,0.14935716654621917
29364.567,0.14935701918833957
29364.568,0.14935686734815992
29364.569,0.14935671107082435
29364.57,0.14935655071120982
29364.571,0.14935638618317812
29364.572,0.14935621761075146
29364.573,0.1493560449308503
29364.574,0.14935586868385528
29364.575,0.1493556890780797
29364.576,0.14935550638308503
29364.577,0.14935532084555447
29364.578,0.1493551324241154
29364.579,0.1493549407161718
29364.58,0.14935474553380587
29364.581,0.14935454706902754
29364.582,0.14935434576461562
29364.583,0.14935414177564332
29364.584,0.14935393503757827
29364.585,0.14935372579872508
29364.586,0.14935351470830194
29364.587,0.14935330150754922
29364.588,0.14935308631630997
29364.589,0.14935286916719168
29364.59,0.14935265074865275
29364.591,0.14935243101110907
29364.592,0.14935221004318527
29364.593,0.14935198748621548
29364.594,0.1493517639917605
29364.595,0.14935153916057997
29364.596,0.14935131287349654
29364.597,0.14935108512122885
29364.598,0.14935085566306372
29364.599,0.14935062497693652
29364.6,0.1493503931636966
29364.601,0.14935016019785735
29364.602,0.1493499261081742
29364.603,0.14934969100000825
29364.604,0.14934945534699476
29364.605,0.1493492187466589
29364.606,0.14934898094612126
29364.607,0.14934874233038917
29364.608,0.14934850365543006
29364.609,0.14934826461149714
29364.61,0.1493480253689076
29364.611,0.14934778573519716
29364.612,0.14934754523272759
29364.613,0.14934730322782203
29364.614,0.14934705971305157
29364.615,0.1493468154346777
29364.616,0.1493465704321751
29364.617,0.14934632431202843
29364.618,0.14934607747075304
29364.619,0.14934582938449148
29364.62,0.14934558059423225
29364.621,0.1493453310480408
29364.622,0.14934508026922835
29364.623,0.14934482804145435
29364.624,0.1493445750595791
29364.625,0.14934432141999165
29364.626,0.14934406701885283
29364.627,0.14934381164071883
29364.628,0.1493435555248609
29364.629,0.14934329802279828
29364.63,0.14934303852170092
29364.631,0.14934277780751587
29364.632,0.1493425160119953
29364.633,0.14934225300380133
29364.634,0.14934198849024427
29364.635,0.1493417228458959
29364.636,0.14934145637160687
29364.637,0.14934118924267198
29364.638,0.14934092067140936
29364.639,0.1493406509192396
29364.64,0.14934037995086627
29364.641,0.1493401082969512
29364.642,0.14933983587335312
29364.643,0.14933956282574423
29364.644,0.14933928892422435
29364.645,0.14933901410815886
29364.646,0.1493387383443771
29364.647,0.14933846149548863
29364.648,0.14933818323839365
29364.649,0.14933790414395987
29364.65,0.14933762417906327
29364.651,0.14933734335278676
29364.652,0.14933706208632563
29364.653,0.14933678027365238
29364.654,0.14933649809450525
29364.655,0.149336215362086
29364.656,0.14933593223076844
29364.657,0.14933564931603374
29364.658,0.14933536727069308
29364.659,0.14933508564934347
29364.66,0.14933480420299036
29364.661,0.1493345234350569
29364.662,0.14933424300522186
29364.663,0.14933396230189766
29364.664,0.14933368136190026
29364.665,0.149333400374692
29364.666,0.149333119736714
29364.667,0.14933283971554248
29364.668,0.14933256054418084
29364.669,0.14933228207245847
29364.67,0.14933200427404233
29364.671,0.14933172714961024
29364.672,0.14933145039291473
29364.673,0.14933117431808873
29364.674,0.1493308996648163
29364.675,0.14933062627939128
29364.676,0.1493303540681746
29364.677,0.14933008291489455
29364.678,0.1493298130183765
29364.679,0.1493295435879146
29364.68,0.14932927423973066
29364.681,0.14932900511380073
29364.682,0.14932873641993302
29364.683,0.14932846847954517
29364.684,0.14932820105555428
29364.685,0.14932793430448088
29364.686,0.14932766827643482
29364.687,0.14932740277684806
29364.688,0.1493271375829424
29364.689,0.14932687243788315
29364.69,0.1493266080076545
29364.691,0.14932634407965079
29364.692,0.1493260807662395
29364.693,0.14932581738576145
29364.694,0.1493255541998877
29364.695,0.14932529069201878
29364.696,0.1493250264529063
29364.697,0.14932476101476844
29364.698,0.1493244945598666
29364.699,0.1493242272686382
29364.7,0.1493239591105926
29364.701,0.14932369012733254
29364.702,0.14932342017328482
29364.703,0.14932314933512766
29364.704,0.14932287733587676
29364.705,0.14932260409957446
29364.706,0.14932232955435562
29364.707,0.14932205423839517
29364.708,0.1493217778288232
29364.709,0.14932149992921867
29364.71,0.1493212206561065
29364.711,0.14932093944985694
29364.712,0.14932065609426187
29364.713,0.14932037033746687
29364.714,0.14932008197783214
29364.715,0.1493197914634634
29364.716,0.14931949873923758
29364.717,0.1493192036927211
29364.718,0.1493189070997544
29364.719,0.1493186087119537
29364.72,0.14931830837793242
29364.721,0.149318006100599
29364.722,0.14931770191908933
29364.723,0.14931739643806002
29364.724,0.14931709028080456
29364.725,0.1493167830559731
29364.726,0.14931647469178227
29364.727,0.14931616512464888
29364.728,0.14931585478868123
29364.729,0.14931554289524887
29364.73,0.14931522924372706
29364.731,0.14931491439584282
29364.732,0.14931459846805764
29364.733,0.14931428177490855
29364.734,0.14931396450275586
29364.735,0.14931364714966167
29364.736,0.14931332954881277
29364.737,0.14931301197351848
29364.738,0.1493126946791547
29364.739,0.149312377664536
29364.74,0.14931206117635754
29364.741,0.14931174550885337
29364.742,0.1493114306178697
29364.743,0.14931111634767255
29364.744,0.14931080339016997
29364.745,0.14931049201492064
29364.746,0.14931018129272539
29364.747,0.14930987118139785
29364.748,0.14930956181604021
29364.749,0.14930925380937923
29364.75,0.14930894725054766
29364.751,0.14930864200916352
29364.752,0.14930833814665345
29364.753,0.14930803591604352
29364.754,0.14930773551623974
29364.755,0.14930743666303678
29364.756,0.14930713947707588
29364.757,0.14930684451442855
29364.758,0.14930655164374546
29364.759,0.14930626060260385
29364.76,0.14930597122519815
29364.761,0.14930568408037462
29364.762,0.14930539798995693
29364.763,0.14930511276244865
29364.764,0.14930482856301408
29364.765,0.14930454543089486
29364.766,0.14930426367163452
29364.767,0.1493039828565166
29364.768,0.14930370299427903
29364.769,0.14930342395457785
29364.77,0.14930314575978107
29364.771,0.1493028681092973
29364.772,0.14930259105137397
29364.773,0.14930231484281004
29364.774,0.14930203962536492
29364.775,0.14930176528925637
29364.776,0.14930149188513478
29364.777,0.14930121921659864
29364.778,0.14930094690399615
29364.779,0.14930067427685736
29364.78,0.14930040108604656
29364.781,0.14930012745348445
29364.782,0.14929985347159228
29364.783,0.14929957912186814
29364.784,0.14929930463992797
29364.785,0.14929903006345885
29364.786,0.14929875524061448
29364.787,0.14929847974680424
29364.788,0.14929820368534424
29364.789,0.14929792733815184
29364.79,0.14929765044168458
29364.791,0.14929737373742005
29364.792,0.1492970975250658
29364.793,0.14929682124552765
29364.794,0.14929654504646175
29364.795,0.14929626888158565
29364.796,0.1492959922566041
29364.797,0.14929571495324864
29364.798,0.1492954374905899
29364.799,0.14929515985358033
29364.8,0.1492948825823169
29364.801,0.1492946055661956
29364.802,0.14929432870676662
29364.803,0.14929405218778052
29364.804,0.14929377634424745
29364.805,0.14929350129064634
29364.806,0.14929322665605776
29364.807,0.14929295307217802
29364.808,0.149292681051715
29364.809,0.14929241097447574
29364.81,0.14929214269883045
29364.811,0.14929187590652074
29364.812,0.1492916106437129
29364.813,0.14929134678792674
29364.814,0.1492910843428181
29364.815,0.1492908239246568
29364.816,0.14929056522454395
29364.817,0.14929030853590008
29364.818,0.14929005406680393
29364.819,0.1492898016181042
29364.82,0.14928955144306122
29364.821,0.14928930381248423
29364.822,0.14928905848339508
29364.823,0.14928881556933307
29364.824,0.14928857529382322
29364.825,0.14928833778632922
29364.826,0.1492881032680109
29364.827,0.14928787160443263
29364.828,0.14928764304158218
29364.829,0.14928741690952835
29364.83,0.14928719281316022
29364.831,0.1492869711021313
29364.832,0.14928675159292662
29364.833,0.1492865343025218
29364.834,0.1492863192636416
29364.835,0.14928610636404827
29364.836,0.14928589576061652
29364.837,0.1492856874293792
29364.838,0.14928548124590568
29364.839,0.1492852768759868
29364.84,0.14928507456654228
29364.841,0.14928487497923248
29364.842,0.14928467827387676
29364.843,0.14928448384909684
29364.844,0.14928429203025892
29364.845,0.1492841018146781
29364.846,0.1492839123085151
29364.847,0.14928372355235484
29364.848,0.14928353573920836
29364.849,0.14928334925757403
29364.85,0.14928316402568773
29364.851,0.14928297997830348
29364.852,0.1492827972629193
29364.853,0.14928261590648687
29364.854,0.14928243569621263
29364.855,0.14928225641617135
29364.856,0.1492820781722768
29364.857,0.14928190132698174
29364.858,0.14928172572374784
29364.859,0.14928155162523504
29364.86,0.14928137903835248
29364.861,0.14928120739807318
29364.862,0.14928103601540896
29364.863,0.1492808649775565
29364.864,0.14928069401037342
29364.865,0.14928052362030178
29364.866,0.1492803536009642
29364.867,0.1492801839147109
29364.868,0.1492800151616415
29364.869,0.14927984700892624
29364.87,0.1492796794154903
29364.871,0.14927951241907145
29364.872,0.14927934618247865
29364.873,0.14927918103065904
29364.874,0.149279016858065
29364.875,0.14927885396425933
29364.876,0.14927869223279025
29364.877,0.14927853163677812
29364.878,0.1492783720027508
29364.879,0.14927821268550331
29364.88,0.1492780537944607
29364.881,0.14927789542133874
29364.882,0.14927773770962793
29364.883,0.14927758077391995
29364.884,0.14927742496784088
29364.885,0.14927726973305275
29364.886,0.14927711562811843
29364.887,0.14927696275315772
29364.888,0.14927681122551192
29364.889,0.1492766605800865
29364.89,0.14927651095708236
29364.891,0.1492763631980451
29364.892,0.149276216698289
29364.893,0.14927607073999183
29364.894,0.1492759264180236
29364.895,0.14927578325308713
29364.896,0.14927564078988415
29364.897,0.14927549867662643
29364.898,0.1492753572405481
29364.899,0.14927521675023278
29364.9,0.1492750770858705
29364.901,0.14927493830525837
29364.902,0.14927480013201153
29364.903,0.1492746631084143
29364.904,0.14927452709958308
29364.905,0.14927439160413838
29364.906,0.14927425653713683
29364.907,0.14927412266935924
29364.908,0.14927399013068152
29364.909,0.14927385849778568
29364.91,0.14927372729534513
29364.911,0.14927359666064724
29364.912,0.1492734666431776
29364.913,0.14927333664456707
29364.914,0.14927320631668692
29364.915,0.14927307630722367
29364.916,0.14927294652763026
29364.917,0.14927281762992267
29364.918,0.14927268907145838
29364.919,0.14927256067910794
29364.92,0.14927243224177852
29364.921,0.14927230410162803
29364.922,0.1492721764472347
29364.923,0.14927204901221552
29364.924,0.14927192246220639
29364.925,0.1492717968484992
29364.926,0.1492716718537355
29364.927,0.1492715472727453
29364.928,0.14927142337747937
29364.929,0.14927129915569096
29364.93,0.14927117438703422
29364.931,0.1492710493248205
29364.932,0.1492709241492908
29364.933,0.1492707990240293
29364.934,0.14927067434844277
29364.935,0.14927055002654357
29364.936,0.14927042610393457
29364.937,0.1492703025074262
29364.938,0.1492701793868294
29364.939,0.14927005647340127
29364.94,0.14926993404604125
29364.941,0.1492698124751604
29364.942,0.14926969148136998
29364.943,0.14926957074785827
29364.944,0.14926945108141185
29364.945,0.14926933195475967
29364.946,0.14926921297015744
29364.947,0.14926909413217526
29364.948,0.14926897586423013
29364.949,0.14926885834933787
29364.95,0.1492687414737454
29364.951,0.1492686254334326
29364.952,0.1492685102703423
29364.953,0.14926839586307292
29364.954,0.14926828212262824
29364.955,0.14926816896407077
29364.956,0.14926805644105004
29364.957,0.1492679450965951
29364.958,0.14926783517954245
29364.959,0.1492677264476366
29364.96,0.14926761911683933
29364.961,0.14926751261382823
29364.962,0.1492674069864387
29364.963,0.14926730183701542
29364.964,0.1492671969668744
29364.965,0.14926709298817772
29364.966,0.14926698986660977
29364.967,0.14926688798084198
29364.968,0.1492667870086262
29364.969,0.14926668679502858
29364.97,0.14926658760802952
29364.971,0.14926648945552953
29364.972,0.1492663923830127
29364.973,0.14926629612851994
29364.974,0.14926620107996807
29364.975,0.14926610758734013
29364.976,0.14926601551019755
29364.977,0.149265924711485
29364.978,0.14926583497260282
29364.979,0.14926574567888015
29364.98,0.14926565688448853
29364.981,0.14926556834860685
29364.982,0.14926548014860697
29364.983,0.1492653927338939
29364.984,0.14926530596534132
29364.985,0.14926521975731444
29364.986,0.14926513410732162
29364.987,0.14926504903248966
29364.988,0.14926496437314393
29364.989,0.149264879742376
29364.99,0.14926479615737842
29364.991,0.14926471408379266
29364.992,0.14926463314733493
29364.993,0.14926455298425678
29364.994,0.1492644743723227
29364.995,0.1492643964672942
29364.996,0.14926431893873662
29364.997,0.14926424128260546
29364.998,0.14926416389556557
29364.999,0.14926408718261788
29365.0,0.14926401096254474
29365.001,0.1492639351056482
29365.002,0.14926385993253438
29365.003,0.14926378539057883
29365.004,0.14926371106792605
29365.005,0.1492636372397821
29365.006,0.14926356425209536
29365.007,0.14926349220690346
29365.008,0.14926342104057613
29365.009,0.14926335099727045
29365.01,0.14926328191554158
29365.011,0.1492632143940106
29365.012,0.14926314756805248
29365.013,0.1492630808154167
29365.014,0.14926301437861741
29365.015,0.1492629487872064
29365.016,0.14926288354940362
29365.017,0.1492628192371502
29365.018,0.14926275528206825
29365.019,0.1492626920756987
29365.02,0.14926263019236033
29365.021,0.14926256992895018
29365.022,0.1492625107254802
29365.023,0.1492624522791541
29365.024,0.1492623956356561
29365.025,0.14926234026922056
29365.026,0.1492622860220078
29365.027,0.1492622333101788
29365.028,0.1492621820382216
29365.029,0.14926213118279344
29365.03,0.1492620809515235
29365.031,0.14926203118770973
29365.032,0.1492619825113077
29365.033,0.1492619352364316
29365.034,0.14926188955627254
29365.035,0.1492618449909373
29365.036,0.14926180172797893
29365.037,0.1492617599324104
29365.038,0.14926171941937633
29365.039,0.14926167970664875
29365.04,0.1492616413572115
29365.041,0.14926160446542722
29365.042,0.14926156941085453
29365.043,0.1492615360997823
29365.044,0.1492615047245167
29365.045,0.149261474470496
29365.046,0.14926144519194662
29365.047,0.1492614168951273
29365.048,0.149261389601627
29365.049,0.14926136339319118
29365.05,0.14926133807816142
29365.051,0.14926131359985215
29365.052,0.14926128994739649
29365.053,0.14926126704692394
29365.054,0.1492612452981698
29365.055,0.14926122443526743
29365.056,0.14926120413062585
29365.057,0.14926118516595863
29365.058,0.14926116740122575
29365.059,0.14926115061492806
29365.06,0.1492611346248629
29365.061,0.14926111906137116
29365.062,0.1492611037541605
29365.063,0.14926108824010506
29365.064,0.14926107252337759
29365.065,0.14926105665731054
29365.066,0.14926104051176511
29365.067,0.1492610239537131
29365.068,0.1492610069568295
29365.069,0.14926098999079862
29365.07,0.14926097255626253
29365.071,0.1492609543955105
29365.072,0.14926093524449036
29365.073,0.1492609152932796
29365.074,0.14926089514356866
29365.075,0.14926087467417196
29365.076,0.14926085334583095
29365.077,0.14926083099598414
29365.078,0.1492608077514361
29365.079,0.14926078297720585
29365.08,0.1492607563890488
29365.081,0.1492607279082398
29365.082,0.14926069736242176
29365.083,0.14926066483701317
29365.084,0.14926063062657186
29365.085,0.14926059478575318
29365.086,0.14926055728586246
29365.087,0.1492605185022643
29365.088,0.1492604781774416
29365.089,0.14926043596406016
29365.09,0.14926039252619458
29365.091,0.14926034790971057
29365.092,0.14926030183159994
29365.093,0.14926025450589842
29365.094,0.14926020666975792
29365.095,0.14926015746582025
29365.096,0.14926010624973884
29365.097,0.14926005313527968
29365.098,0.14925999877210105
29365.099,0.14925994368429296
29365.1,0.14925988784638095
29365.101,0.149259831662934
29365.102,0.1492597753222822
29365.103,0.14925971871282348
29365.104,0.1492596622746379
29365.105,0.1492596062572652
29365.106,0.14925955067657395
29365.107,0.14925949617990175
29365.108,0.14925944325298507
29365.109,0.14925939231749438
29365.11,0.14925934340072586
29365.111,0.14925929694104986
29365.112,0.14925925220937586
29365.113,0.14925920957156769
29365.114,0.1492591694282959
29365.115,0.14925913194328652
29365.116,0.14925909693308878
29365.117,0.14925906517373108
29365.118,0.14925903720127157
29365.119,0.14925901332619054
29365.12,0.14925899342179935
29365.121,0.14925897795163318
29365.122,0.14925896697771865
29365.123,0.14925896090163152
29365.124,0.14925896031638483
29365.125,0.14925896518847268
29365.126,0.14925897602660487
29365.127,0.1492589927793657
29365.128,0.1492590152727649
29365.129,0.14925904347264435
29365.13,0.14925907720253778
29365.131,0.14925911667056205
29365.132,0.14925916223352767
29365.133,0.1492592137167077
29365.134,0.14925927118162324
29365.135,0.1492593343987971
29365.136,0.1492594038277583
29365.137,0.14925947930820319
29365.138,0.14925956079333108
29365.139,0.14925964826990157
29365.14,0.1492597421150319
29365.141,0.14925984331296616
29365.142,0.1492599515268056
29365.143,0.14926006662956098
29365.144,0.14926018826568319
29365.145,0.14926031624528083
29365.146,0.14926044979198885
29365.147,0.1492605886347252
29365.148,0.14926073248996907
29365.149,0.14926088158945888
29365.15,0.14926103592352813
29365.151,0.14926119580215252
29365.152,0.14926136130496417
29365.153,0.14926153186363683
29365.154,0.1492617072464373
29365.155,0.14926188746504837
29365.156,0.1492620721985852
29365.157,0.14926226203723184
29365.158,0.14926245705858132
29365.159,0.14926265707460395
29365.16,0.14926286196927901
29365.161,0.14926307141817796
29365.162,0.14926328489098595
29365.163,0.14926350168025906
29365.164,0.14926372164006504
29365.165,0.14926394525495595
29365.166,0.1492641723173529
29365.167,0.14926440274749062
29365.168,0.14926463671944296
29365.169,0.14926487386295262
29365.17,0.14926511389658131
29365.171,0.14926535738644545
29365.172,0.14926560424300242
29365.173,0.14926585432008177
29365.174,0.14926610778254137
29365.175,0.14926636465351106
29365.176,0.14926662463263565
29365.177,0.14926688798818075
29365.178,0.14926715462059406
29365.179,0.14926742366152268
29365.18,0.14926769478853633
29365.181,0.14926796819815472
29365.182,0.1492682437986484
29365.183,0.14926852206023827
29365.184,0.149268803021072
29365.185,0.14926908622574409
29365.186,0.14926937184715028
29365.187,0.14926965994526606
29365.188,0.14926994987848702
29365.189,0.14927024151763552
29365.19,0.14927053567938098
29365.191,0.1492708326115189
29365.192,0.14927113186416457
29365.193,0.14927143323576966
29365.194,0.14927173692766682
29365.195,0.1492720423183057
29365.196,0.14927234907911766
29365.197,0.1492726569052179
29365.198,0.14927296594151862
29365.199,0.14927327618876507
29365.2,0.14927358716015718
29365.201,0.14927389897867832
29365.202,0.14927421103693805
29365.203,0.14927452374811861
29365.204,0.14927483671955105
29365.205,0.14927514990956411
29365.206,0.14927546313822415
29365.207,0.1492757762910054
29365.208,0.14927608979668372
29365.209,0.1492764032059918
29365.21,0.1492767162825074
29365.211,0.14927702876260804
29365.212,0.14927733997846088
29365.213,0.149277649437462
29365.214,0.1492779568790787
29365.215,0.14927826245335848
29365.216,0.14927856663067068
29365.217,0.14927886948529073
29365.218,0.1492791708321393
29365.219,0.14927946985472554
29365.22,0.14927976659991332
29365.221,0.14928006153552212
29365.222,0.14928035370222809
29365.223,0.14928064319682113
29365.224,0.14928093039853377
29365.225,0.14928121556534396
29365.226,0.14928149857194922
29365.227,0.14928177913698482
29365.228,0.1492820577273722
29365.229,0.14928233316771727
29365.23,0.149282605408865
29365.231,0.14928287463868525
29365.232,0.14928314077447344
29365.233,0.14928340428572126
29365.234,0.14928366572999946
29365.235,0.1492839247667032
29365.236,0.14928418173310348
29365.237,0.14928443682443604
29365.238,0.14928469020266535
29365.239,0.14928494189708702
29365.24,0.1492851920454931
29365.241,0.14928544154161427
29365.242,0.14928568965132655
29365.243,0.14928593656364858
29365.244,0.1492861825546468
29365.245,0.1492864277602331
29365.246,0.14928667156520165
29365.247,0.14928691435137628
29365.248,0.1492871564401234
29365.249,0.14928739843399555
29365.25,0.14928764049779095
29365.251,0.14928788310077126
29365.252,0.14928812589020854
29365.253,0.14928836912319166
29365.254,0.14928861353607467
29365.255,0.14928885913689163
29365.256,0.14928910575083368
29365.257,0.14928935425537848
29365.258,0.14928960521144993
29365.259,0.14928985841607045
29365.26,0.14929011404664766
29365.261,0.14929037221728242
29365.262,0.14929063303641085
29365.263,0.14929089596753606
29365.264,0.1492911612034351
29365.265,0.1492914296188717
29365.266,0.1492917007138558
29365.267,0.1492919750451013
29365.268,0.14929225308761473
29365.269,0.14929253435610035
29365.27,0.14929281943757924
29365.271,0.1492931084897384
29365.272,0.14929340088459495
29365.273,0.1492936970656151
29365.274,0.14929399754006745
29365.275,0.14929430211174421
29365.276,0.1492946108117787
29365.277,0.14929492373609815
29365.278,0.1492952409342905
29365.279,0.14929556153668158
29365.28,0.1492958851837547
29365.281,0.14929621234621138
29365.282,0.14929654275844062
29365.283,0.14929687683583287
29365.284,0.14929721459428097
29365.285,0.1492975556761858
29365.286,0.1492979002039963
29365.287,0.14929824811183104
29365.288,0.14929859888816638
29365.289,0.14929895275616928
29365.29,0.1492993098858288
29365.291,0.14929967020410484
29365.292,0.14930003369945616
29365.293,0.14930039989523525
29365.294,0.1493007686541366
29365.295,0.14930113933193917
29365.296,0.14930151117665647
29365.297,0.14930188381582452
29365.298,0.14930225733582922
29365.299,0.1493026314118589
29365.3,0.1493030060368578
29365.301,0.14930338142682104
29365.302,0.14930375683844888
29365.303,0.14930413222164357
29365.304,0.14930450739009876
29365.305,0.1493048818763748
29365.306,0.14930525515611837
29365.307,0.14930562785459606
29365.308,0.14930600016064197
29365.309,0.14930637112891787
29365.31,0.14930674094681706
29365.311,0.14930710859489857
29365.312,0.14930747356511326
29365.313,0.1493078351908815
29365.314,0.1493081931317145
29365.315,0.14930854770399604
29365.316,0.14930889825474078
29365.317,0.14930924440729565
29365.318,0.14930958607773517
29365.319,0.1493099227939416
29365.32,0.14931025447083363
29365.321,0.14931058141548956
29365.322,0.14931090219203796
29365.323,0.1493112174487986
29365.324,0.1493115271474798
29365.325,0.1493118315086331
29365.326,0.14931213005180072
29365.327,0.14931242263306532
29365.328,0.14931270884561654
29365.329,0.1493129876635123
29365.33,0.14931325935948112
29365.331,0.14931352315673388
29365.332,0.14931377957555775
29365.333,0.14931402872649777
29365.334,0.1493142704677627
29365.335,0.14931450425744724
29365.336,0.1493147301639902
29365.337,0.14931494820371086
29365.338,0.14931515861751132
29365.339,0.14931536095049083
29365.34,0.14931555541709002
29365.341,0.14931574300730627
29365.342,0.1493159233621499
29365.343,0.14931609636801532
29365.344,0.14931626261120867
29365.345,0.14931642173743132
29365.346,0.1493165734264941
29365.347,0.1493167177492546
29365.348,0.14931685483592283
29365.349,0.14931698522781808
29365.35,0.14931710925706035
29365.351,0.14931722720196972
29365.352,0.14931733890493581
29365.353,0.1493174450522821
29365.354,0.14931754573698053
29365.355,0.14931764120696248
29365.356,0.14931773199425807
29365.357,0.1493178189821522
29365.358,0.14931790261652
29365.359,0.14931798282698683
29365.36,0.14931806002694356
29365.361,0.1493181345438378
29365.362,0.1493182061064635
29365.363,0.14931827494658928
29365.364,0.14931834143382314
29365.365,0.14931840621765222
29365.366,0.1493184700448887
29365.367,0.14931853316254734
29365.368,0.14931859604298767
29365.369,0.1493186584221467
29365.37,0.14931872135755894
29365.371,0.14931878473033455
29365.372,0.1493188488724742
29365.373,0.14931891441847364
29365.374,0.14931898202154575
29365.375,0.14931905203021362
29365.376,0.14931912500581707
29365.377,0.1493192011720752
29365.378,0.14931928071704736
29365.379,0.14931936339843604
29365.38,0.1493194490737849
29365.381,0.1493195384462894
29365.382,0.14931963148067617
29365.383,0.14931972877354044
29365.384,0.14931983051402642
29365.385,0.14931993669734409
29365.386,0.14932004791185707
29365.387,0.14932016439404372
29365.388,0.14932028614740142
29365.389,0.1493204133312291
29365.39,0.14932054620232013
29365.391,0.1493206850311893
29365.392,0.14932082977565747
29365.393,0.14932098016333553
29365.394,0.14932113687466161
29365.395,0.14932129958307683
29365.396,0.14932146767294455
29365.397,0.14932164077090662
29365.398,0.14932181923651833
29365.399,0.14932200297063483
29365.4,0.14932219256677307
29365.401,0.14932238752404808
29365.402,0.1493225875933484
29365.403,0.14932279312985053
29365.404,0.14932300427900716
29365.405,0.14932322054253097
29365.406,0.14932344189033234
29365.407,0.14932366908369937
29365.408,0.1493239016407889
29365.409,0.14932413922346766
29365.41,0.14932438188923405
29365.411,0.1493246291799529
29365.412,0.14932488101144248
29365.413,0.14932513695743088
29365.414,0.14932539664161434
29365.415,0.14932566056964244
29365.416,0.1493259284567542
29365.417,0.1493262001996812
29365.418,0.1493264761105391
29365.419,0.14932675620945812
29365.42,0.14932704044346595
29365.421,0.14932732891924816
29365.422,0.14932762103782135
29365.423,0.14932791743919485
29365.424,0.14932821808445262
29365.425,0.1493285234693246
29365.426,0.14932883315395504
29365.427,0.14932914741089356
29365.428,0.14932946608283887
29365.429,0.14932978887854764
29365.43,0.1493301153708065
29365.431,0.14933044570679693
29365.432,0.14933078036496572
29365.433,0.14933111918946496
29365.434,0.1493314624764127
29365.435,0.14933181043165877
29365.436,0.14933216299185031
29365.437,0.149332520910845
29365.438,0.14933288394726277
29365.439,0.1493332520027591
29365.44,0.14933362559076824
29365.441,0.14933400550022866
29365.442,0.14933439114063998
29365.443,0.14933478276544793
29365.444,0.1493351807255367
29365.445,0.1493355844806311
29365.446,0.14933599346560206
29365.447,0.1493364076284821
29365.448,0.14933682713976335
29365.449,0.14933725251721452
29365.45,0.14933768362088284
29365.451,0.14933812040908767
29365.452,0.14933856295094153
29365.453,0.14933901107067388
29365.454,0.1493394651146111
29365.455,0.14933992498056417
29365.456,0.1493403903875085
29365.457,0.149340861919459
29365.458,0.1493413393206395
29365.459,0.14934182285247583
29365.46,0.1493423122412702
29365.461,0.1493428073514109
29365.462,0.149343307289484
29365.463,0.14934381187371612
29365.464,0.14934432060135072
29365.465,0.1493448339204008
29365.466,0.14934535174611774
29365.467,0.1493458731788827
29365.468,0.1493463987620636
29365.469,0.14934692827625012
29365.47,0.14934746162935347
29365.471,0.14934799830960252
29365.472,0.1493485382863328
29365.473,0.14934908117069004
29365.474,0.14934962712705005
29365.475,0.14935017635684983
29365.476,0.14935072867150542
29365.477,0.14935128361444666
29365.478,0.1493518406538479
29365.479,0.14935239915862808
29365.48,0.14935295828718165
29365.481,0.1493535183238222
29365.482,0.14935407882136792
29365.483,0.14935464012594765
29365.484,0.14935520169039626
29365.485,0.14935576327549208
29365.486,0.14935632480848393
29365.487,0.14935688595728655
29365.488,0.14935744611116497
29365.489,0.14935800506026897
29365.49,0.14935856261184952
29365.491,0.1493591193676831
29365.492,0.14935967453355886
29365.493,0.1493602283141194
29365.494,0.14936078056275637
29365.495,0.1493613304134261
29365.496,0.14936187736464784
29365.497,0.14936242089967086
29365.498,0.14936296111348954
29365.499,0.14936349797500031
29365.5,0.14936403125302217
29365.501,0.14936456041814297
29365.502,0.14936508548480076
29365.503,0.14936560623035497
29365.504,0.1493661223857129
29365.505,0.14936663371968448
29365.506,0.14936713984803723
29365.507,0.14936764105432518
29365.508,0.14936813711152147
29365.509,0.14936862793627012
29365.51,0.14936911346288767
29365.511,0.1493695931989244
29365.512,0.149370066781594
29365.513,0.14937053342638484
29365.514,0.14937099265600862
29365.515,0.14937144503148025
29365.516,0.1493718902158256
29365.517,0.14937232794413943
29365.518,0.14937275852050416
29365.519,0.14937318132927996
29365.52,0.14937359630107916
29365.521,0.14937400363236927
29365.522,0.1493744028109599
29365.523,0.14937479400935982
29365.524,0.14937517766252026
29365.525,0.14937555354530985
29365.526,0.14937592147899842
29365.527,0.1493762814368914
29365.528,0.14937663324000094
29365.529,0.14937697635452724
29365.53,0.14937731023055345
29365.531,0.1493776351646241
29365.532,0.14937795116638278
29365.533,0.14937825898440926
29365.534,0.1493785585612189
29365.535,0.1493788496866017
29365.536,0.14937913244994935
29365.537,0.14937940741315583
29365.538,0.14937967368997615
29365.539,0.1493799317704415
29365.54,0.14938018133777392
29365.541,0.1493804229958816
29365.542,0.1493806567990578
29365.543,0.14938088285922352
29365.544,0.14938110126141457
29365.545,0.1493813118238321
29365.546,0.14938151441309305
29365.547,0.14938170901858575
29365.548,0.14938189608717967
29365.549,0.14938207595620326
29365.55,0.14938224903344557
29365.551,0.14938241508558373
29365.552,0.1493825748036254
29365.553,0.1493827282795547
29365.554,0.14938287599799951
29365.555,0.14938301739726867
29365.556,0.14938315287062276
29365.557,0.14938328325408892
29365.558,0.14938340866286473
29365.559,0.14938352968669424
29365.56,0.1493836459824436
29365.561,0.14938375802724155
29365.562,0.14938386549966112
29365.563,0.14938396862110762
29365.564,0.1493840674605101
29365.565,0.14938416299435878
29365.566,0.14938425487205576
29365.567,0.1493843437421751
29365.568,0.14938443011296268
29365.569,0.14938451384214185
29365.57,0.14938459552712266
29365.571,0.14938467580359532
29365.572,0.14938475452082817
29365.573,0.14938483187865312
29365.574,0.14938490861653747
29365.575,0.1493849855759384
29365.576,0.1493850621449616
29365.577,0.14938513871529444
29365.578,0.14938521560242515
29365.579,0.14938529241251677
29365.58,0.14938536886581844
29365.581,0.14938544585914734
29365.582,0.14938552369888233
29365.583,0.14938560305498225
29365.584,0.14938568390097842
29365.585,0.14938576649437507
29365.586,0.14938585116666755
29365.587,0.14938593816566728
29365.588,0.1493860277374301
29365.589,0.14938611998421825
29365.59,0.14938621524879053
29365.591,0.149386314860946
29365.592,0.14938641832334823
29365.593,0.14938652586267445
29365.594,0.14938663725477028
29365.595,0.14938675271726418
29365.596,0.14938687187769942
29365.597,0.1493869945731678
29365.598,0.14938712155249753
29365.599,0.14938725300758826
29365.6,0.14938738878153984
29365.601,0.14938752913949793
29365.602,0.14938767397544217
29365.603,0.14938782330558922
29365.604,0.14938797743660287
29365.605,0.14938813619590374
29365.606,0.14938829935242265
29365.607,0.1493884677994323
29365.608,0.14938864170787272
29365.609,0.1493888206921734
29365.61,0.14938900446682776
29365.611,0.14938919268127523
29365.612,0.14938938536337454
29365.613,0.14938958181057335
29365.614,0.14938978199299308
29365.615,0.14938998620461816
29365.616,0.1493901942699938
29365.617,0.14939040620460525
29365.618,0.14939062198824524
29365.619,0.1493908412444582
29365.62,0.1493910641977261
29365.621,0.1493912903986428
29365.622,0.14939151928716576
29365.623,0.1493917514769606
29365.624,0.14939198689149472
29365.625,0.14939222569328875
29365.626,0.14939246764987385
29365.627,0.1493927124185242
29365.628,0.14939295964642546
29365.629,0.14939320857954336
29365.63,0.14939345869049392
29365.631,0.14939371009308872
29365.632,0.1493939627427314
29365.633,0.14939421668345088
29365.634,0.14939447153314983
29365.635,0.14939472725404318
29365.636,0.14939498373415036
29365.637,0.14939524080513947
29365.638,0.14939549790061724
29365.639,0.1493957549471426
29365.64,0.14939601211153752
29365.641,0.14939627019014354
29365.642,0.14939652885547525
29365.643,0.14939678767428755
29365.644,0.14939704643661983
29365.645,0.14939730484042937
29365.646,0.14939756240456167
29365.647,0.14939781831758492
29365.648,0.14939807298116403
29365.649,0.14939832651502272
29365.65,0.1493985787273248
29365.651,0.14939882911435828
29365.652,0.1493990781728318
29365.653,0.1493993252790426
29365.654,0.14939957054211753
29365.655,0.1493998140741443
29365.656,0.1494000556833748
29365.657,0.14940029590798654
29365.658,0.14940053480527915
29365.659,0.14940077212169522
29365.66,0.1494010070776213
29365.661,0.14940124005747513
29365.662,0.1494014703734222
29365.663,0.14940169763772604
29365.664,0.14940192149721634
29365.665,0.1494021426471688
29365.666,0.14940236070122115
29365.667,0.14940257586921005
29365.668,0.14940278807844692
29365.669,0.1494029972817617
29365.67,0.14940320346387861
29365.671,0.14940340647214703
29365.672,0.1494036059325153
29365.673,0.1494038019053967
29365.674,0.14940399520432626
29365.675,0.1494041859010998
29365.676,0.14940437344174534
29365.677,0.14940455807600153
29365.678,0.14940473950560204
29365.679,0.14940491708697579
29365.68,0.14940509081243128
29365.681,0.14940526077510627
29365.682,0.14940542699858453
29365.683,0.14940558969689788
29365.684,0.14940574876458368
29365.685,0.1494059041367655
29365.686,0.14940605594168752
29365.687,0.14940620435558205
29365.688,0.14940634923776763
29365.689,0.1494064904245687
29365.69,0.14940662817315206
29365.691,0.14940676328800798
29365.692,0.14940689503461818
29365.693,0.14940702341510403
29365.694,0.14940714884107986
29365.695,0.1494072713210391
29365.696,0.14940739000735526
29365.697,0.14940750460486793
29365.698,0.1494076154514454
29365.699,0.1494077223049828
29365.7,0.14940782598118768
29365.701,0.14940792675614784
29365.702,0.1494080250315002
29365.703,0.14940812052169708
29365.704,0.14940821383502365
29365.705,0.14940830451613232
29365.706,0.149408392546724
29365.707,0.14940847849545755
29365.708,0.14940856220320592
29365.709,0.14940864376822477
29365.71,0.14940872347968184
29365.711,0.14940880122223102
29365.712,0.14940887695707766
29365.713,0.14940894994276313
29365.714,0.14940902032945366
29365.715,0.1494090887656905
29365.716,0.1494091554286052
29365.717,0.14940922018827593
29365.718,0.1494092833342282
29365.719,0.14940934498193995
29365.72,0.14940940542219697
29365.721,0.14940946491409893
29365.722,0.14940952341684005
29365.723,0.14940958115738429
29365.724,0.14940963815325323
29365.725,0.1494096949666826
29365.726,0.14940975137074256
29365.727,0.149409807629168
29365.728,0.1494098636076804
29365.729,0.14940991904069334
29365.73,0.14940997385714497
29365.731,0.14941002833851963
29365.732,0.14941008317909843
29365.733,0.14941013853079665
29365.734,0.14941019459237698
29365.735,0.14941025124855498
29365.736,0.14941030858100504
29365.737,0.14941036687464967
29365.738,0.14941042597128878
29365.739,0.14941048621233396
29365.74,0.14941054821936559
29365.741,0.1494106125940791
29365.742,0.14941067882640346
29365.743,0.1494107467237164
29365.744,0.14941081690296182
29365.745,0.149410889437489
29365.746,0.14941096371476967
29365.747,0.14941103947655895
29365.748,0.14941111782891792
29365.749,0.14941119832947286
29365.75,0.14941128095204065
29365.751,0.1494113663728311
29365.752,0.14941145456710114
29365.753,0.14941154541483054
29365.754,0.14941163909230404
29365.755,0.14941173549500147
29365.756,0.14941183437266592
29365.757,0.14941193662586505
29365.758,0.14941204198114946
29365.759,0.14941215037734007
29365.76,0.14941226169258987
29365.761,0.14941237633492058
29365.762,0.14941249370950122
29365.763,0.1494126135484912
29365.764,0.14941273575952774
29365.765,0.14941286088943045
29365.766,0.1494129884740828
29365.767,0.1494131187969778
29365.768,0.14941325197379518
29365.769,0.14941338747514646
29365.77,0.14941352542881836
29365.771,0.14941366574486373
29365.772,0.1494138081312112
29365.773,0.14941395277850486
29365.774,0.14941410042923559
29365.775,0.14941425079397777
29365.776,0.14941440345189688
29365.777,0.14941455837870682
29365.778,0.14941471533660985
29365.779,0.14941487403190087
29365.78,0.1494150339744255
29365.781,0.14941519541106638
29365.782,0.14941535802189096
29365.783,0.14941552183044876
29365.784,0.14941568685115314
29365.785,0.14941585307629354
29365.786,0.1494160206933427
29365.787,0.1494161895154971
29365.788,0.14941635932916705
29365.789,0.149416530155945
29365.79,0.14941670218130923
29365.791,0.14941687622178956
29365.792,0.14941705145914763
29365.793,0.1494172278429164
29365.794,0.1494174055634263
29365.795,0.14941758458939328
29365.796,0.14941776399188553
29365.797,0.14941794385540003
29365.798,0.14941812456774667
29365.799,0.14941830622740052
29365.8,0.14941848912855418
29365.801,0.14941867252138474
29365.802,0.1494188566112021
29365.803,0.14941904153491506
29365.804,0.1494192274290651
29365.805,0.14941941375177073
29365.806,0.14941960094770065
29365.807,0.14941978955709603
29365.808,0.14941997994729447
29365.809,0.1494201717678965
29365.81,0.14942036494147323
29365.811,0.14942055955389927
29365.812,0.14942075521186163
29365.813,0.1494209516718577
29365.814,0.14942114882925187
29365.815,0.14942134708517962
29365.816,0.14942154676491806
29365.817,0.14942174712894665
29365.818,0.14942194897178193
29365.819,0.14942215206960596
29365.82,0.1494223566722161
29365.821,0.1494225626071866
29365.822,0.1494227694012089
29365.823,0.14942297720429076
29365.824,0.1494231866294244
29365.825,0.14942339782661804
29365.826,0.1494236104545423
29365.827,0.1494238242947611
29365.828,0.14942403928552841
29365.829,0.14942425522441002
29365.83,0.14942447151403387
29365.831,0.14942468792279961
29365.832,0.14942490495757976
29365.833,0.14942512256095863
29365.834,0.14942534088153714
29365.835,0.14942555972730265
29365.836,0.14942577909646546
29365.837,0.14942599877341833
29365.838,0.14942621879623605
29365.839,0.14942643896112223
29365.84,0.14942665902712798
29365.841,0.14942687950199735
29365.842,0.14942710024229383
29365.843,0.1494273210020742
29365.844,0.14942754187841795
29365.845,0.14942776205648345
29365.846,0.14942798098062968
29365.847,0.14942819807135696
29365.848,0.14942841366912776
29365.849,0.14942862767630322
29365.85,0.14942884026805564
29365.851,0.1494290510946208
29365.852,0.14942926022466993
29365.853,0.14942946744626384
29365.854,0.14942967272580263
29365.855,0.14942987563877416
29365.856,0.14943007611924075
29365.857,0.14943027477188636
29365.858,0.14943047110672414
29365.859,0.1494306650461292
29365.86,0.14943085646083282
29365.861,0.14943104530668172
29365.862,0.14943123080655046
29365.863,0.14943141249967284
29365.864,0.14943159016655796
29365.865,0.14943176416495466
29365.866,0.14943193419621073
29365.867,0.14943210007854585
29365.868,0.14943226197914358
29365.869,0.14943241946990207
29365.87,0.1494325728196572
29365.871,0.14943272197875898
29365.872,0.14943286682978105
29365.873,0.1494330072509011
29365.874,0.1494331434795072
29365.875,0.14943327544354348
29365.876,0.14943340295171692
29365.877,0.14943352610069902
29365.878,0.14943364482725624
29365.879,0.14943375861076974
29365.88,0.14943386654282162
29365.881,0.14943396919254853
29365.882,0.14943406656371475
29365.883,0.1494341592384111
29365.884,0.14943424722784673
29365.885,0.14943433041976767
29365.886,0.14943440862101365
29365.887,0.14943448206635904
29365.888,0.14943455103555972
29365.889,0.14943461528088697
29365.89,0.1494346751009728
29365.891,0.14943473143068792
29365.892,0.14943478329776777
29365.893,0.1494348311035869
29365.894,0.14943487515257403
29365.895,0.14943491539652254
29365.896,0.14943495107682248
29365.897,0.149434982572058
29365.898,0.14943500984928595
29365.899,0.14943503316522513
29365.9,0.14943505326258427
29365.901,0.1494350700101344
29365.902,0.14943508383957307
29365.903,0.14943509449986692
29365.904,0.14943510209870203
29365.905,0.14943510696655452
29365.906,0.14943510938928006
29365.907,0.14943510968880946
29365.908,0.1494351082732831
29365.909,0.14943510497650528
29365.91,0.14943509997470766
29365.911,0.14943509339229158
29365.912,0.14943508475654618
29365.913,0.149435074117151
29365.914,0.14943506110460875
29365.915,0.14943504676344163
29365.916,0.14943503091142094
29365.917,0.14943501321628014
29365.918,0.14943499490042336
29365.919,0.1494349755451006
29365.92,0.14943495531815726
29365.921,0.1494349343026249
29365.922,0.14943491245842885
29365.923,0.14943488972683988
29365.924,0.14943486706840617
29365.925,0.14943484459689899
29365.926,0.14943482244257925
29365.927,0.14943480069642998
29365.928,0.14943477940806535
29365.929,0.14943475790812008
29365.93,0.1494347356339244
29365.931,0.14943471322170312
29365.932,0.14943469113223612
29365.933,0.149434669102835
29365.934,0.14943464765986764
29365.935,0.14943462664081122
29365.936,0.14943460610953668
29365.937,0.14943458625873363
29365.938,0.14943456747332312
29365.939,0.14943454936948775
29365.94,0.149434532463005
29365.941,0.1494345175191821
29365.942,0.1494345043937942
29365.943,0.1494344925593868
29365.944,0.14943448248978966
29365.945,0.14943447410868504
29365.946,0.14943446690709652
29365.947,0.14943446090074913
29365.948,0.14943445696831778
29365.949,0.14943445513467699
29365.95,0.1494344554018641
29365.951,0.1494344577924576
29365.952,0.14943446261487117
29365.953,0.14943446947929037
29365.954,0.14943447854292713
29365.955,0.1494344898741992
29365.956,0.14943450364186586
29365.957,0.14943452057278134
29365.958,0.1494345404382492
29365.959,0.14943456334098598
29365.96,0.1494345891608168
29365.961,0.14943461776425962
29365.962,0.1494346488336033
29365.963,0.14943468214823694
29365.964,0.14943471813902742
29365.965,0.14943475671506762
29365.966,0.14943479824422964
29365.967,0.14943484275411972
29365.968,0.14943489023374598
29365.969,0.1494349401209684
29365.97,0.14943499270435825
29365.971,0.149435047928556
29365.972,0.14943510519425754
29365.973,0.14943516493898176
29365.974,0.14943522759615704
29365.975,0.14943529283521853
29365.976,0.14943536030565802
29365.977,0.14943542992849834
29365.978,0.1494355016435943
29365.979,0.14943557464256793
29365.98,0.1494356484816957
29365.981,0.14943572330069738
29365.982,0.14943579894954986
29365.983,0.14943587547485987
29365.984,0.1494359526373539
29365.985,0.14943603037314634
29365.986,0.14943610836016114
29365.987,0.14943618651130383
29365.988,0.14943626469951785
29365.989,0.14943634230095432
29365.99,0.14943641976306155
29365.991,0.14943649730201986
29365.992,0.14943657420311446
29365.993,0.14943665060684413
29365.994,0.1494367261770058
29365.995,0.14943680054877703
29365.996,0.14943687292703317
29365.997,0.14943694317306153
29365.998,0.1494370110084438
29365.999,0.1494370765342829
29366.0,0.14943714001476643
29366.001,0.14943720077778136
29366.002,0.14943725926778964
29366.003,0.1494373148268396
29366.004,0.14943736772031077
29366.005,0.14943741746787825
29366.006,0.14943746410594055
29366.007,0.14943750793872618
29366.008,0.1494375491562836
29366.009,0.14943758759917322
29366.01,0.1494376230749854
29366.011,0.149437655555828
29366.012,0.14943768435693028
29366.013,0.14943770928090952
29366.014,0.1494377304328955
29366.015,0.14943774840104168
29366.016,0.14943776283176657
29366.017,0.1494377739815987
29366.018,0.14943778231194
29366.019,0.14943778726981757
29366.02,0.14943778892342172
29366.021,0.14943778767381632
29366.022,0.14943778300923477
29366.023,0.14943777513835588
29366.024,0.1494377647961647
29366.025,0.1494377519894802
29366.026,0.1494377366869289
29366.027,0.14943771877270112
29366.028,0.14943769797346726
29366.029,0.14943767427647686
29366.03,0.1494376474727635
29366.031,0.14943761795846158
29366.032,0.14943758587810396
29366.033,0.14943755133127035
29366.034,0.14943751434771266
29366.035,0.149437474612753
29366.036,0.1494374322117806
29366.037,0.14943738748825497
29366.038,0.14943734059293237
29366.039,0.14943729102101294
29366.04,0.14943723920689858
29366.041,0.14943718593094085
29366.042,0.14943713092966568
29366.043,0.14943707357459457
29366.044,0.14943701445401494
29366.045,0.14943695322475156
29366.046,0.14943688928317053
29366.047,0.1494368226146913
29366.048,0.1494367532050053
29366.049,0.14943668135945887
29366.05,0.14943660685838178
29366.051,0.14943652972779184
29366.052,0.1494364499608582
29366.053,0.14943636757224052
29366.054,0.14943628299195644
29366.055,0.14943619605758357
29366.056,0.14943610633476415
29366.057,0.14943601454481267
29366.058,0.14943592058653474
29366.059,0.14943582463261557
29366.06,0.14943572629048343
29366.061,0.1494356257767509
29366.062,0.14943552268575508
29366.063,0.14943541675298852
29366.064,0.14943530799327218
29366.065,0.14943519618089388
29366.066,0.14943508184334553
29366.067,0.14943496439086643
29366.068,0.1494348442044867
29366.069,0.1494347215193754
29366.07,0.14943459671016288
29366.071,0.14943446987131315
29366.072,0.14943434069363168
29366.073,0.14943420942592658
29366.074,0.14943407647557932
29366.075,0.1494339420231832
29366.076,0.1494338061915221
29366.077,0.14943366924596554
29366.078,0.1494335311145242
29366.079,0.1494333913349529
29366.08,0.1494332496783882
29366.081,0.14943310660472534
29366.082,0.14943296268209996
29366.083,0.1494328181913286
29366.084,0.14943267318047274
29366.085,0.1494325278942384
29366.086,0.14943238212599433
29366.087,0.14943223633493763
29366.088,0.14943209081991665
29366.089,0.14943194515816796
29366.09,0.14943179981824387
29366.091,0.14943165523087493
29366.092,0.14943151132649496
29366.093,0.1494313683276982
29366.094,0.14943122675231205
29366.095,0.1494310864351486
29366.096,0.1494309465694995
29366.097,0.14943080733713793
29366.098,0.1494306690305952
29366.099,0.14943053206892568
29366.1,0.1494303968711836
29366.101,0.14943026302662404
29366.102,0.14943013085217202
29366.103,0.14942999990970057
29366.104,0.14942987094513457
29366.105,0.14942974388991662
29366.106,0.1494296186387931
29366.107,0.14942949553601223
29366.108,0.14942937483815474
29366.109,0.14942925621951103
29366.11,0.14942913944749375
29366.111,0.14942902479410292
29366.112,0.1494289119940721
29366.113,0.1494288006318082
29366.114,0.14942869082870144
29366.115,0.14942858252970082
29366.116,0.14942847571974852
29366.117,0.14942837073839055
29366.118,0.1494282676151345
29366.119,0.14942816592668884
29366.12,0.14942806600041098
29366.121,0.14942796787338464
29366.122,0.1494278709396255
29366.123,0.14942777561797355
29366.124,0.14942768243699672
29366.125,0.14942759171765505
29366.126,0.14942750308325553
29366.127,0.14942741660932857
29366.128,0.14942733164317354
29366.129,0.1494272482039897
29366.13,0.14942716573753956
29366.131,0.14942708450252606
29366.132,0.14942700468726708
29366.133,0.14942692645244446
29366.134,0.14942684995990133
29366.135,0.14942677552444267
29366.136,0.14942670320201276
29366.137,0.14942663308383666
29366.138,0.149426565104676
29366.139,0.1494264988862416
29366.14,0.1494264350329462
29366.141,0.14942637427764818
29366.142,0.1494263163220397
29366.143,0.14942626088745015
29366.144,0.14942620885035723
29366.145,0.1494261596594449
29366.146,0.1494261129451672
29366.147,0.14942606865588967
29366.148,0.14942602709991182
29366.149,0.14942598867688736
29366.15,0.14942595316067148
29366.151,0.14942592077610567
29366.152,0.14942589168049958
29366.153,0.14942586629802299
29366.154,0.1494258445056961
29366.155,0.14942582619607045
29366.156,0.1494258112268615
29366.157,0.1494258003571674
29366.158,0.1494257938054242
29366.159,0.14942579150554552
29366.16,0.1494257932897146
29366.161,0.14942579954645513
29366.162,0.14942580977278874
29366.163,0.14942582345362976
29366.164,0.14942584042861634
29366.165,0.1494258613062943
29366.166,0.1494258861870505
29366.167,0.14942591480582954
29366.168,0.14942594755916677
29366.169,0.1494259840540935
29366.17,0.14942602431825816
29366.171,0.14942606823790958
29366.172,0.14942611579054474
29366.173,0.1494261674495767
29366.174,0.14942622372133346
29366.175,0.14942628439461925
29366.176,0.14942634932701368
29366.177,0.14942641845548088
29366.178,0.14942649161795699
29366.179,0.1494265683248645
29366.18,0.14942664849230364
29366.181,0.1494267324146246
29366.182,0.1494268202430274
29366.183,0.1494269118030497
29366.184,0.14942700729991168
29366.185,0.14942710643266255
29366.186,0.14942720914581986
29366.187,0.14942731606711734
29366.188,0.1494274270745222
29366.189,0.14942754212051837
29366.19,0.14942766145256933
29366.191,0.1494277861452615
29366.192,0.14942791592398305
29366.193,0.14942805062221412
29366.194,0.14942819016713116
29366.195,0.14942833442082698
29366.196,0.14942848295878955
29366.197,0.14942863611277638
29366.198,0.1494287941018626
29366.199,0.14942895685197313
29366.2,0.14942912443059517
29366.201,0.14942929716470474
29366.202,0.14942947521358926
29366.203,0.14942965855734922
29366.204,0.14942984765396553
29366.205,0.14943004232902168
29366.206,0.14943024265318444
29366.207,0.1494304493537937
29366.208,0.14943066256850424
29366.209,0.14943088204297558
29366.21,0.14943110795419015
29366.211,0.14943134049565654
29366.212,0.1494315792209386
29366.213,0.1494318236640506
29366.214,0.14943207399762828
29366.215,0.14943233049039192
29366.216,0.14943259346832108
29366.217,0.14943286296129296
29366.218,0.14943313853521561
29366.219,0.1494334202165475
29366.22,0.14943370816724894
29366.221,0.1494340023554588
29366.222,0.14943430240299652
29366.223,0.1494346085285595
29366.224,0.14943492105072165
29366.225,0.14943524006354703
29366.226,0.14943556485426218
29366.227,0.14943589580999675
29366.228,0.14943623247608526
29366.229,0.1494365745634819
29366.23,0.14943692128282338
29366.231,0.14943727257394893
29366.232,0.1494376284464724
29366.233,0.14943798890035964
29366.234,0.1494383537321405
29366.235,0.14943872262256278
29366.236,0.14943909535478594
29366.237,0.14943947189848528
29366.238,0.14943985189662773
29366.239,0.14944023499251202
29366.24,0.14944062124312968
29366.241,0.1494410110153047
29366.242,0.14944140400528505
29366.243,0.1494417993288352
29366.244,0.14944219752961643
29366.245,0.14944259771524676
29366.246,0.14944299899406568
29366.247,0.14944340102587633
29366.248,0.14944380408478258
29366.249,0.1494442081256501
29366.25,0.1494446126684987
29366.251,0.14944501764191323
29366.252,0.14944542317072387
29366.253,0.14944582872890305
29366.254,0.1494462343200237
29366.255,0.1494466399514298
29366.256,0.1494470446930267
29366.257,0.149447449330337
29366.258,0.1494478538065677
29366.259,0.14944825762221636
29366.26,0.14944866095700388
29366.261,0.14944906326193413
29366.262,0.14944946389103522
29366.263,0.14944986252423156
29366.264,0.14945025937403922
29366.265,0.14945065467608423
29366.266,0.14945104806831536
29366.267,0.1494514393219763
29366.268,0.14945182868700205
29366.269,0.14945221614873044
29366.27,0.14945260192796964
29366.271,0.14945298599176166
29366.272,0.14945336809010953
29366.273,0.14945374827914554
29366.274,0.1494541267435961
29366.275,0.14945450329261462
29366.276,0.14945487809277497
29366.277,0.14945525093929163
29366.278,0.14945562173251212
29366.279,0.14945599031800852
29366.28,0.14945635648505567
29366.281,0.14945672035091484
29366.282,0.1494570818516604
29366.283,0.14945744111889822
29366.284,0.14945779859889097
29366.285,0.149458153929088
29366.286,0.14945850774645308
29366.287,0.14945886029611274
29366.288,0.14945921137687765
29366.289,0.14945956066363023
29366.29,0.14945990842236326
29366.291,0.1494602553820416
29366.292,0.149460601377148
29366.293,0.14946094624972853
29366.294,0.14946129044576967
29366.295,0.14946163379519833
29366.296,0.14946197567613712
29366.297,0.14946231576156138
29366.298,0.14946265451556764
29366.299,0.14946299210894934
29366.3,0.14946332904261125
29366.301,0.1494636655988313
29366.302,0.14946400129456602
29366.303,0.14946433638300993
29366.304,0.14946467090207455
29366.305,0.14946500482163882
29366.306,0.14946533828824657
29366.307,0.1494656715634179
29366.308,0.14946600486535766
29366.309,0.14946633824130834
29366.31,0.14946667146944076
29366.311,0.14946700467850585
29366.312,0.14946733731082268
29366.313,0.14946766893088928
29366.314,0.1494679996098697
29366.315,0.1494683297300937
29366.316,0.1494686590815814
29366.317,0.14946898782014895
29366.318,0.14946931591806267
29366.319,0.14946964357597103
29366.32,0.14946997102517384
29366.321,0.14947029794374048
29366.322,0.14947062420417379
29366.323,0.14947095008013495
29366.324,0.14947127608518396
29366.325,0.1494716021936378
29366.326,0.14947192788685715
29366.327,0.14947225313723914
29366.328,0.1494725775282947
29366.329,0.14947290049187784
29366.33,0.1494732219041012
29366.331,0.14947354200546373
29366.332,0.14947386076961552
29366.333,0.14947417871399055
29366.334,0.14947449542320895
29366.335,0.14947481092007286
29366.336,0.14947512517770226
29366.337,0.14947543790115822
29366.338,0.1494757489640913
29366.339,0.14947605850680998
29366.34,0.14947636689354768
29366.341,0.14947667486351573
29366.342,0.14947698163723203
29366.343,0.14947728660736215
29366.344,0.14947759002608108
29366.345,0.14947789142882234
29366.346,0.14947819023470565
29366.347,0.14947848662562066
29366.348,0.1494787807536075
29366.349,0.14947907228841203
29366.35,0.14947936111191693
29366.351,0.14947964749316658
29366.352,0.1494799312207469
29366.353,0.1494802121603659
29366.354,0.1494804904336553
29366.355,0.14948076561388
29366.356,0.14948103771582796
29366.357,0.14948130732480552
29366.358,0.14948157441216986
29366.359,0.14948183879347593
29366.36,0.14948210036677145
29366.361,0.14948235847727517
29366.362,0.14948261330459242
29366.363,0.14948286421067425
29366.364,0.14948311089250657
29366.365,0.14948335325911555
29366.366,0.14948359128579952
29366.367,0.14948382477133657
29366.368,0.1494840539555361
29366.369,0.14948427842825862
29366.37,0.1494844981137003
29366.371,0.14948471248013867
29366.372,0.14948492152793907
29366.373,0.14948512521859653
29366.374,0.1494853238230761
29366.375,0.1494855171030179
29366.376,0.14948570498292568
29366.377,0.14948588737226354
29366.378,0.1494860639497737
29366.379,0.1494862343440841
29366.38,0.14948639777026987
29366.381,0.14948655434323713
29366.382,0.1494867038073099
29366.383,0.14948684610650614
29366.384,0.14948698144201297
29366.385,0.14948710920731384
29366.386,0.14948722954350802
29366.387,0.14948734231555716
29366.388,0.14948744712847814
29366.389,0.1494875434687009
29366.39,0.14948763179240349
29366.391,0.1494877126728792
29366.392,0.14948778528520848
29366.393,0.14948784929890938
29366.394,0.14948790499887135
29366.395,0.14948795145355165
29366.396,0.14948798821307324
29366.397,0.1494880149211749
29366.398,0.14948803185441037
29366.399,0.14948803901369467
29366.4,0.14948803610596384
29366.401,0.14948802309174386
29366.402,0.1494879997603595
29366.403,0.149487966306472
29366.404,0.14948792281869763
29366.405,0.1494878690234614
29366.406,0.14948780474813192
29366.407,0.149487730217154
29366.408,0.14948764534051698
29366.409,0.14948755022618151
29366.41,0.14948744477010156
29366.411,0.14948732923207605
29366.412,0.14948720291541823
29366.413,0.14948706594315117
29366.414,0.14948691847890663
29366.415,0.14948676097222466
29366.416,0.14948659349760773
29366.417,0.14948641615923924
29366.418,0.14948622935648148
29366.419,0.14948603310987757
29366.42,0.1494858276454895
29366.421,0.14948561311538025
29366.422,0.1494853896398792
29366.423,0.14948515736458795
29366.424,0.14948491751563656
29366.425,0.14948467034694907
29366.426,0.14948441565487558
29366.427,0.14948415387689165
29366.428,0.14948388510132396
29366.429,0.14948360929451185
29366.43,0.1494833270258293
29366.431,0.1494830386458556
29366.432,0.14948274446650892
29366.433,0.14948244561230628
29366.434,0.14948214218501812
29366.435,0.14948183462366876
29366.436,0.14948152324314146
29366.437,0.14948120845016566
29366.438,0.14948089066540327
29366.439,0.14948057016436297
29366.44,0.14948024720937808
29366.441,0.14947992260994117
29366.442,0.14947959639650021
29366.443,0.14947926901961447
29366.444,0.1494789410285611
29366.445,0.14947861264892442
29366.446,0.14947828346697142
29366.447,0.14947795390075694
29366.448,0.14947762442128054
29366.449,0.14947729535368354
29366.45,0.149476967116525
29366.451,0.149476640149292
29366.452,0.14947631460542787
29366.453,0.1494759907140499
29366.454,0.14947566870353565
29366.455,0.14947534851439503
29366.456,0.14947503004854668
29366.457,0.14947471389142833
29366.458,0.14947440039972293
29366.459,0.14947408930858486
29366.46,0.1494737806343513
29366.461,0.14947347401308772
29366.462,0.14947316912364883
29366.463,0.14947286544473595
29366.464,0.1494725631538498
29366.465,0.14947226250746073
29366.466,0.1494719635392779
29366.467,0.14947166593378355
29366.468,0.14947136994157306
29366.469,0.14947107488099684
29366.47,0.14947078080859882
29366.471,0.1494704874324574
29366.472,0.1494701948507467
29366.473,0.1494699025237885
29366.474,0.14946961058471692
29366.475,0.1494693188577213
29366.476,0.14946902722786298
29366.477,0.14946873527337193
29366.478,0.14946844223383313
29366.479,0.1494681479773523
29366.48,0.14946785158699386
29366.481,0.14946755295035347
29366.482,0.14946725193765537
29366.483,0.14946694854544681
29366.484,0.1494666426687714
29366.485,0.14946633359585643
29366.486,0.14946602150808702
29366.487,0.14946570608673448
29366.488,0.14946538705140588
29366.489,0.14946506392466902
29366.49,0.14946473676213368
29366.491,0.14946440574432057
29366.492,0.14946407024846606
29366.493,0.14946373011381492
29366.494,0.14946338518744257
29366.495,0.14946303516481566
29366.496,0.14946267943749778
29366.497,0.14946231753103226
29366.498,0.14946194985955893
29366.499,0.14946157663418155
29366.5,0.14946119740769162
29366.501,0.14946081244273357
29366.502,0.14946042156374173
29366.503,0.14946002457755542
29366.504,0.14945962138043092
29366.505,0.14945921158536948
29366.506,0.14945879538511073
29366.507,0.1494583734625154
29366.508,0.1494579457666205
29366.509,0.14945751214761974
29366.51,0.14945707224847715
29366.511,0.14945662607662474
29366.512,0.14945617332649114
29366.513,0.14945571385446538
29366.514,0.1494552476505776
29366.515,0.149454775199336
29366.516,0.14945429632954194
29366.517,0.1494538110894112
29366.518,0.14945331972839504
29366.519,0.14945282191448908
29366.52,0.14945231817014784
29366.521,0.14945180860504098
29366.522,0.14945129287643905
29366.523,0.14945077144667318
29366.524,0.14945024489900105
29366.525,0.14944971298641457
29366.526,0.14944917548234773
29366.527,0.14944863285040183
29366.528,0.14944808500490323
29366.529,0.1494475315019002
29366.53,0.1494469723077077
29366.531,0.14944640746023127
29366.532,0.14944583719036963
29366.533,0.1494452622748361
29366.534,0.14944468201941113
29366.535,0.14944409666674124
29366.536,0.14944350663382155
29366.537,0.14944291217105668
29366.538,0.14944231315056017
29366.539,0.149441709723315
29366.54,0.1494411018790657
29366.541,0.1494404902842138
29366.542,0.14943987501481804
29366.543,0.14943925564754562
29366.544,0.14943863274576624
29366.545,0.14943800623744274
29366.546,0.14943737551650102
29366.547,0.14943674110227412
29366.548,0.14943610319939696
29366.549,0.14943546191801657
29366.55,0.14943481729839092
29366.551,0.14943416957255334
29366.552,0.14943351883597025
29366.553,0.1494328651500916
29366.554,0.1494322086772726
29366.555,0.14943154949144732
29366.556,0.14943088756504475
29366.557,0.14943022354204086
29366.558,0.14942955741849895
29366.559,0.14942888908904883
29366.56,0.14942821824161462
29366.561,0.14942754512374967
29366.562,0.1494268697007854
29366.563,0.14942619148155067
29366.564,0.14942551060221318
29366.565,0.14942482767169185
29366.566,0.1494241424452835
29366.567,0.14942345512956928
29366.568,0.14942276577910502
29366.569,0.14942207423359843
29366.57,0.14942138070649175
29366.571,0.14942068540690967
29366.572,0.14941998804547119
29366.573,0.14941928869886842
29366.574,0.14941858787414872
29366.575,0.14941788583808358
29366.576,0.14941718222463776
29366.577,0.14941647677056014
29366.578,0.14941576909089294
29366.579,0.1494150594670788
29366.58,0.1494143469654075
29366.581,0.14941363240676125
29366.582,0.14941291581924743
29366.583,0.14941219750134802
29366.584,0.1494114771547536
29366.585,0.14941075477458213
29366.586,0.14941003057559885
29366.587,0.1494093044650163
29366.588,0.14940857655516385
29366.589,0.1494078465147267
29366.59,0.14940711469514023
29366.591,0.14940638151246083
29366.592,0.1494056466334298
29366.593,0.14940490996938796
29366.594,0.14940417165838782
29366.595,0.14940343152187022
29366.596,0.14940268869151122
29366.597,0.1494019437690128
29366.598,0.14940119689045572
29366.599,0.14940044811498693
29366.6,0.14939969726862062
29366.601,0.1493989447094608
29366.602,0.1493981902396
29366.603,0.14939743389111346
29366.604,0.14939667570862838
29366.605,0.14939591589875703
29366.606,0.14939515434086365
29366.607,0.1493943916508234
29366.608,0.14939362739684234
29366.609,0.14939286171106866
29366.61,0.1493920946486296
29366.611,0.1493913263384
29366.612,0.14939055650506536
29366.613,0.1493897848062326
29366.614,0.14938901141257616
29366.615,0.14938823678125276
29366.616,0.14938746051688093
29366.617,0.1493866828905676
29366.618,0.14938590420062112
29366.619,0.1493851245321217
29366.62,0.14938434402563278
29366.621,0.14938356267202516
29366.622,0.14938278014291495
29366.623,0.14938199666597277
29366.624,0.14938121270894952
29366.625,0.1493804283095462
29366.626,0.14937964303266274
29366.627,0.14937885710476892
29366.628,0.1493780705280989
29366.629,0.1493772830241844
29366.63,0.14937649495826322
29366.631,0.14937570617268459
29366.632,0.14937491667349465
29366.633,0.1493741268845398
29366.634,0.1493733365984906
29366.635,0.1493725462251367
29366.636,0.14937175544728612
29366.637,0.14937096428427302
29366.638,0.14937017268280847
29366.639,0.14936938069153788
29366.64,0.1493685886004716
29366.641,0.14936779713976225
29366.642,0.14936700600623953
29366.643,0.1493662147044045
29366.644,0.14936542361470462
29366.645,0.14936463245405535
29366.646,0.149363840627678
29366.647,0.1493630483606465
29366.648,0.1493622555329582
29366.649,0.14936146219782626
29366.65,0.14936066842085002
29366.651,0.14935987446010257
29366.652,0.14935908022364086
29366.653,0.14935828536369258
29366.654,0.14935749015347172
29366.655,0.14935669441538812
29366.656,0.14935589778822922
29366.657,0.149355100876206
29366.658,0.1493543039863563
29366.659,0.14935350634905517
29366.66,0.1493527077765807
29366.661,0.14935190844770035
29366.662,0.14935110766910975
29366.663,0.14935030499245394
29366.664,0.14934950067143257
29366.665,0.1493486946537857
29366.666,0.14934788675024688
29366.667,0.14934707715605436
29366.668,0.14934626560241038
29366.669,0.1493454521153171
29366.67,0.1493446367367706
29366.671,0.1493438192492388
29366.672,0.14934299939396053
29366.673,0.14934217682279735
29366.674,0.14934135203062068
29366.675,0.14934052510839316
29366.676,0.14933969540272932
29366.677,0.14933886299977522
29366.678,0.1493380276588346
29366.679,0.14933718918504857
29366.68,0.14933634682466843
29366.681,0.14933550113980978
29366.682,0.14933465189738077
29366.683,0.14933379926977963
29366.684,0.14933294310325185
29366.685,0.14933208342281032
29366.686,0.14933122040779354
29366.687,0.14933035398806604
29366.688,0.14932948408959582
29366.689,0.1493286106870745
29366.69,0.14932773367084665
29366.691,0.14932685359442088
29366.692,0.1493259704411301
29366.693,0.1493250841356887
29366.694,0.1493241944634391
29366.695,0.1493233014000766
29366.696,0.14932240441993375
29366.697,0.14932150393005816
29366.698,0.14932059974041445
29366.699,0.1493196924002971
29366.7,0.1493187816756659
29366.701,0.149317868089829
29366.702,0.1493169515487788
29366.703,0.14931603251156092
29366.704,0.14931511100680026
29366.705,0.14931418714201752
29366.706,0.14931326077900814
29366.707,0.1493123327364211
29366.708,0.14931140265450574
29366.709,0.1493104708364713
29366.71,0.14930953703319175
29366.711,0.14930860184349423
29366.712,0.14930766488118566
29366.713,0.14930672592048858
29366.714,0.14930578547026907
29366.715,0.14930484373334388
29366.716,0.1493039006950757
29366.717,0.14930295691316306
29366.718,0.14930201245317995
29366.719,0.14930106750984531
29366.72,0.1493001220953286
29366.721,0.1492991762977995
29366.722,0.14929823010801904
29366.723,0.14929728380276477
29366.724,0.1492963379435653
29366.725,0.14929539281382664
29366.726,0.1492944479668954
29366.727,0.1492935036597403
29366.728,0.14929255962651994
29366.729,0.14929161568403407
29366.73,0.14929067188056536
29366.731,0.14928972812232003
29366.732,0.14928878494160353
29366.733,0.14928784266186093
29366.734,0.14928690117767468
29366.735,0.14928596054336102
29366.736,0.14928502093035792
29366.737,0.14928408233756613
29366.738,0.14928314484160446
29366.739,0.1492822083598076
29366.74,0.14928127303599767
29366.741,0.1492803392988081
29366.742,0.14927940685409846
29366.743,0.14927847582240786
29366.744,0.1492775463010448
29366.745,0.14927661787744514
29366.746,0.14927569006233102
29366.747,0.1492747631094627
29366.748,0.14927383725798296
29366.749,0.14927291253589406
29366.75,0.14927198889854937
29366.751,0.14927106631227433
29366.752,0.1492701446756565
29366.753,0.14926922422997493
29366.754,0.14926830515078676
29366.755,0.1492673871079365
29366.756,0.1492664699703886
29366.757,0.14926555444589867
29366.758,0.14926464039628864
29366.759,0.14926372718276903
29366.76,0.149262815330766
29366.761,0.14926190451643773
29366.762,0.14926099472342538
29366.763,0.14926008527347367
29366.764,0.14925917625804444
29366.765,0.14925826802091924
29366.766,0.1492573602439212
29366.767,0.14925645299746915
29366.768,0.1492555465173366
29366.769,0.14925464068393296
29366.77,0.1492537354437894
29366.771,0.14925283072653917
29366.772,0.14925192653971783
29366.773,0.14925102278068073
29366.774,0.14925012019991504
29366.775,0.1492492184230633
29366.776,0.14924831680582124
29366.777,0.14924741599236654
29366.778,0.1492465151497093
29366.779,0.14924561426809577
29366.78,0.14924471318655702
29366.781,0.14924381207038617
29366.782,0.14924291091081004
29366.783,0.14924200944929764
29366.784,0.1492411079622085
29366.785,0.1492402063383932
29366.786,0.14923930481143996
29366.787,0.14923840334421706
29366.788,0.14923750175340458
29366.789,0.14923659998969052
29366.79,0.14923569798115335
29366.791,0.14923479643266613
29366.792,0.14923389509620977
29366.793,0.149232993435983
29366.794,0.14923209177218144
29366.795,0.1492311899107337
29366.796,0.14923028729012056
29366.797,0.1492293838944273
29366.798,0.14922847990500288
29366.799,0.14922757543705875
29366.8,0.14922667054236277
29366.801,0.14922576521675654
29366.802,0.1492248595811111
29366.803,0.149223953591311
29366.804,0.14922304679712334
29366.805,0.14922213941741702
29366.806,0.14922123125751585
29366.807,0.14922032280917888
29366.808,0.1492194138151199
29366.809,0.1492185043698005
29366.81,0.14921759417012642
29366.811,0.14921668319724748
29366.812,0.14921577085754376
29366.813,0.1492148567664692
29366.814,0.14921394103604477
29366.815,0.14921302345778154
29366.816,0.14921210422485284
29366.817,0.14921118314295262
29366.818,0.14921026015754194
29366.819,0.1492093351257611
29366.82,0.14920840795217286
29366.821,0.14920747854241295
29366.822,0.14920654659482738
29366.823,0.1492056118451359
29366.824,0.14920467475635996
29366.825,0.14920373521037142
29366.826,0.14920279252817284
29366.827,0.14920184686851137
29366.828,0.1492008978332627
29366.829,0.1491999449721974
29366.83,0.14919898753618374
29366.831,0.1491980258187222
29366.832,0.14919705998290972
29366.833,0.14919608983462512
29366.834,0.1491951151058836
29366.835,0.14919413579079058
29366.836,0.14919315176749803
29366.837,0.14919216278058495
29366.838,0.14919116907738622
29366.839,0.14919017018663708
29366.84,0.14918916614664376
29366.841,0.14918815742972294
29366.842,0.14918714374387076
29366.843,0.1491861247010665
29366.844,0.1491851004760394
29366.845,0.14918407070694722
29366.846,0.1491830352296188
29366.847,0.14918199401251397
29366.848,0.14918094730179499
29366.849,0.14917989499433912
29366.85,0.14917883716988786
29366.851,0.14917777423478518
29366.852,0.14917670626451537
29366.853,0.14917563371972267
29366.854,0.14917455632286458
29366.855,0.1491734740703224
29366.856,0.14917238710090447
29366.857,0.14917129577323168
29366.858,0.14917020016494426
29366.859,0.14916910046487414
29366.86,0.14916799679820328
29366.861,0.1491668891831623
29366.862,0.1491657777122601
29366.863,0.1491646619471593
29366.864,0.14916354251815664
29366.865,0.1491624200625697
29366.866,0.14916129450817664
29366.867,0.14916016636212562
29366.868,0.14915903579273646
29366.869,0.14915790280082378
29366.87,0.14915676771206482
29366.871,0.1491556308801391
29366.872,0.14915449232791758
29366.873,0.14915335212942668
29366.874,0.14915221088621794
29366.875,0.14915106889125387
29366.876,0.1491499260417463
29366.877,0.14914878308838037
29366.878,0.1491476394663122
29366.879,0.14914649564801147
29366.88,0.14914535125791611
29366.881,0.14914420669038675
29366.882,0.149143062360552
29366.883,0.14914191874488889
29366.884,0.1491407761230849
29366.885,0.14913963454288287
29366.886,0.14913849418333275
29366.887,0.14913735557957328
29366.888,0.14913621857862652
29366.889,0.14913508333195008
29366.89,0.149133950242404
29366.891,0.14913281981861767
29366.892,0.14913169212457125
29366.893,0.14913056681546746
29366.894,0.14912944461771543
29366.895,0.14912832540977405
29366.896,0.14912720906686616
29366.897,0.14912609577745128
29366.898,0.14912498614909095
29366.899,0.14912388041375466
29366.9,0.14912277875857882
29366.901,0.14912168146993998
29366.902,0.14912058880343423
29366.903,0.14911950077823496
29366.904,0.14911841774838458
29366.905,0.14911734015975098
29366.906,0.1491162678814549
29366.907,0.1491152016663837
29366.908,0.1491141418543205
29366.909,0.1491130886549942
29366.91,0.14911204202585146
29366.911,0.14911100223738075
29366.912,0.14910996930122344
29366.913,0.14910894267540517
29366.914,0.14910792316934057
29366.915,0.14910691132304532
29366.916,0.14910590697489118
29366.917,0.1491049106226939
29366.918,0.14910392282365825
29366.919,0.14910294339557797
29366.92,0.14910197297165992
29366.921,0.14910101153470792
29366.922,0.14910005925544267
29366.923,0.1490991163974085
29366.924,0.14909818392279844
29366.925,0.14909726178991073
29366.926,0.14909634997792906
29366.927,0.14909544838049488
29366.928,0.14909455726489612
29366.929,0.14909367653056993
29366.93,0.14909280635458982
29366.931,0.14909194715745436
29366.932,0.14909109873717769
29366.933,0.14909026144238466
29366.934,0.14908943508240136
29366.935,0.14908862013067856
29366.936,0.14908781642766222
29366.937,0.14908702417750647
29366.938,0.14908624355297045
29366.939,0.14908547418107138
29366.94,0.1490847167221841
29366.941,0.14908397138859847
29366.942,0.14908323784746932
29366.943,0.1490825156976295
29366.944,0.14908180545979718
29366.945,0.14908110654990595
29366.946,0.1490804184600237
29366.947,0.14907974103066104
29366.948,0.14907907424076025
29366.949,0.14907841804985728
29366.95,0.1490777728007908
29366.951,0.14907713836520461
29366.952,0.14907651424898877
29366.953,0.14907590055531467
29366.954,0.14907529688807392
29366.955,0.1490747029493157
29366.956,0.14907411874782603
29366.957,0.14907354429617428
29366.958,0.14907297970031214
29366.959,0.1490724244059202
29366.96,0.1490718778157782
29366.961,0.1490713396909873
29366.962,0.1490708093538422
29366.963,0.14907028624096205
29366.964,0.14906977036354466
29366.965,0.14906926156761455
29366.966,0.14906875951911014
29366.967,0.149068264057208
29366.968,0.14906777515804828
29366.969,0.14906729244940833
29366.97,0.14906681548461917
29366.971,0.14906634435946978
29366.972,0.14906587824242148
29366.973,0.14906541724243075
29366.974,0.1490649613886742
29366.975,0.14906451054198666
29366.976,0.14906406414801873
29366.977,0.1490636218545272
29366.978,0.14906318311711617
29366.979,0.14906274740572628
29366.98,0.14906231422428382
29366.981,0.14906188355680655
29366.982,0.1490614556182175
29366.983,0.14906103037539967
29366.984,0.14906060722923983
29366.985,0.14906018623769612
29366.986,0.1490597671152088
29366.987,0.14905934988428993
29366.988,0.14905893392534628
29366.989,0.149058519147778
29366.99,0.14905810554996102
29366.991,0.14905769359436769
29366.992,0.14905728303157223
29366.993,0.14905687335926532
29366.994,0.14905646478067908
29366.995,0.14905605680916273
29366.996,0.14905564864688162
29366.997,0.149055240423473
29366.998,0.14905483235003292
29366.999,0.1490544242016467
29367.0,0.14905401580441754
29367.001,0.1490536073803652
29367.002,0.14905319894252503
29367.003,0.1490527905632341
29367.004,0.1490523820239029
29367.005,0.14905197345373614
29367.006,0.14905156456580504
29367.007,0.14905115579787365
29367.008,0.14905074726284503
29367.009,0.1490503384504208
29367.01,0.14904992926403315
29367.011,0.14904951999696817
29367.012,0.1490491102610053
29367.013,0.14904869977268165
29367.014,0.1490482891713692
29367.015,0.14904787820910287
29367.016,0.14904746691162102
29367.017,0.14904705593310402
29367.018,0.14904664504916887
29367.019,0.1490462338332016
29367.02,0.14904582267168207
29367.021,0.14904541174199476
29367.022,0.14904500092990008
29367.023,0.14904459053976207
29367.024,0.14904418072988374
29367.025,0.1490437716817702
29367.026,0.14904336320729528
29367.027,0.14904295553099553
29367.028,0.14904254877603468
29367.029,0.14904214221945747
29367.03,0.14904173600498974
29367.031,0.14904133028659206
29367.032,0.14904092525663037
29367.033,0.14904052153908312
29367.034,0.1490401189576298
29367.035,0.14903971776525646
29367.036,0.1490393181513049
29367.037,0.1490389204582086
29367.038,0.149038524550251
29367.039,0.14903813018719142
29367.04,0.1490377381571969
29367.041,0.14903734866953697
29367.042,0.14903696192923205
29367.043,0.14903657764312303
29367.044,0.14903619644883526
29367.045,0.14903581785701672
29367.046,0.14903544168077956
29367.047,0.14903506814878073
29367.048,0.14903469771448263
29367.049,0.14903433071294134
29367.05,0.14903396715879713
29367.051,0.14903360717173386
29367.052,0.1490332507680767
29367.053,0.1490328983417599
29367.054,0.14903254993606188
29367.055,0.1490322057122519
29367.056,0.14903186556669054
29367.057,0.1490315300484263
29367.058,0.14903119945722829
29367.059,0.14903087379168956
29367.06,0.14903055287759287
29367.061,0.14903023723620923
29367.062,0.14902992663724118
29367.063,0.14902962094423586
29367.064,0.14902932007984818
29367.065,0.14902902440417864
29367.066,0.1490287340784637
29367.067,0.14902844919087213
29367.068,0.1490281698347874
29367.069,0.14902789608147785
29367.07,0.14902762796746657
29367.071,0.1490273657649167
29367.072,0.14902710895045643
29367.073,0.1490268581270955
29367.074,0.14902661344910964
29367.075,0.14902637511444106
29367.076,0.1490261428490697
29367.077,0.1490259167607294
29367.078,0.14902569681718877
29367.079,0.1490254825666129
29367.08,0.14902527393435502
29367.081,0.14902507112225413
29367.082,0.14902487426090316
29367.083,0.1490246831433325
29367.084,0.14902449737538268
29367.085,0.14902431735752067
29367.086,0.14902414320179808
29367.087,0.1490239748431377
29367.088,0.14902381204898288
29367.089,0.14902365485800692
29367.09,0.14902350329773612
29367.091,0.14902335815365791
29367.092,0.14902321874107596
29367.093,0.1490230848133528
29367.094,0.14902295644546878
29367.095,0.14902283348349127
29367.096,0.1490227151779654
29367.097,0.14902260150188684
29367.098,0.14902249260300215
29367.099,0.14902238830371747
29367.1,0.14902228886542873
29367.101,0.1490221942058673
29367.102,0.14902210404958321
29367.103,0.1490220182960682
29367.104,0.14902193682289874
29367.105,0.14902185945673388
29367.106,0.14902178581981615
29367.107,0.14902171637279382
29367.108,0.14902165106574555
29367.109,0.14902158975443133
29367.11,0.14902153227272102
29367.111,0.14902147840647179
29367.112,0.1490214274685756
29367.113,0.1490213793028237
29367.114,0.1490213336788041
29367.115,0.14902129068572129
29367.116,0.1490212502158387
29367.117,0.14902121218230277
29367.118,0.14902117639325782
29367.119,0.1490211426660235
29367.12,0.1490211112282116
29367.121,0.14902108192936311
29367.122,0.14902105400568733
29367.123,0.1490210276041662
29367.124,0.14902100303926302
29367.125,0.14902098051396342
29367.126,0.14902095906337107
29367.127,0.14902093900444904
29367.128,0.14902091970137196
29367.129,0.14902090079073538
29367.13,0.14902088239202685
29367.131,0.14902086441910894
29367.132,0.14902084684629036
29367.133,0.14902082982535403
29367.134,0.1490208131027671
29367.135,0.14902079658982295
29367.136,0.14902078052987094
29367.137,0.14902076478360374
29367.138,0.14902074898596238
29367.139,0.14902073338395602
29367.14,0.14902071824084637
29367.141,0.14902070341388005
29367.142,0.14902068867705187
29367.143,0.1490206738647667
29367.144,0.14902065968515646
29367.145,0.14902064584759497
29367.146,0.14902063213013583
29367.147,0.1490206183831001
29367.148,0.1490206048448791
29367.149,0.1490205912552649
29367.15,0.14902057775943414
29367.151,0.14902056442365275
29367.152,0.14902055144650836
29367.153,0.1490205391449837
29367.154,0.14902052745440303
29367.155,0.1490205162741245
29367.156,0.14902050546040002
29367.157,0.14902049575384796
29367.158,0.14902048709877402
29367.159,0.14902047968768473
29367.16,0.1490204733284677
29367.161,0.1490204681433001
29367.162,0.14902046369409733
29367.163,0.14902045967031727
29367.164,0.14902045647320467
29367.165,0.14902045447745674
29367.166,0.14902045352230103
29367.167,0.14902045347798215
29367.168,0.1490204546623673
29367.169,0.1490204571368828
29367.17,0.14902046060479418
29367.171,0.14902046522269527
29367.172,0.149020470617458
29367.173,0.14902047705806232
29367.174,0.1490204849129787
29367.175,0.14902049421169428
29367.176,0.1490205044855992
29367.177,0.14902051585173418
29367.178,0.14902052793911233
29367.179,0.14902054047665558
29367.18,0.14902055322473376
29367.181,0.14902056616152703
29367.182,0.14902057908663174
29367.183,0.14902059231121867
29367.184,0.1490206057487886
29367.185,0.14902061959697807
29367.186,0.14902063356189235
29367.187,0.14902064737665516
29367.188,0.14902066089996932
29367.189,0.1490206740346287
29367.19,0.14902068700093202
29367.191,0.14902070015121932
29367.192,0.14902071289419375
29367.193,0.14902072492057017
29367.194,0.1490207364954505
29367.195,0.14902074725381936
29367.196,0.1490207565591667
29367.197,0.14902076423142482
29367.198,0.14902077068653877
29367.199,0.14902077564714283
29367.2,0.1490207793447066
29367.201,0.1490207815913307
29367.202,0.14902078247867553
29367.203,0.14902078221803852
29367.204,0.14902078063471602
29367.205,0.14902077747429943
29367.206,0.14902077288626603
29367.207,0.14902076727003188
29367.208,0.14902076064107925
29367.209,0.1490207528645216
29367.21,0.14902074396264534
29367.211,0.1490207339947772
29367.212,0.14902072257942497
29367.213,0.14902070962802963
29367.214,0.14902069493673414
29367.215,0.1490206789842018
29367.216,0.14902066200183034
29367.217,0.14902064407798365
29367.218,0.149020625410468
29367.219,0.14902060565557712
29367.22,0.1490205852821946
29367.221,0.14902056451784595
29367.222,0.14902054309944138
29367.223,0.14902052130610027
29367.224,0.149020499662124
29367.225,0.14902047809184854
29367.226,0.14902045647590828
29367.227,0.14902043529664535
29367.228,0.14902041419228468
29367.229,0.14902039336756398
29367.23,0.14902037242309862
29367.231,0.14902035155090304
29367.232,0.14902033070317425
29367.233,0.14902031036288477
29367.234,0.14902029059154723
29367.235,0.14902027108146293
29367.236,0.14902025235845698
29367.237,0.14902023454262686
29367.238,0.14902021735239337
29367.239,0.14902020131878815
29367.24,0.1490201861167272
29367.241,0.1490201724121967
29367.242,0.14902016008688695
29367.243,0.14902014908573052
29367.244,0.1490201395860128
29367.245,0.14902013141355344
29367.246,0.14902012373003393
29367.247,0.14902011635464474
29367.248,0.14902010973340213
29367.249,0.1490201037736169
29367.25,0.14902009883854928
29367.251,0.14902009488033777
29367.252,0.14902009194697485
29367.253,0.14902008974581116
29367.254,0.14902008842564662
29367.255,0.1490200880704059
29367.256,0.14902008871140157
29367.257,0.1490200906904599
29367.258,0.14902009419107087
29367.259,0.14902009930988436
29367.26,0.14902010563566317
29367.261,0.14902011308588423
29367.262,0.14902012186851382
29367.263,0.14902013142690707
29367.264,0.14902014195424776
29367.265,0.14902015348821077
29367.266,0.14902016611555308
29367.267,0.14902017988541452
29367.268,0.14902019519930976
29367.269,0.14902021169241086
29367.27,0.14902022935192386
29367.271,0.14902024865298028
29367.272,0.14902026934670634
29367.273,0.14902029173045342
29367.274,0.14902031595874624
29367.275,0.1490203420669553
29367.276,0.14902036969162963
29367.277,0.14902039940243025
29367.278,0.14902043116824965
29367.279,0.1490204644937872
29367.28,0.1490204993830162
29367.281,0.14902053622646616
29367.282,0.14902057514308542
29367.283,0.14902061658042268
29367.284,0.1490206602776656
29367.285,0.14902070629351633
29367.286,0.14902075443394483
29367.287,0.14902080508534093
29367.288,0.14902085830082376
29367.289,0.14902091401754974
29367.29,0.14902097233273257
29367.291,0.1490210338219262
29367.292,0.14902109848730885
29367.293,0.1490211658936267
29367.294,0.1490212366822721
29367.295,0.14902131025855964
29367.296,0.14902138618031113
29367.297,0.14902146458376653
29367.298,0.14902154597068704
29367.299,0.1490216299732261
29367.3,0.1490217165956915
29367.301,0.14902180583586006
29367.302,0.14902189755549872
29367.303,0.1490219919198544
29367.304,0.14902208867194927
29367.305,0.14902218760060507
29367.306,0.14902228909199483
29367.307,0.14902239322349026
29367.308,0.1490225000368223
29367.309,0.14902260922391677
29367.31,0.14902272083627216
29367.311,0.14902283448852627
29367.312,0.1490229497289159
29367.313,0.14902306648305214
29367.314,0.14902318435782547
29367.315,0.14902330394898608
29367.316,0.1490234250030478
29367.317,0.1490235470686341
29367.318,0.14902367042224202
29367.319,0.14902379465310595
29367.32,0.1490239200598044
29367.321,0.14902404645795117
29367.322,0.14902417338729895
29367.323,0.14902430107442963
29367.324,0.14902442988303063
29367.325,0.14902455960118177
29367.326,0.14902468997891952
29367.327,0.14902482118100444
29367.328,0.1490249529300536
29367.329,0.1490250848002665
29367.33,0.14902521638286953
29367.331,0.14902534775120183
29367.332,0.14902547906439048
29367.333,0.14902561046522794
29367.334,0.14902574160707868
29367.335,0.1490258723545674
29367.336,0.14902600320452827
29367.337,0.14902613389834685
29367.338,0.149026264297679
29367.339,0.14902639439329998
29367.34,0.1490265239428378
29367.341,0.14902665369284937
29367.342,0.14902678329389313
29367.343,0.1490269128097376
29367.344,0.14902704233455888
29367.345,0.1490271715203438
29367.346,0.1490272995053301
29367.347,0.14902742692711685
29367.348,0.1490275538154401
29367.349,0.14902768035588362
29367.35,0.14902780670771157
29367.351,0.14902793298195555
29367.352,0.1490280590787495
29367.353,0.1490281850790908
29367.354,0.14902831131023747
29367.355,0.14902843748922184
29367.356,0.14902856370091053
29367.357,0.14902869026570278
29367.358,0.14902881732650722
29367.359,0.14902894487135088
29367.36,0.14902907264727236
29367.361,0.14902920050794
29367.362,0.14902932852227616
29367.363,0.14902945599852965
29367.364,0.14902958317103882
29367.365,0.14902971004821217
29367.366,0.14902983659698493
29367.367,0.1490299631573972
29367.368,0.14903008987397035
29367.369,0.14903021646849038
29367.37,0.1490303433036508
29367.371,0.14903047026731644
29367.372,0.14903059683017922
29367.373,0.14903072303391157
29367.374,0.14903084979114775
29367.375,0.14903097724773917
29367.376,0.14903110499068387
29367.377,0.14903123316062278
29367.378,0.14903136126534666
29367.379,0.1490314887849003
29367.38,0.14903161595670383
29367.381,0.14903174268053518
29367.382,0.14903186885801548
29367.383,0.1490319946285523
29367.384,0.1490321197345748
29367.385,0.14903224411533694
29367.386,0.14903236791241184
29367.387,0.1490324915478204
29367.388,0.14903261444707547
29367.389,0.1490327366502569
29367.39,0.14903285856198942
29367.391,0.14903298030425682
29367.392,0.14903310158094807
29367.393,0.1490332220906382
29367.394,0.14903334233289792
29367.395,0.1490334617385644
29367.396,0.14903357981790616
29367.397,0.14903369697521618
29367.398,0.14903381326715703
29367.399,0.14903392830134907
29367.4,0.1490340424766688
29367.401,0.14903415593081315
29367.402,0.1490342685967726
29367.403,0.14903438056830284
29367.404,0.14903449201441976
29367.405,0.1490346026946786
29367.406,0.1490347127291079
29367.407,0.1490348222224931
29367.408,0.14903493153285538
29367.409,0.14903504104910212
29367.41,0.14903515069132678
29367.411,0.14903526023535485
29367.412,0.1490353697204258
29367.413,0.14903547883540227
29367.414,0.14903558729390215
29367.415,0.1490356960981571
29367.416,0.14903580481138246
29367.417,0.1490359137428082
29367.418,0.14903602306148428
29367.419,0.1490361327581086
29367.42,0.14903624291951012
29367.421,0.14903635382282784
29367.422,0.14903646542600643
29367.423,0.14903657775720128
29367.424,0.14903669154078572
29367.425,0.14903680691699575
29367.426,0.14903692359867074
29367.427,0.1490370418584452
29367.428,0.149037161490953
29367.429,0.14903728210352166
29367.43,0.1490374038075639
29367.431,0.1490375265997263
29367.432,0.14903765084154316
29367.433,0.1490377763680042
29367.434,0.14903790338334885
29367.435,0.1490380320475444
29367.436,0.14903816242159365
29367.437,0.14903829418306633
29367.438,0.14903842699659164
29367.439,0.14903856084710806
29367.44,0.14903869542553796
29367.441,0.14903883169997365
29367.442,0.1490389689260158
29367.443,0.14903910715345417
29367.444,0.14903924623004028
29367.445,0.14903938568570815
29367.446,0.1490395249660708
29367.447,0.1490396639907458
29367.448,0.14903980258060312
29367.449,0.14903994057057082
29367.45,0.14904007770720779
29367.451,0.14904021392107764
29367.452,0.14904034866725976
29367.453,0.14904048199108402
29367.454,0.1490406137954659
29367.455,0.14904074302690498
29367.456,0.14904086960754118
29367.457,0.1490409937669751
29367.458,0.14904111559793812
29367.459,0.14904123455855542
29367.46,0.14904135032565877
29367.461,0.1490414626012572
29367.462,0.14904157131942805
29367.463,0.14904167556528503
29367.464,0.14904177496706014
29367.465,0.14904186989351623
29367.466,0.1490419601610335
29367.467,0.14904204544927643
29367.468,0.1490421254040151
29367.469,0.14904220006190305
29367.47,0.1490422693732993
29367.471,0.14904233337725198
29367.472,0.14904239181773887
29367.473,0.14904244496163857
29367.474,0.1490424932583835
29367.475,0.14904253636532624
29367.476,0.14904257417518998
29367.477,0.14904260707006997
29367.478,0.14904263490469552
29367.479,0.14904265754248017
29367.48,0.14904267457846812
29367.481,0.14904268603222556
29367.482,0.1490426925604411
29367.483,0.14904269446584856
29367.484,0.1490426919110643
29367.485,0.14904268520500344
29367.486,0.1490426745898668
29367.487,0.14904266047377746
29367.488,0.14904264296644582
29367.489,0.14904262208366195
29367.49,0.14904259849294418
29367.491,0.14904257245050162
29367.492,0.14904254475922243
29367.493,0.14904251532946275
29367.494,0.14904248481756616
29367.495,0.14904245304794492
29367.496,0.14904241990331885
29367.497,0.14904238591997332
29367.498,0.1490423510628257
29367.499,0.14904231604624768
29367.5,0.14904228154681023
29367.501,0.1490422477245591
29367.502,0.14904221493949119
29367.503,0.14904218352810156
29367.504,0.1490421540984468
29367.505,0.14904212632603153
29367.506,0.14904210060212925
29367.507,0.14904207767974492
29367.508,0.14904205783388993
29367.509,0.149042040981353
29367.51,0.14904202695370858
29367.511,0.14904201618923535
29367.512,0.14904200870852324
29367.513,0.14904200409303253
29367.514,0.1490420026737863
29367.515,0.14904200506742654
29367.516,0.14904201101250278
29367.517,0.14904202109243775
29367.518,0.14904203515264666
29367.519,0.14904205319517638
29367.52,0.14904207542888886
29367.521,0.1490421023115799
29367.522,0.1490421335005934
29367.523,0.14904216888254315
29367.524,0.1490422089161679
29367.525,0.14904225351174874
29367.526,0.1490423024473121
29367.527,0.14904235583348702
29367.528,0.14904241346683111
29367.529,0.14904247478436358
29367.53,0.1490425397811985
29367.531,0.1490426081500502
29367.532,0.14904268017478875
29367.533,0.1490427557387958
29367.534,0.14904283496192486
29367.535,0.14904291756528665
29367.536,0.14904300331268616
29367.537,0.14904309243680564
29367.538,0.14904318485707405
29367.539,0.14904328090077396
29367.54,0.14904338012226379
29367.541,0.149043483431613
29367.542,0.14904358982620178
29367.543,0.14904369938657547
29367.544,0.14904381212356957
29367.545,0.14904392775293526
29367.546,0.1490440459940273
29367.547,0.14904416667677978
29367.548,0.1490442899298975
29367.549,0.1490444154974796
29367.55,0.14904454374821877
29367.551,0.14904467459462112
29367.552,0.14904480788771374
29367.553,0.14904494364063361
29367.554,0.14904508179874112
29367.555,0.14904522191134675
29367.556,0.14904536469210625
29367.557,0.14904551038670974
29367.558,0.14904565899151156
29367.559,0.14904581027608746
29367.56,0.14904596403458562
29367.561,0.14904612047835725
29367.562,0.14904627929680686
29367.563,0.1490464399090963
29367.564,0.14904660252415836
29367.565,0.14904676781306572
29367.566,0.1490469351816211
29367.567,0.1490471049543744
29367.568,0.14904727736449033
29367.569,0.1490474523073828
29367.57,0.14904762960095022
29367.571,0.1490478095533958
29367.572,0.14904799138128536
29367.573,0.14904817538260418
29367.574,0.14904836182285697
29367.575,0.14904855086608695
29367.576,0.14904874214245434
29367.577,0.14904893581441814
29367.578,0.14904913129897637
29367.579,0.14904932816667607
29367.58,0.14904952644888275
29367.581,0.1490497265695001
29367.582,0.1490499285817251
29367.583,0.14905013216833538
29367.584,0.14905033696770875
29367.585,0.14905054307376156
29367.586,0.14905075040101023
29367.587,0.14905095878975066
29367.588,0.14905116799270607
29367.589,0.14905137777182412
29367.59,0.14905158834737514
29367.591,0.14905179987308023
29367.592,0.14905201245417313
29367.593,0.1490522253127041
29367.594,0.14905243875876137
29367.595,0.14905265237076715
29367.596,0.14905286543787805
29367.597,0.14905307784961982
29367.598,0.1490532896628203
29367.599,0.14905350094384326
29367.6,0.14905371100386694
29367.601,0.14905392015708324
29367.602,0.149054127937506
29367.603,0.14905433413273397
29367.604,0.14905453897206525
29367.605,0.14905474135911817
29367.606,0.14905494169960168
29367.607,0.1490551402783524
29367.608,0.14905533673333746
29367.609,0.14905553116936676
29367.61,0.1490557233920358
29367.611,0.14905591325302392
29367.612,0.1490561002096121
29367.613,0.14905628372441815
29367.614,0.14905646380959728
29367.615,0.14905664055527543
29367.616,0.14905681384572833
29367.617,0.14905698350538082
29367.618,0.1490571493444616
29367.619,0.14905731141852993
29367.62,0.14905746978744436
29367.621,0.14905762429630687
29367.622,0.1490577743267049
29367.623,0.14905792005624993
29367.624,0.14905806196309315
29367.625,0.1490582000063734
29367.626,0.14905833394663107
29367.627,0.1490584638912439
29367.628,0.1490585896456117
29367.629,0.14905871053360925
29367.63,0.14905882672800982
29367.631,0.14905893851772734
29367.632,0.14905904586815183
29367.633,0.14905914890766778
29367.634,0.1490592478370642
29367.635,0.14905934248858022
29367.636,0.14905943322275095
29367.637,0.14905951985968663
29367.638,0.14905960223213402
29367.639,0.1490596802688612
29367.64,0.14905975414234396
29367.641,0.14905982462131392
29367.642,0.14905989145718845
29367.643,0.14905995470987787
29367.644,0.1490600149519102
29367.645,0.14906007191958157
29367.646,0.1490601251255219
29367.647,0.14906017459645346
29367.648,0.14906022073630182
29367.649,0.14906026363841884
29367.65,0.14906030381153976
29367.651,0.14906034118137454
29367.652,0.14906037573360484
29367.653,0.14906040768832052
29367.654,0.14906043770102123
29367.655,0.1490604653923122
29367.656,0.14906049102664226
29367.657,0.1490605151069777
29367.658,0.1490605378681919
29367.659,0.1490605592372749
29367.66,0.14906057923045143
29367.661,0.14906059830628648
29367.662,0.14906061593514977
29367.663,0.14906063192322563
29367.664,0.14906064662842597
29367.665,0.1490606602546912
29367.666,0.14906067258461356
29367.667,0.14906068398884745
29367.668,0.14906069474002076
29367.669,0.14906070458409099
29367.67,0.14906071375933946
29367.671,0.1490607224595961
29367.672,0.14906073018342944
29367.673,0.14906073757725802
29367.674,0.14906074480945614
29367.675,0.14906075221205273
29367.676,0.14906075923924486
29367.677,0.14906076622869682
29367.678,0.14906077281762983
29367.679,0.1490607789007529
29367.68,0.14906078422722246
29367.681,0.149060788789637
29367.682,0.14906079250904386
29367.683,0.14906079562214278
29367.684,0.1490607978098488
29367.685,0.14906079948685977
29367.686,0.14906080031767124
29367.687,0.1490608003947181
29367.688,0.14906079974045625
29367.689,0.14906079818436335
29367.69,0.14906079568142763
29367.691,0.1490607926382045
29367.692,0.1490607885269495
29367.693,0.14906078322293342
29367.694,0.14906077699363052
29367.695,0.14906076939206656
29367.696,0.1490607595892165
29367.697,0.14906074810886946
29367.698,0.14906073483673762
29367.699,0.14906071980927185
29367.7,0.14906070280164085
29367.701,0.14906068407553966
29367.702,0.14906066302149262
29367.703,0.14906064015589318
29367.704,0.14906061559157052
29367.705,0.14906058862247093
29367.706,0.14906055968388876
29367.707,0.14906052865250838
29367.708,0.1490604959536506
29367.709,0.1490604612232512
29367.71,0.149060424161216
29367.711,0.1490603848893846
29367.712,0.14906034325900125
29367.713,0.14906029878691332
29367.714,0.14906025174614992
29367.715,0.14906020227166628
29367.716,0.14906015017329036
29367.717,0.1490600956072204
29367.718,0.1490600387236263
29367.719,0.14905997919141417
29367.72,0.14905991730730112
29367.721,0.1490598531732095
29367.722,0.14905978649027288
29367.723,0.1490597175952047
29367.724,0.14905964681267722
29367.725,0.14905957413285814
29367.726,0.14905949932061657
29367.727,0.14905942237063022
29367.728,0.14905934310598198
29367.729,0.1490592614197128
29367.73,0.1490591774509227
29367.731,0.14905909098669626
29367.732,0.14905900183128445
29367.733,0.14905891038153424
29367.734,0.14905881669545917
29367.735,0.14905872070635848
29367.736,0.1490586224004735
29367.737,0.14905852188738108
29367.738,0.149058419247017
29367.739,0.14905831434273265
29367.74,0.1490582073815088
29367.741,0.14905809862857128
29367.742,0.14905798799438758
29367.743,0.14905787534895995
29367.744,0.14905776093692363
29367.745,0.14905764438959898
29367.746,0.14905752510526327
29367.747,0.1490574029522044
29367.748,0.14905727843839697
29367.749,0.1490571514843949
29367.75,0.1490570222383881
29367.751,0.14905689034808656
29367.752,0.14905675592017278
29367.753,0.1490566192748844
29367.754,0.14905648034008034
29367.755,0.1490563385175175
29367.756,0.14905619371189976
29367.757,0.14905604650901808
29367.758,0.14905589694551175
29367.759,0.14905574480235198
29367.76,0.14905558964017288
29367.761,0.14905543165184457
29367.762,0.14905527047697922
29367.763,0.14905510588321252
29367.764,0.1490549380069542
29367.765,0.14905476703050463
29367.766,0.14905459282680134
29367.767,0.1490544155245506
29367.768,0.14905423493747014
29367.769,0.14905405085059922
29367.77,0.14905386363214512
29367.771,0.14905367340390918
29367.772,0.14905347964184254
29367.773,0.1490532827595098
29367.774,0.1490530828138986
29367.775,0.14905287990016144
29367.776,0.1490526736521495
29367.777,0.14905246408098913
29367.778,0.14905225076618026
29367.779,0.1490520335133644
29367.78,0.14905181215289848
29367.781,0.14905158727314385
29367.782,0.14905135851759105
29367.783,0.14905112618458102
29367.784,0.149050890152352
29367.785,0.14905065075004886
29367.786,0.14905040733165084
29367.787,0.14905016030255094
29367.788,0.1490499095379911
29367.789,0.14904965494919023
29367.79,0.149049396642887
29367.791,0.14904913510224668
29367.792,0.14904887011453102
29367.793,0.14904860140533277
29367.794,0.1490483290320725
29367.795,0.14904805271342048
29367.796,0.14904777178566683
29367.797,0.14904748643421598
29367.798,0.14904719639148759
29367.799,0.14904690197337142
29367.8,0.14904660286576368
29367.801,0.14904629944438444
29367.802,0.14904599160322085
29367.803,0.1490456794666865
29367.804,0.14904536289317255
29367.805,0.14904504147567932
29367.806,0.1490447153868198
29367.807,0.1490443849953816
29367.808,0.14904405052919786
29367.809,0.14904371143077494
29367.81,0.14904336788121791
29367.811,0.14904301976606738
29367.812,0.14904266674391684
29367.813,0.14904230831615972
29367.814,0.14904194446286498
29367.815,0.149041575291844
29367.816,0.1490412009363138
29367.817,0.1490408216256146
29367.818,0.14904043722881047
29367.819,0.14904004774997692
29367.82,0.1490396536887305
29367.821,0.1490392548089983
29367.822,0.1490388506430207
29367.823,0.14903844153047774
29367.824,0.14903802783552872
29367.825,0.14903760939914337
29367.826,0.14903718618247128
29367.827,0.14903675828691357
29367.828,0.14903632585819512
29367.829,0.14903588860570785
29367.83,0.14903544620792436
29367.831,0.1490349990512443
29367.832,0.1490345472936373
29367.833,0.14903409134561116
29367.834,0.14903363130794353
29367.835,0.14903316722018567
29367.836,0.1490326992647969
29367.837,0.1490322275844414
29367.838,0.14903175191650478
29367.839,0.14903127277561412
29367.84,0.14903079044284154
29367.841,0.14903030537659406
29367.842,0.1490298175312465
29367.843,0.14902932664387067
29367.844,0.14902883291517122
29367.845,0.14902833631684026
29367.846,0.14902783633167868
29367.847,0.1490273332254669
29367.848,0.14902682780065865
29367.849,0.14902631996215582
29367.85,0.149025809879357
29367.851,0.14902529768230766
29367.852,0.1490247837522608
29367.853,0.14902426785095552
29367.854,0.14902375023097927
29367.855,0.14902323111546503
29367.856,0.14902271040471934
29367.857,0.1490221892446676
29367.858,0.14902166747887674
29367.859,0.1490211452272755
29367.86,0.14902062231249807
29367.861,0.14902009925887436
29367.862,0.14901957557401513
29367.863,0.14901905088070322
29367.864,0.14901852547120734
29367.865,0.14901799954447603
29367.866,0.14901747336713964
29367.867,0.14901694717463673
29367.868,0.1490164211876445
29367.869,0.14901589541804117
29367.87,0.14901536997419607
29367.871,0.14901484492793068
29367.872,0.14901431988688746
29367.873,0.14901379545884721
29367.874,0.14901327189774335
29367.875,0.14901274945919823
29367.876,0.14901222807120873
29367.877,0.14901170747872022
29367.878,0.14901118781773587
29367.879,0.14901066884799177
29367.88,0.14901015037373147
29367.881,0.14900963259137184
29367.882,0.14900911552587973
29367.883,0.14900859967859514
29367.884,0.1490080848254509
29367.885,0.14900757091719521
29367.886,0.149007057796961
29367.887,0.14900654602652755
29367.888,0.14900603518419422
29367.889,0.14900552501143655
29367.89,0.1490050157849572
29367.891,0.14900450781006125
29367.892,0.14900400095269936
29367.893,0.14900349497947465
29367.894,0.1490029899495077
29367.895,0.1490024857150142
29367.896,0.14900198135126114
29367.897,0.14900147688105156
29367.898,0.1490009725973161
29367.899,0.14900046838147002
29367.9,0.14899996417316927
29367.901,0.14899946006285697
29367.902,0.14899895564912602
29367.903,0.14899845090242367
29367.904,0.14899794592347052
29367.905,0.14899744021451378
29367.906,0.14899693350590973
29367.907,0.14899642594777737
29367.908,0.1489959176097641
29367.909,0.14899540797656968
29367.91,0.14899489692369436
29367.911,0.14899438398537207
29367.912,0.1489938689255636
29367.913,0.14899335085887513
29367.914,0.14899282967503483
29367.915,0.14899230554286202
29367.916,0.14899177845292663
29367.917,0.14899124796058416
29367.918,0.14899071405057893
29367.919,0.14899017636692322
29367.92,0.14898963473824658
29367.921,0.14898908907792488
29367.922,0.1489885388170286
29367.923,0.14898798382239634
29367.924,0.14898742439834997
29367.925,0.1489868602617614
29367.926,0.14898629111629583
29367.927,0.1489857165546076
29367.928,0.148985136316308
29367.929,0.1489845494841804
29367.93,0.14898395607519846
29367.931,0.14898335604238944
29367.932,0.1489827491473613
29367.933,0.14898213553603096
29367.934,0.14898151511485905
29367.935,0.14898088773319929
29367.936,0.14898025299620254
29367.937,0.14897961098528936
29367.938,0.14897896163078458
29367.939,0.14897830489097916
29367.94,0.1489776407417592
29367.941,0.1489769690667855
29367.942,0.1489762899753822
29367.943,0.1489756029984671
29367.944,0.1489749086022851
29367.945,0.14897420649226148
29367.946,0.14897349620684294
29367.947,0.148972777873197
29367.948,0.1489720517474983
29367.949,0.1489713178248505
29367.95,0.14897057623984986
29367.951,0.1489698270367666
29367.952,0.14896907047671387
29367.953,0.148968306301072
29367.954,0.1489675348943985
29367.955,0.14896675624673114
29367.956,0.14896597020567565
29367.957,0.14896517767095616
29367.958,0.14896437864047002
29367.959,0.14896357313950856
29367.96,0.1489627608951665
29367.961,0.14896194216510267
29367.962,0.14896111679002036
29367.963,0.1489602847844673
29367.964,0.14895944635843175
29367.965,0.14895860183598883
29367.966,0.14895775149819723
29367.967,0.14895689537437784
29367.968,0.14895603409575406
29367.969,0.14895516750847232
29367.97,0.1489542961879429
29367.971,0.14895342029673417
29367.972,0.14895253979393325
29367.973,0.14895165480226588
29367.974,0.14895076605454324
29367.975,0.14894987402571586
29367.976,0.1489489780794885
29367.977,0.14894807849804745
29367.978,0.14894717568411525
29367.979,0.14894626938464
29367.98,0.14894535980522217
29367.981,0.1489444472618486
29367.982,0.1489435324086807
29367.983,0.14894261533163639
29367.984,0.1489416959678037
29367.985,0.14894077491413432
29367.986,0.14893985240804447
29367.987,0.14893892850159013
29367.988,0.14893800346294336
29367.989,0.1489370777465666
29367.99,0.14893615216709288
29367.991,0.14893522676416937
29367.992,0.14893430145074946
29367.993,0.14893337608058715
29367.994,0.14893245126950544
29367.995,0.14893152728863326
29367.996,0.1489306033044732
29367.997,0.14892967991691344
29367.998,0.1489287574647454
29367.999,0.14892783611122262
29368.0,0.14892691632312555
29368.001,0.14892599813223678
29368.002,0.14892508187693493
29368.003,0.14892416773652623
29368.004,0.14892325592250777
29368.005,0.14892234624744297
29368.006,0.14892143893900797
29368.007,0.14892053482277415
29368.008,0.14891963404013844
29368.009,0.14891873655102583
29368.01,0.14891784227441612
29368.011,0.14891695129347807
29368.012,0.14891606372443164
29368.013,0.1489151788263288
29368.014,0.14891429694309705
29368.015,0.1489134184445717
29368.016,0.14891254366499992
29368.017,0.14891167250656823
29368.018,0.1489108050838245
29368.019,0.14890994115358996
29368.02,0.14890908118805668
29368.021,0.14890822504555035
29368.022,0.14890737215419647
29368.023,0.14890652260420503
29368.024,0.148905677044674
29368.025,0.14890483523101275
29368.026,0.14890399662096918
29368.027,0.14890316129063125
29368.028,0.1489023291238611
29368.029,0.14890149967429178
29368.03,0.1489006728911307
29368.031,0.14889984855804894
29368.032,0.1488990268509958
29368.033,0.14889820761930245
29368.034,0.14889739084451273
29368.035,0.14889657604358197
29368.036,0.14889576298764595
29368.037,0.14889495159153407
29368.038,0.14889414156702885
29368.039,0.14889333260802923
29368.04,0.14889252468492783
29368.041,0.14889171768302548
29368.042,0.1488909114741611
29368.043,0.14889010537944142
29368.044,0.14888929940722534
29368.045,0.14888849315732497
29368.046,0.1488876859750011
29368.047,0.14888687722597063
29368.048,0.14888606684706818
29368.049,0.14888525492720847
29368.05,0.14888444138289136
29368.051,0.14888362583229794
29368.052,0.1488828080724039
29368.053,0.1488819876541857
29368.054,0.14888116468427537
29368.055,0.1488803388053146
29368.056,0.1488795094596133
29368.057,0.1488786769435204
29368.058,0.14887784119938852
29368.059,0.14887700176592134
29368.06,0.14887615819397396
29368.061,0.14887531024485043
29368.062,0.1488744577755857
29368.063,0.1488736002636644
29368.064,0.14887273749950644
29368.065,0.14887186959982737
29368.066,0.14887099677419932
29368.067,0.14887011883794135
29368.068,0.1488692358135656
29368.069,0.14886834701797436
29368.07,0.14886745280876623
29368.071,0.14886655327167933
29368.072,0.14886564829194252
29368.073,0.14886473780636278
29368.074,0.14886382258573627
29368.075,0.1488629021065611
29368.076,0.14886197598917766
29368.077,0.14886104484097096
29368.078,0.14886010845537784
29368.079,0.1488591665560513
29368.08,0.1488582191870576
29368.081,0.14885726657193593
29368.082,0.14885630902479094
29368.083,0.14885534665458783
29368.084,0.1488543796742697
29368.085,0.1488534082396264
29368.086,0.1488524323991814
29368.087,0.14885145225062257
29368.088,0.1488504682090448
29368.089,0.1488494800495667
29368.09,0.14884848810638668
29368.091,0.14884749269237774
29368.092,0.14884649415624462
29368.093,0.14884549236583486
29368.094,0.14884448761215652
29368.095,0.14884347983404977
29368.096,0.1488424684225303
29368.097,0.14884145403042084
29368.098,0.1488404369456212
29368.099,0.14883941759819017
29368.1,0.14883839599477452
29368.101,0.14883737265578817
29368.102,0.14883634790082578
29368.103,0.14883532143608416
29368.104,0.1488342936286419
29368.105,0.14883326438784086
29368.106,0.14883223400001216
29368.107,0.1488312028819274
29368.108,0.14883017108349655
29368.109,0.1488291387668816
29368.11,0.14882810576798072
29368.111,0.1488270724207337
29368.112,0.14882603840851533
29368.113,0.14882500331165158
29368.114,0.14882396777424248
29368.115,0.1488229322782423
29368.116,0.14882189678251306
29368.117,0.14882086148242535
29368.118,0.148819826294102
29368.119,0.14881879144392934
29368.12,0.14881775727475458
29368.121,0.14881672329903833
29368.122,0.1488156895389757
29368.123,0.14881465622922713
29368.124,0.14881362410948273
29368.125,0.1488125929656465
29368.126,0.14881156254055697
29368.127,0.14881053329248042
29368.128,0.14880950477371968
29368.129,0.14880847649786372
29368.13,0.1488074485090956
29368.131,0.1488064210153571
29368.132,0.1488053939114845
29368.133,0.14880436744096293
29368.134,0.14880334156309963
29368.135,0.148802316111869
29368.136,0.14880129121925326
29368.137,0.14880026696207466
29368.138,0.14879924350874119
29368.139,0.1487982207081796
29368.14,0.14879719870641833
29368.141,0.1487961775490891
29368.142,0.1487951570279517
29368.143,0.14879413708261613
29368.144,0.14879311772697792
29368.145,0.14879209869434187
29368.146,0.14879107944456213
29368.147,0.14879005974604737
29368.148,0.1487890404194051
29368.149,0.14878802143738934
29368.15,0.1487870024795281
29368.151,0.1487859835166744
29368.152,0.14878496446562633
29368.153,0.14878394560854238
29368.154,0.14878292683512867
29368.155,0.14878190782264195
29368.156,0.1487808885273582
29368.157,0.14877986952797098
29368.158,0.14877885079452016
29368.159,0.14877783196324254
29368.16,0.1487768128285434
29368.161,0.14877579340200983
29368.162,0.14877477356545205
29368.163,0.14877375283087937
29368.164,0.14877273098704846
29368.165,0.148771708239608
29368.166,0.14877068490145803
29368.167,0.14876966074014014
29368.168,0.148768636015716
29368.169,0.1487676104600932
29368.17,0.1487665843359838
29368.171,0.1487655577486105
29368.172,0.14876453006780066
29368.173,0.1487635014073128
29368.174,0.14876247231831513
29368.175,0.14876144284707013
29368.176,0.1487604128180974
29368.177,0.14875938227364474
29368.178,0.14875835101958276
29368.179,0.14875731860087937
29368.18,0.14875628477014102
29368.181,0.1487552496308271
29368.182,0.14875421340087125
29368.183,0.14875317624183654
29368.184,0.1487521380010825
29368.185,0.14875109848526857
29368.186,0.14875005790723494
29368.187,0.1487490161536568
29368.188,0.14874797345222732
29368.189,0.1487469295167609
29368.19,0.14874588466429922
29368.191,0.14874483897284238
29368.192,0.14874379210152272
29368.193,0.14874274374966498
29368.194,0.1487416941754783
29368.195,0.1487406435040391
29368.196,0.14873959066371245
29368.197,0.14873853590071012
29368.198,0.14873747939764698
29368.199,0.14873642132353768
29368.2,0.14873536178914984
29368.201,0.14873430072023464
29368.202,0.14873323798574023
29368.203,0.14873217346121978
29368.204,0.14873110741687526
29368.205,0.14873003947196103
29368.206,0.14872896991530582
29368.207,0.14872789880103893
29368.208,0.14872682643152305
29368.209,0.14872575252269635
29368.21,0.14872467693349561
29368.211,0.14872359976379504
29368.212,0.14872252079054535
29368.213,0.1487214398344602
29368.214,0.1487203569007313
29368.215,0.14871927237857674
29368.216,0.14871818630196532
29368.217,0.14871709904425315
29368.218,0.14871601039834692
29368.219,0.14871492061904668
29368.22,0.14871382950684517
29368.221,0.14871273731513104
29368.222,0.14871164430841485
29368.223,0.14871055028273794
29368.224,0.1487094558908876
29368.225,0.14870836108294858
29368.226,0.148707266034695
29368.227,0.14870617075056872
29368.228,0.1487050748841673
29368.229,0.14870397849404035
29368.23,0.14870288194841016
29368.231,0.14870178565162456
29368.232,0.14870068966862102
29368.233,0.14869959438905192
29368.234,0.14869849968312804
29368.235,0.1486974060116113
29368.236,0.14869631348521198
29368.237,0.1486952223877617
29368.238,0.14869413277773091
29368.239,0.14869304431270267
29368.24,0.14869195774689936
29368.241,0.1486908735864281
29368.242,0.1486897920092838
29368.243,0.1486887128325331
29368.244,0.14868763651717984
29368.245,0.1486865628716973
29368.246,0.1486854915802316
29368.247,0.14868442278146315
29368.248,0.14868335717707276
29368.249,0.14868229456287238
29368.25,0.1486812352369615
29368.251,0.148680179604337
29368.252,0.14867912757635313
29368.253,0.1486780794287437
29368.254,0.14867703524295958
29368.255,0.14867599492692948
29368.256,0.14867495870307615
29368.257,0.14867392713629507
29368.258,0.14867290017597068
29368.259,0.14867187765413628
29368.26,0.14867085928969206
29368.261,0.14866984557889518
29368.262,0.14866883641819156
29368.263,0.14866783137385164
29368.264,0.14866683068595413
29368.265,0.14866583492934166
29368.266,0.1486648442035262
29368.267,0.14866385866418177
29368.268,0.14866287852117485
29368.269,0.1486619035028982
29368.27,0.14866093386992035
29368.271,0.14865996974870646
29368.272,0.148659010787716
29368.273,0.14865805755938616
29368.274,0.14865711042330168
29368.275,0.1486561691616761
29368.276,0.14865523368463202
29368.277,0.1486543040771831
29368.278,0.1486533801414155
29368.279,0.1486524614144652
29368.28,0.14865154807514705
29368.281,0.148650640572124
29368.282,0.14864973904867793
29368.283,0.1486488435937426
29368.284,0.1486479541914137
29368.285,0.14864707062138297
29368.286,0.14864619307266727
29368.287,0.14864532177998685
29368.288,0.14864445658727984
29368.289,0.14864359730786378
29368.29,0.1486427441634123
29368.291,0.1486418972642416
29368.292,0.1486410564530782
29368.293,0.1486402215427
29368.294,0.1486393925232978
29368.295,0.1486385692614496
29368.296,0.14863775086209594
29368.297,0.14863693752584245
29368.298,0.14863612949640626
29368.299,0.14863532672108662
29368.3,0.14863452916494893
29368.301,0.14863373642272193
29368.302,0.14863294869923283
29368.303,0.14863216591908932
29368.304,0.14863138793258737
29368.305,0.14863061441678854
29368.306,0.1486298456522838
29368.307,0.14862908151667653
29368.308,0.14862832219082586
29368.309,0.14862756717086778
29368.31,0.1486268162792916
29368.311,0.1486260695396557
29368.312,0.14862532653726046
29368.313,0.14862458663193484
29368.314,0.14862384974576148
29368.315,0.14862311631550068
29368.316,0.14862238619364398
29368.317,0.14862165917096912
29368.318,0.14862093493959877
29368.319,0.1486202135648676
29368.32,0.14861949498158564
29368.321,0.14861877922210184
29368.322,0.14861806604731895
29368.323,0.1486173554463695
29368.324,0.1486166478930225
29368.325,0.14861594330766253
29368.326,0.14861524152346253
29368.327,0.14861454204002625
29368.328,0.14861384471376285
29368.329,0.14861314937078765
29368.33,0.14861245608170734
29368.331,0.14861176478106405
29368.332,0.14861107555999417
29368.333,0.1486103885343133
29368.334,0.14860970391363695
29368.335,0.1486090220112339
29368.336,0.1486083424278801
29368.337,0.14860766543535428
29368.338,0.1486069909586877
29368.339,0.14860631900130566
29368.34,0.14860565012918622
29368.341,0.1486049838590234
29368.342,0.14860432031393278
29368.343,0.14860365926542982
29368.344,0.14860300143206961
29368.345,0.14860234606441033
29368.346,0.14860169278334232
29368.347,0.14860104180650566
29368.348,0.1486003933664815
29368.349,0.14859974734637404
29368.35,0.14859910414097174
29368.351,0.1485984635718755
29368.352,0.14859782536369598
29368.353,0.14859718979181727
29368.354,0.1485965568397386
29368.355,0.14859592629541593
29368.356,0.14859529815123465
29368.357,0.14859467275168436
29368.358,0.14859405001458287
29368.359,0.14859342966138783
29368.36,0.14859281159335222
29368.361,0.1485921958912211
29368.362,0.14859158204736042
29368.363,0.14859096959209783
29368.364,0.1485903584746165
29368.365,0.1485897491484825
29368.366,0.14858914133818216
29368.367,0.14858853500885388
29368.368,0.1485879300690735
29368.369,0.14858732610601183
29368.37,0.14858672346534965
29368.371,0.14858612220123327
29368.372,0.14858552198799432
29368.373,0.14858492286176753
29368.374,0.14858432499188565
29368.375,0.14858372820702112
29368.376,0.14858313248712002
29368.377,0.1485825375694561
29368.378,0.1485819433399042
29368.379,0.14858134939365686
29368.38,0.1485807558499985
29368.381,0.14858016272064262
29368.382,0.148579569822627
29368.383,0.14857897716122576
29368.384,0.14857838456384825
29368.385,0.14857779216022823
29368.386,0.14857719994175433
29368.387,0.14857660796413324
29368.388,0.14857601615079177
29368.389,0.14857542441963434
29368.39,0.14857483283834225
29368.391,0.14857424186689225
29368.392,0.1485736513623568
29368.393,0.14857306081748997
29368.394,0.14857247036301954
29368.395,0.1485718799928264
29368.396,0.1485712889063938
29368.397,0.14857069750108934
29368.398,0.14857010584040292
29368.399,0.14856951407934366
29368.4,0.1485689221525601
29368.401,0.14856832989059285
29368.402,0.14856773708673876
29368.403,0.14856714408046715
29368.404,0.1485665506414282
29368.405,0.1485659565056065
29368.406,0.14856536165716094
29368.407,0.1485647662771744
29368.408,0.14856417042233064
29368.409,0.1485635739495491
29368.41,0.1485629764912518
29368.411,0.1485623782286866
29368.412,0.14856177863399808
29368.413,0.1485611773153019
29368.414,0.14856057401937395
29368.415,0.14855996886000192
29368.416,0.14855936188074872
29368.417,0.14855875298419866
29368.418,0.14855814222441124
29368.419,0.14855752960274882
29368.42,0.14855691522172831
29368.421,0.14855629897986805
29368.422,0.14855568078380604
29368.423,0.1485550603724305
29368.424,0.14855443797861034
29368.425,0.1485538138014764
29368.426,0.1485531870227913
29368.427,0.14855255780127816
29368.428,0.14855192639108702
29368.429,0.14855129244413148
29368.43,0.14855065577712492
29368.431,0.14855001658346992
29368.432,0.14854937503360074
29368.433,0.14854873091428725
29368.434,0.14854808446077372
29368.435,0.14854743571081083
29368.436,0.14854678482476363
29368.437,0.1485461321407874
29368.438,0.14854547779200686
29368.439,0.14854482155952686
29368.44,0.14854416387492247
29368.441,0.14854350540644007
29368.442,0.1485428465532298
29368.443,0.14854218681090053
29368.444,0.1485415265659085
29368.445,0.14854086536134087
29368.446,0.1485402033037079
29368.447,0.14853954070641448
29368.448,0.14853887784487443
29368.449,0.1485382147972039
29368.45,0.1485375521307318
29368.451,0.14853688988001232
29368.452,0.14853622819915244
29368.453,0.14853556760103007
29368.454,0.14853490831666108
29368.455,0.14853425031035963
29368.456,0.14853359355880819
29368.457,0.14853293868877382
29368.458,0.14853228607816757
29368.459,0.14853163539498582
29368.46,0.1485309867058986
29368.461,0.14853034000795698
29368.462,0.14852969569109192
29368.463,0.1485290531879141
29368.464,0.14852841259111238
29368.465,0.14852777435218337
29368.466,0.14852713832924377
29368.467,0.14852650476783488
29368.468,0.14852587371701761
29368.469,0.14852524491549468
29368.47,0.1485246186280606
29368.471,0.14852399432202634
29368.472,0.14852337135091973
29368.473,0.1485227501395132
29368.474,0.14852213125160557
29368.475,0.1485215145004019
29368.476,0.14852089958282086
29368.477,0.14852028605745973
29368.478,0.14851967361778898
29368.479,0.14851906170274545
29368.48,0.14851845001369077
29368.481,0.14851783842174343
29368.482,0.14851722713238527
29368.483,0.14851661581182649
29368.484,0.14851600440391366
29368.485,0.14851539267825178
29368.486,0.14851478005130153
29368.487,0.1485141665364421
29368.488,0.14851355161349375
29368.489,0.1485129349235544
29368.49,0.1485123164785943
29368.491,0.1485116961116554
29368.492,0.14851107370910316
29368.493,0.14851044861230045
29368.494,0.14850982093730875
29368.495,0.1485091902087839
29368.496,0.1485085556516085
29368.497,0.1485079170101316
29368.498,0.14850727440401928
29368.499,0.14850662755510965
29368.5,0.14850597614443323
29368.501,0.14850532024068894
29368.502,0.14850465970659937
29368.503,0.1485039946324273
29368.504,0.1485033246761475
29368.505,0.1485026495937763
29368.506,0.14850196932644774
29368.507,0.14850128410613406
29368.508,0.14850059394687512
29368.509,0.14849989864290464
29368.51,0.1484991979084592
29368.511,0.14849849185157035
29368.512,0.14849777988065335
29368.513,0.1484970614374582
29368.514,0.14849633647714525
29368.515,0.1484956057216736
29368.516,0.14849486910363335
29368.517,0.148494126585819
29368.518,0.14849337807548132
29368.519,0.1484926236997331
29368.52,0.1484918633577082
29368.521,0.14849109705892272
29368.522,0.148490324625915
29368.523,0.1484895461366745
29368.524,0.14848876215443296
29368.525,0.14848797280602605
29368.526,0.14848717778639228
29368.527,0.1484863776159416
29368.528,0.14848557223120282
29368.529,0.14848476085817197
29368.53,0.148483943840596
29368.531,0.1484831214701499
29368.532,0.1484822939074795
29368.533,0.14848146110030208
29368.534,0.14848062354160782
29368.535,0.14847978149258206
29368.536,0.14847893493741715
29368.537,0.14847808398109602
29368.538,0.14847722864296842
29368.539,0.14847636876155307
29368.54,0.1484755049612351
29368.541,0.14847463793513088
29368.542,0.14847376710899973
29368.543,0.1484728924459506
29368.544,0.14847201460330833
29368.545,0.14847113358396183
29368.546,0.1484702490148796
29368.547,0.14846936139039146
29368.548,0.14846847114827497
29368.549,0.14846757846339684
29368.55,0.14846668359058166
29368.551,0.14846578665060173
29368.552,0.148464887897822
29368.553,0.1484639878583551
29368.554,0.14846308652825785
29368.555,0.14846218367836247
29368.556,0.14846127968768058
29368.557,0.14846037524224823
29368.558,0.1484594708376388
29368.559,0.14845856633165058
29368.56,0.14845766205931504
29368.561,0.1484567584585579
29368.562,0.14845585525266464
29368.563,0.14845495193154104
29368.564,0.1484540489842945
29368.565,0.14845314711867738
29368.566,0.1484522464817871
29368.567,0.1484513471045905
29368.568,0.14845044931260162
29368.569,0.14844955322459913
29368.57,0.14844865914809804
29368.571,0.14844776738439985
29368.572,0.1484468781418775
29368.573,0.14844599169795017
29368.574,0.148445108415357
29368.575,0.14844422826758036
29368.576,0.14844335084624244
29368.577,0.14844247626995685
29368.578,0.14844160482463986
29368.579,0.1484407359710532
29368.58,0.14843986967587852
29368.581,0.14843900634818694
29368.582,0.1484381461295639
29368.583,0.14843728876249554
29368.584,0.14843643438769294
29368.585,0.14843558307905289
29368.586,0.14843473472940688
29368.587,0.14843388945664487
29368.588,0.1484330472739168
29368.589,0.14843220840956609
29368.59,0.14843137248227645
29368.591,0.14843053975485537
29368.592,0.14842971011547923
29368.593,0.14842888288033318
29368.594,0.14842805826063685
29368.595,0.14842723583807418
29368.596,0.14842641497853207
29368.597,0.14842559583015383
29368.598,0.14842477892564848
29368.599,0.14842396353988735
29368.6,0.14842315013333499
29368.601,0.14842233866942217
29368.602,0.14842152847636808
29368.603,0.14842071933273857
29368.604,0.14841991183135156
29368.605,0.1484191052653302
29368.606,0.1484182994805279
29368.607,0.1484174946450719
29368.608,0.14841669122690343
29368.609,0.1484158884944052
29368.61,0.14841508639147125
29368.611,0.1484142845902141
29368.612,0.14841348274890928
29368.613,0.14841268061005536
29368.614,0.1484118781793264
29368.615,0.14841107559912015
29368.616,0.14841027265484857
29368.617,0.1484094696247207
29368.618,0.14840866634471506
29368.619,0.14840786264866815
29368.62,0.14840705822446962
29368.621,0.14840625323958465
29368.622,0.1484054474806396
29368.623,0.14840464084994748
29368.624,0.14840383396132684
29368.625,0.14840302657118504
29368.626,0.14840221851543867
29368.627,0.14840140991909265
29368.628,0.14840060035446245
29368.629,0.1483997891343766
29368.63,0.14839897653067066
29368.631,0.1483981625714701
29368.632,0.14839734744852176
29368.633,0.14839653096704267
29368.634,0.14839571335218985
29368.635,0.14839489450289658
29368.636,0.14839407425643636
29368.637,0.1483932525114999
29368.638,0.14839242921073245
29368.639,0.14839160439077906
29368.64,0.14839077833359843
29368.641,0.14838995149027917
29368.642,0.1483891233668199
29368.643,0.14838829375198676
29368.644,0.14838746282743737
29368.645,0.148386630342652
29368.646,0.14838579563182624
29368.647,0.14838495883152475
29368.648,0.14838411993920528
29368.649,0.1483832791239151
29368.65,0.14838243654440186
29368.651,0.14838159236769674
29368.652,0.1483807465992872
29368.653,0.14837989928876832
29368.654,0.14837905021872358
29368.655,0.14837819942851654
29368.656,0.14837734697041968
29368.657,0.14837649300752662
29368.658,0.14837563774285267
29368.659,0.1483747806619937
29368.66,0.1483739213729813
29368.661,0.14837306029855624
29368.662,0.14837219705070867
29368.663,0.14837133161468005
29368.664,0.1483704640410346
29368.665,0.1483695946619583
29368.666,0.14836872366915693
29368.667,0.14836785096446217
29368.668,0.14836697681011396
29368.669,0.14836610106340395
29368.67,0.14836522414584313
29368.671,0.14836434585608615
29368.672,0.14836346587945773
29368.673,0.14836258470624464
29368.674,0.1483617027624535
29368.675,0.14836082019083102
29368.676,0.14835993650768625
29368.677,0.14835905186477324
29368.678,0.14835816651942188
29368.679,0.14835727973674936
29368.68,0.14835639178896423
29368.681,0.1483555031012762
29368.682,0.14835461381107287
29368.683,0.14835372378248976
29368.684,0.1483528332119301
29368.685,0.14835194229872842
29368.686,0.14835105093434633
29368.687,0.14835015932172954
29368.688,0.1483492677178284
29368.689,0.1483483760117112
29368.69,0.1483474844267367
29368.691,0.14834659351954144
29368.692,0.14834570304880929
29368.693,0.14834481292075666
29368.694,0.14834392322568965
29368.695,0.1483430339685116
29368.696,0.14834214487812777
29368.697,0.14834125588059907
29368.698,0.14834036753195615
29368.699,0.14833947971752504
29368.7,0.148338592780152
29368.701,0.14833770686244432
29368.702,0.14833682191719263
29368.703,0.1483359381948421
29368.704,0.1483350561177316
29368.705,0.14833417497800552
29368.706,0.148333294904115
29368.707,0.14833241623973314
29368.708,0.14833153925068018
29368.709,0.14833066349879204
29368.71,0.14832978923438256
29368.711,0.14832891631834708
29368.712,0.14832804480829512
29368.713,0.14832717431163836
29368.714,0.1483263049620439
29368.715,0.1483254371896248
29368.716,0.14832457102514005
29368.717,0.1483237067633928
29368.718,0.14832284424261838
29368.719,0.1483219835930148
29368.72,0.14832112501192826
29368.721,0.14832026878790744
29368.722,0.14831941459515446
29368.723,0.14831856234067803
29368.724,0.14831771294719714
29368.725,0.14831686628349267
29368.726,0.148316022126789
29368.727,0.1483151803782684
29368.728,0.14831434079027228
29368.729,0.1483135033438725
29368.73,0.14831266831704829
29368.731,0.1483118358901443
29368.732,0.14831100621611848
29368.733,0.1483101791334624
29368.734,0.14830935492677266
29368.735,0.14830853394587068
29368.736,0.14830771615997757
29368.737,0.14830690148069411
29368.738,0.14830609029635142
29368.739,0.14830528252819933
29368.74,0.14830447843899724
29368.741,0.1483036784615223
29368.742,0.14830288208922066
29368.743,0.14830208930130598
29368.744,0.14830130047070186
29368.745,0.14830051535321656
29368.746,0.14829973359350004
29368.747,0.14829895508196306
29368.748,0.14829818054002628
29368.749,0.14829740995277038
29368.75,0.14829664336969384
29368.751,0.14829588074152109
29368.752,0.14829512181195326
29368.753,0.14829436686842945
29368.754,0.14829361597285395
29368.755,0.14829286898658028
29368.756,0.14829212571096406
29368.757,0.14829138667954803
29368.758,0.1482906522141875
29368.759,0.14828992177517653
29368.76,0.1482891955841894
29368.761,0.1482884738447371
29368.762,0.14828775594955748
29368.763,0.148287041314963
29368.764,0.14828632995398805
29368.765,0.14828562205306242
29368.766,0.14828491776828287
29368.767,0.14828421687952104
29368.768,0.14828351947291896
29368.769,0.14828282508899482
29368.77,0.14828213412731364
29368.771,0.14828144644844393
29368.772,0.1482807618701771
29368.773,0.14828008054745206
29368.774,0.14827940282187776
29368.775,0.14827872845424125
29368.776,0.1482780569963575
29368.777,0.14827738838996773
29368.778,0.1482767228864854
29368.779,0.14827605951713388
29368.78,0.14827539834560377
29368.781,0.14827473965137702
29368.782,0.1482740832041854
29368.783,0.1482734288416384
29368.784,0.1482727769085324
29368.785,0.14827212740421708
29368.786,0.14827148023382153
29368.787,0.1482708354322887
29368.788,0.14827019322264767
29368.789,0.14826955318287383
29368.79,0.1482689153565553
29368.791,0.1482682799499704
29368.792,0.14826764694094852
29368.793,0.14826701628150038
29368.794,0.14826638816105692
29368.795,0.1482657626016019
29368.796,0.14826513908428096
29368.797,0.14826451788182804
29368.798,0.14826389924304156
29368.799,0.14826328296304406
29368.8,0.1482626692673778
29368.801,0.14826205833874928
29368.802,0.14826144996815205
29368.803,0.14826084455868482
29368.804,0.14826024248991704
29368.805,0.14825964361839405
29368.806,0.14825904806877285
29368.807,0.14825845646537197
29368.808,0.14825786923669074
29368.809,0.14825728636958835
29368.81,0.14825670778704317
29368.811,0.14825613350462938
29368.812,0.1482555635773679
29368.813,0.14825499765695407
29368.814,0.14825443623286189
29368.815,0.14825387954596447
29368.816,0.1482533278641033
29368.817,0.14825278153828494
29368.818,0.14825224077687518
29368.819,0.1482517056960829
29368.82,0.14825117652049305
29368.821,0.14825065345683378
29368.822,0.14825013623879083
29368.823,0.1482496253083472
29368.824,0.14824912165206863
29368.825,0.14824862537062172
29368.826,0.14824813578762885
29368.827,0.14824765356575326
29368.828,0.14824717872756654
29368.829,0.14824671089966077
29368.83,0.1482462499275026
29368.831,0.1482457958998838
29368.832,0.1482453493082787
29368.833,0.14824491025039663
29368.834,0.1482444789031424
29368.835,0.14824405535240512
29368.836,0.14824363950885408
29368.837,0.14824323161822775
29368.838,0.14824283184880627
29368.839,0.14824244004635473
29368.84,0.14824205653749092
29368.841,0.1482416817742027
29368.842,0.1482413152188212
29368.843,0.14824095664022968
29368.844,0.14824060612713477
29368.845,0.14824026353877454
29368.846,0.14823992838116623
29368.847,0.14823960048901247
29368.848,0.14823928066869607
29368.849,0.1482389680592115
29368.85,0.14823866294677132
29368.851,0.14823836532617168
29368.852,0.1482380753324381
29368.853,0.14823779302901013
29368.854,0.14823751762823115
29368.855,0.14823724887957773
29368.856,0.14823698657178036
29368.857,0.14823673102361332
29368.858,0.14823648248345353
29368.859,0.14823624041352934
29368.86,0.1482360047773532
29368.861,0.14823577522950415
29368.862,0.14823555143784228
29368.863,0.1482353327978178
29368.864,0.14823511937449155
29368.865,0.14823491139362002
29368.866,0.14823470856754326
29368.867,0.14823451071950436
29368.868,0.14823431763898917
29368.869,0.14823412902934394
29368.87,0.14823394519297925
29368.871,0.14823376577777564
29368.872,0.14823359021991117
29368.873,0.14823341871483028
29368.874,0.14823325147141375
29368.875,0.14823308821165318
29368.876,0.148232928791545
29368.877,0.14823277274362223
29368.878,0.14823262025694822
29368.879,0.14823247038325862
29368.88,0.1482323231779662
29368.881,0.14823217882927892
29368.882,0.14823203694141351
29368.883,0.1482318974469418
29368.884,0.14823176058852605
29368.885,0.14823162610005047
29368.886,0.1482314940404485
29368.887,0.14823136423026878
29368.888,0.14823123652274817
29368.889,0.14823111041292075
29368.89,0.14823098635890583
29368.891,0.14823086468541702
29368.892,0.14823074514653922
29368.893,0.14823062745055324
29368.894,0.14823051172767346
29368.895,0.1482303975613478
29368.896,0.1482302842386064
29368.897,0.14823017194754104
29368.898,0.14823006077198453
29368.899,0.14822995090597632
29368.9,0.14822984216048843
29368.901,0.14822973472574003
29368.902,0.14822962848485688
29368.903,0.1482295233364555
29368.904,0.1482294192474139
29368.905,0.14822931596390734
29368.906,0.14822921355757765
29368.907,0.14822911227597263
29368.908,0.14822901246965972
29368.909,0.14822891367376795
29368.91,0.14822881577501573
29368.911,0.14822871869498688
29368.912,0.14822862250646393
29368.913,0.14822852690190116
29368.914,0.14822843158669466
29368.915,0.14822833678103486
29368.916,0.14822824268607687
29368.917,0.14822814930541434
29368.918,0.1482280566049023
29368.919,0.14822796432755994
29368.92,0.14822787274546206
29368.921,0.14822778188720015
29368.922,0.14822769132380167
29368.923,0.14822760148401415
29368.924,0.14822751271760246
29368.925,0.14822742485416213
29368.926,0.14822733741277067
29368.927,0.14822725092138006
29368.928,0.14822716476386255
29368.929,0.14822707876475238
29368.93,0.14822699316376126
29368.931,0.14822690847265785
29368.932,0.14822682492731962
29368.933,0.1482267422250985
29368.934,0.1482266605183649
29368.935,0.14822657995406674
29368.936,0.1482265002666883
29368.937,0.14822642153755541
29368.938,0.14822634398116133
29368.939,0.14822626763437166
29368.94,0.14822619250338823
29368.941,0.14822611902801686
29368.942,0.1482260469314943
29368.943,0.14822597622185305
29368.944,0.14822590766137306
29368.945,0.1482258409602665
29368.946,0.14822577563791697
29368.947,0.14822571167467588
29368.948,0.14822564956283293
29368.949,0.1482255892920785
29368.95,0.14822553129043378
29368.951,0.14822547534660727
29368.952,0.14822542133256075
29368.953,0.14822536922867804
29368.954,0.14822531925019278
29368.955,0.14822527170098468
29368.956,0.14822522632063836
29368.957,0.14822518390104283
29368.958,0.14822514458673353
29368.959,0.14822510780542392
29368.96,0.14822507343660069
29368.961,0.14822504165439035
29368.962,0.1482250123677081
29368.963,0.14822498483878382
29368.964,0.14822495931754384
29368.965,0.1482249359537454
29368.966,0.1482249146832128
29368.967,0.1482248958156287
29368.968,0.14822487908183057
29368.969,0.14822486440037422
29368.97,0.14822485197305882
29368.971,0.14822484166109076
29368.972,0.1482248328934616
29368.973,0.14822482576170024
29368.974,0.1482248208123535
29368.975,0.14822481779695984
29368.976,0.14822481624934736
29368.977,0.14822481638787138
29368.978,0.14822481825650927
29368.979,0.14822482088229405
29368.98,0.1482248243633342
29368.981,0.14822482886134852
29368.982,0.14822483393943586
29368.983,0.14822483980568335
29368.984,0.1482248466148048
29368.985,0.14822485386195108
29368.986,0.14822486149898778
29368.987,0.14822486930240164
29368.988,0.14822487715202165
29368.989,0.14822488483213841
29368.99,0.1482248927928739
29368.991,0.14822490112624
29368.992,0.14822490969072585
29368.993,0.14822491800487753
29368.994,0.14822492609364693
29368.995,0.14822493379889584
29368.996,0.14822494075155704
29368.997,0.14822494678163345
29368.998,0.1482249519519465
29368.999,0.14822495606367056
29369.0,0.1482249595271287
29369.001,0.14822496233458252
29369.002,0.14822496399713206
29369.003,0.1482249647944829
29369.004,0.14822496501258609
29369.005,0.14822496435330038
29369.006,0.1482249626504127
29369.007,0.1482249602626959
29369.008,0.14822495774513209
29369.009,0.14822495456465318
29369.01,0.14822495077050984
29369.011,0.14822494636552802
29369.012,0.1482249412956372
29369.013,0.14822493491085753
29369.014,0.14822492727325515
29369.015,0.14822491911127172
29369.016,0.14822491007934255
29369.017,0.14822490012481687
29369.018,0.1482248895993668
29369.019,0.14822487857637848
29369.02,0.148224867186299
29369.021,0.14822485539775723
29369.022,0.14822484264533758
29369.023,0.14822482967400671
29369.024,0.1482248170608679
29369.025,0.14822480438503674
29369.026,0.14822479158377486
29369.027,0.14822477907559126
29369.028,0.14822476654313801
29369.029,0.14822475390227818
29369.03,0.1482247408135967
29369.031,0.14822472759237526
29369.032,0.14822471397384737
29369.033,0.14822470006682223
29369.034,0.14822468604914793
29369.035,0.1482246722373929
29369.036,0.1482246585599284
29369.037,0.14822464515757122
29369.038,0.14822463227934396
29369.039,0.14822461953445784
29369.04,0.14822460730519307
29369.041,0.148224596152496
29369.042,0.14822458566587485
29369.043,0.1482245754987455
29369.044,0.1482245662769919
29369.045,0.14822455766730208
29369.046,0.1482245491481332
29369.047,0.14822454092198287
29369.048,0.14822453346033085
29369.049,0.1482245265454492
29369.05,0.14822452003456807
29369.051,0.14822451421981514
29369.052,0.14822450892979253
29369.053,0.14822450457204686
29369.054,0.14822450102564885
29369.055,0.14822449801623447
29369.056,0.14822449555618694
29369.057,0.14822449448246997
29369.058,0.1482244949390089
29369.059,0.1482244965427028
29369.06,0.14822449938952587
29369.061,0.14822450362853548
29369.062,0.14822450902926007
29369.063,0.14822451483018778
29369.064,0.14822452163283747
29369.065,0.148224529557737
29369.066,0.14822453898366195
29369.067,0.1482245495493126
29369.068,0.14822456147859273
29369.069,0.14822457476173065
29369.07,0.14822458993970994
29369.071,0.1482246068754159
29369.072,0.14822462508961906
29369.073,0.14822464500164778
29369.074,0.14822466734621878
29369.075,0.14822469199267174
29369.076,0.14822471874681153
29369.077,0.14822474774195676
29369.078,0.14822477876976306
29369.079,0.14822481143161548
29369.08,0.14822484580339726
29369.081,0.1482248819517587
29369.082,0.14822491969900406
29369.083,0.14822495930467758
29369.084,0.14822500094046454
29369.085,0.1482250445295626
29369.086,0.14822509032059772
29369.087,0.148225138510037
29369.088,0.14822518878883126
29369.089,0.14822524107374663
29369.09,0.1482252956379811
29369.091,0.14822535300874992
29369.092,0.14822541291497085
29369.093,0.1482254750612905
29369.094,0.1482255399152741
29369.095,0.1482256073621205
29369.096,0.14822567664726546
29369.097,0.14822574760040746
29369.098,0.14822582096224438
29369.099,0.14822589674915126
29369.1,0.1482259748861007
29369.101,0.14822605499229127
29369.102,0.14822613718074953
29369.103,0.14822622180765715
29369.104,0.1482263086517524
29369.105,0.14822639744158833
29369.106,0.14822648808784672
29369.107,0.14822658100998018
29369.108,0.14822667627950908
29369.109,0.14822677333716275
29369.11,0.1482268722598308
29369.111,0.14822697314911504
29369.112,0.1482270756320179
29369.113,0.14822717943700484
29369.114,0.1482272846566947
29369.115,0.14822739105356825
29369.116,0.148227498649306
29369.117,0.14822760792492923
29369.118,0.148227718578248
29369.119,0.14822783014076446
29369.12,0.14822794244416443
29369.121,0.1482280556368751
29369.122,0.14822816943719422
29369.123,0.14822828423048787
29369.124,0.14822840010601324
29369.125,0.14822851694492184
29369.126,0.14822863453820362
29369.127,0.1482287528050532
29369.128,0.14822887153714845
29369.129,0.14822899039280396
29369.13,0.14822910932564573
29369.131,0.1482292285680624
29369.132,0.14822934817637967
29369.133,0.1482294682015027
29369.134,0.14822958834797553
29369.135,0.14822970885127665
29369.136,0.14822982919586786
29369.137,0.14822995004236633
29369.138,0.1482300712497277
29369.139,0.14823019256510914
29369.14,0.1482303144740599
29369.141,0.14823043726721338
29369.142,0.1482305606424255
29369.143,0.14823068474933274
29369.144,0.1482308101561643
29369.145,0.1482309365815377
29369.146,0.1482310633209736
29369.147,0.14823119078194746
29369.148,0.14823131951456828
29369.149,0.14823144936740984
29369.15,0.14823158064711206
29369.151,0.14823171369951776
29369.152,0.14823184846022805
29369.153,0.14823198560729497
29369.154,0.1482321252002555
29369.155,0.1482322673783
29369.156,0.1482324123951903
29369.157,0.14823256088726275
29369.158,0.14823271312001782
29369.159,0.14823286919261686
29369.16,0.14823302966575624
29369.161,0.14823319436257007
29369.162,0.1482333636106511
29369.163,0.1482335367674303
29369.164,0.14823371469020394
29369.165,0.14823389765058306
29369.166,0.14823408626408674
29369.167,0.14823428058725235
29369.168,0.14823448142337228
29369.169,0.14823468839913173
29369.17,0.14823490209551796
29369.171,0.14823512278873044
29369.172,0.1482353504973365
29369.173,0.14823558554363836
29369.174,0.14823582884871284
29369.175,0.14823608041705386
29369.176,0.1482363400274131
29369.177,0.14823660832268934
29369.178,0.14823688535150584
29369.179,0.14823717051067314
29369.18,0.1482374639569858
29369.181,0.14823776594243682
29369.182,0.14823807671732092
29369.183,0.14823839646652365
29369.184,0.14823872517967282
29369.185,0.1482390630883416
29369.186,0.14823941029519433
29369.187,0.14823976681292092
29369.188,0.14824013230183714
29369.189,0.14824050722745294
29369.19,0.14824089210334906
29369.191,0.14824128706911566
29369.192,0.14824169160328127
29369.193,0.14824210548752292
29369.194,0.14824252897767545
29369.195,0.14824296177510138
29369.196,0.1482434029979403
29369.197,0.1482438528801552
29369.198,0.14824431170616786
29369.199,0.14824477902815555
29369.2,0.14824525465276334
29369.201,0.1482457389187145
29369.202,0.14824623143979693
29369.203,0.14824673211122308
29369.204,0.14824724107731008
29369.205,0.1482477579060648
29369.206,0.14824828240768792
29369.207,0.1482488155126685
29369.208,0.14824935701731626
29369.209,0.1482499065209235
29369.21,0.14825046357716898
29369.211,0.14825102831340062
29369.212,0.14825160024354556
29369.213,0.1482521789041589
29369.214,0.14825276416922886
29369.215,0.14825335603996562
29369.216,0.14825395441208272
29369.217,0.14825455944585977
29369.218,0.14825517075086272
29369.219,0.14825578870260725
29369.22,0.14825641337764586
29369.221,0.1482570448077778
29369.222,0.14825768241361958
29369.223,0.1482583263544235
29369.224,0.14825897725350778
29369.225,0.14825963487287908
29369.226,0.14826029884339836
29369.227,0.14826096970691846
29369.228,0.14826164725827135
29369.229,0.148262330715376
29369.23,0.1482630201780656
29369.231,0.14826371544972308
29369.232,0.14826441673954124
29369.233,0.14826512388283458
29369.234,0.1482658372938126
29369.235,0.1482665570405139
29369.236,0.14826728271886036
29369.237,0.14826801457608946
29369.238,0.14826875230899286
29369.239,0.1482694961494354
29369.24,0.14827024608240003
29369.241,0.14827100250340886
29369.242,0.14827176530890634
29369.243,0.14827253449794514
29369.244,0.14827331050536696
29369.245,0.1482740927074158
29369.246,0.14827488037773298
29369.247,0.14827567379746917
29369.248,0.148276473158306
29369.249,0.14827727813505723
29369.25,0.14827808888245866
29369.251,0.14827890539649027
29369.252,0.14827972748385584
29369.253,0.14828055523211706
29369.254,0.14828138846424965
29369.255,0.1482822268316445
29369.256,0.14828306998993362
29369.257,0.14828391845281488
29369.258,0.1482847723189072
29369.259,0.14828563141504994
29369.26,0.14828649534192456
29369.261,0.14828736386399582
29369.262,0.14828823703197289
29369.263,0.1482891137694565
29369.264,0.14828999463498815
29369.265,0.14829087936063448
29369.266,0.14829176785324322
29369.267,0.14829265996954055
29369.268,0.14829355546251763
29369.269,0.14829445386181708
29369.27,0.14829535554991174
29369.271,0.1482962603124606
29369.272,0.14829716732461098
29369.273,0.148298076767233
29369.274,0.14829898926152704
29369.275,0.1482999043765863
29369.276,0.1483008215192099
29369.277,0.1483017407822587
29369.278,0.14830266179657442
29369.279,0.14830358385757061
29369.28,0.14830450715552324
29369.281,0.1483054315022934
29369.282,0.14830635745792017
29369.283,0.14830728439800583
29369.284,0.14830821244096615
29369.285,0.14830914157244077
29369.286,0.1483100711806767
29369.287,0.148311001569295
29369.288,0.14831193235323772
29369.289,0.14831286338839522
29369.29,0.14831379462687713
29369.291,0.1483147264594458
29369.292,0.14831565875924593
29369.293,0.14831659127861807
29369.294,0.14831752440406987
29369.295,0.14831845760630663
29369.296,0.14831939042120343
29369.297,0.1483203229363078
29369.298,0.1483212553135326
29369.299,0.14832218721795346
29369.3,0.1483231190795328
29369.301,0.14832405073541471
29369.302,0.14832498194137447
29369.303,0.1483259131201322
29369.304,0.14832684437576532
29369.305,0.14832777527332297
29369.306,0.14832870576922297
29369.307,0.14832963651173267
29369.308,0.1483305671218003
29369.309,0.14833149775441903
29369.31,0.14833242849063147
29369.311,0.1483333596016942
29369.312,0.14833429076025686
29369.313,0.1483352215200764
29369.314,0.14833615239888193
29369.315,0.14833708296719147
29369.316,0.14833801374946462
29369.317,0.14833894492197214
29369.318,0.14833987598852616
29369.319,0.1483408073719175
29369.32,0.14834173936346154
29369.321,0.14834267230048512
29369.322,0.1483436054195917
29369.323,0.14834453889304047
29369.324,0.14834547303662698
29369.325,0.14834640818279743
29369.326,0.14834734380807008
29369.327,0.14834828011155385
29369.328,0.14834921737965215
29369.329,0.14835015485053296
29369.33,0.1483510926970497
29369.331,0.14835203103060687
29369.332,0.14835296995274558
29369.333,0.14835390919771257
29369.334,0.14835484918666056
29369.335,0.14835578961815626
29369.336,0.14835673039661645
29369.337,0.14835767176901785
29369.338,0.14835861377546372
29369.339,0.14835955601061376
29369.34,0.1483604987562182
29369.341,0.14836144239370544
29369.342,0.14836238653765604
29369.343,0.14836333107096084
29369.344,0.14836427580317818
29369.345,0.14836522033677305
29369.346,0.14836616429726315
29369.347,0.14836710783437732
29369.348,0.1483680508831486
29369.349,0.14836899315767407
29369.35,0.14836993435615173
29369.351,0.14837087426309456
29369.352,0.14837181260551302
29369.353,0.1483727491607049
29369.354,0.14837368406066642
29369.355,0.1483746168039376
29369.356,0.14837554706088457
29369.357,0.14837647590608624
29369.358,0.1483774028871982
29369.359,0.14837832763747286
29369.36,0.14837924943976177
29369.361,0.14838016826691824
29369.362,0.1483810838169727
29369.363,0.14838199537816157
29369.364,0.14838290323406422
29369.365,0.14838380718994412
29369.366,0.14838470706781487
29369.367,0.14838560236869763
29369.368,0.1483864931120771
29369.369,0.1483873789223916
29369.37,0.14838825963944793
29369.371,0.1483891353648868
29369.372,0.14839000560210663
29369.373,0.14839087047139948
29369.374,0.14839173046442225
29369.375,0.14839258558724203
29369.376,0.1483934353983824
29369.377,0.14839428021889053
29369.378,0.14839512022810408
29369.379,0.1483959546512478
29369.38,0.14839678360090233
29369.381,0.148397607293345
29369.382,0.1483984258424766
29369.383,0.1483992386921162
29369.384,0.1484000465524302
29369.385,0.14840084918862176
29369.386,0.1484016473161618
29369.387,0.14840244087861448
29369.388,0.1484032298151724
29369.389,0.14840401450976295
29369.39,0.14840479538808754
29369.391,0.1484055730895574
29369.392,0.1484063475967528
29369.393,0.14840711903323486
29369.394,0.14840788821361467
29369.395,0.14840865479693208
29369.396,0.14840941876829544
29369.397,0.1484101801299566
29369.398,0.14841093975861414
29369.399,0.14841169778424007
29369.4,0.1484124548479518
29369.401,0.148413211131761
29369.402,0.14841396673290908
29369.403,0.14841472236657569
29369.404,0.1484154784918766
29369.405,0.1484162351639449
29369.406,0.14841699240581396
29369.407,0.14841775147228806
29369.408,0.1484185127080101
29369.409,0.1484192761643241
29369.41,0.14842004216218407
29369.411,0.1484208110076004
29369.412,0.148421582559103
29369.413,0.14842235678922638
29369.414,0.14842313404611346
29369.415,0.14842391451705828
29369.416,0.14842469898775384
29369.417,0.14842548737436012
29369.418,0.14842628019409004
29369.419,0.14842707775279648
29369.42,0.14842787994299253
29369.421,0.14842868677778392
29369.422,0.14842949760215887
29369.423,0.14843031330932038
29369.424,0.14843113461503263
29369.425,0.14843196184078053
29369.426,0.14843279435032886
29369.427,0.14843363306335608
29369.428,0.14843447770633458
29369.429,0.1484353275030807
29369.43,0.1484361827636471
29369.431,0.14843704347811715
29369.432,0.14843790970234239
29369.433,0.14843878190848267
29369.434,0.14843966003355397
29369.435,0.14844054377510965
29369.436,0.1484414330830272
29369.437,0.14844232808328772
29369.438,0.14844322872196478
29369.439,0.14844413482673705
29369.44,0.14844504690568378
29369.441,0.14844596517677586
29369.442,0.14844688952701213
29369.443,0.14844781946589133
29369.444,0.14844875510862804
29369.445,0.14844969648049178
29369.446,0.1484506427578366
29369.447,0.1484515940229684
29369.448,0.14845255036575475
29369.449,0.14845351166556064
29369.45,0.1484544780392968
29369.451,0.1484554495091015
29369.452,0.14845642617198523
29369.453,0.1484574082087519
29369.454,0.14845839559325588
29369.455,0.14845938753851343
29369.456,0.14846038426835817
29369.457,0.14846138633611425
29369.458,0.14846239346832255
29369.459,0.1484634054104681
29369.46,0.14846442248228012
29369.461,0.148465445010019
29369.462,0.14846647243306246
29369.463,0.14846750391373648
29369.464,0.14846853964790577
29369.465,0.14846957948272982
29369.466,0.14847062356805793
29369.467,0.14847167183085058
29369.468,0.14847272460629138
29369.469,0.14847378151609414
29369.47,0.14847484266786232
29369.471,0.14847590864265486
29369.472,0.14847697850525296
29369.473,0.1484780525306878
29369.474,0.14847913130149826
29369.475,0.14848021431032407
29369.476,0.14848130133510362
29369.477,0.14848239265730984
29369.478,0.14848348796085906
29369.479,0.14848458654013974
29369.48,0.14848568837777024
29369.481,0.1484867935667221
29369.482,0.148487901879323
29369.483,0.1484890129113275
29369.484,0.14849012707501177
29369.485,0.14849124428031377
29369.486,0.14849236453800183
29369.487,0.14849348719753785
29369.488,0.1484946123871694
29369.489,0.14849574013139658
29369.49,0.1484968703301299
29369.491,0.1484980034149982
29369.492,0.14849913879375962
29369.493,0.14850027611972416
29369.494,0.14850141563658062
29369.495,0.14850255665739331
29369.496,0.14850369864016175
29369.497,0.1485048414226267
29369.498,0.14850598533650194
29369.499,0.14850713022354387
29369.5,0.14850827572006323
29369.501,0.14850942203288917
29369.502,0.14851056876173788
29369.503,0.1485117161507187
29369.504,0.14851286371208103
29369.505,0.14851401098502529
29369.506,0.14851515791416428
29369.507,0.14851630515790892
29369.508,0.14851745221216722
29369.509,0.14851859878225046
29369.51,0.14851974459627326
29369.511,0.1485208897495269
29369.512,0.14852203401541147
29369.513,0.14852317690589564
29369.514,0.14852431808246255
29369.515,0.1485254577566981
29369.516,0.14852659559957632
29369.517,0.1485277315655759
29369.518,0.14852886560562945
29369.519,0.14852999740432318
29369.52,0.14853112689558284
29369.521,0.14853225443196316
29369.522,0.148533379134464
29369.523,0.14853450132425688
29369.524,0.14853562141805762
29369.525,0.1485367395171099
29369.526,0.14853785531965855
29369.527,0.14853896886756596
29369.528,0.14854007991776894
29369.529,0.14854118780431166
29369.53,0.14854229224946822
29369.531,0.1485433935539448
29369.532,0.14854449169651163
29369.533,0.14854558656926126
29369.534,0.1485466781425352
29369.535,0.14854776644355588
29369.536,0.14854885141805124
29369.537,0.1485499330783248
29369.538,0.14855101162266895
29369.539,0.1485520868217834
29369.54,0.14855315903142716
29369.541,0.14855422848574035
29369.542,0.1485552948770024
29369.543,0.14855635817565155
29369.544,0.14855741889258908
29369.545,0.14855847687536394
29369.546,0.1485595314053126
29369.547,0.1485605826406997
29369.548,0.1485616307509518
29369.549,0.14856267541796025
29369.55,0.14856371696695642
29369.551,0.14856475489315307
29369.552,0.1485657894406677
29369.553,0.14856682071551813
29369.554,0.14856784892714475
29369.555,0.14856887382496425
29369.556,0.14856989548637034
29369.557,0.14857091443879264
29369.558,0.1485719303902933
29369.559,0.14857294282545444
29369.56,0.1485739522186474
29369.561,0.14857495794140785
29369.562,0.14857595997672027
29369.563,0.1485769580844219
29369.564,0.148577952359894
29369.565,0.1485789428149433
29369.566,0.14857992929616662
29369.567,0.14858091153878747
29369.568,0.14858188962905197
29369.569,0.1485828633058167
29369.57,0.14858383265023145
29369.571,0.14858479797017865
29369.572,0.1485857579308651
29369.573,0.14858671300288184
29369.574,0.14858766350249494
29369.575,0.14858860895468007
29369.576,0.1485895494269231
29369.577,0.14859048497409777
29369.578,0.14859141513477356
29369.579,0.14859233928626495
29369.58,0.14859325700143836
29369.581,0.14859416838530892
29369.582,0.14859507354390034
29369.583,0.1485959717908104
29369.584,0.1485968635462117
29369.585,0.1485977483031337
29369.586,0.14859862575933658
29369.587,0.1485994957593654
29369.588,0.14860035853033246
29369.589,0.1486012138953146
29369.59,0.14860206162760103
29369.591,0.14860290223929176
29369.592,0.14860373563869708
29369.593,0.14860456154170046
29369.594,0.14860538020221192
29369.595,0.14860619128758396
29369.596,0.14860699404936492
29369.597,0.14860778882119147
29369.598,0.14860857569406083
29369.599,0.14860935462076139
29369.6,0.14861012541474142
29369.601,0.14861088848017198
29369.602,0.14861164351438008
29369.603,0.1486123904196023
29369.604,0.1486131296205434
29369.605,0.14861386120072936
29369.606,0.14861458528215393
29369.607,0.14861530234808545
29369.608,0.14861601273924718
29369.609,0.14861671672613466
29369.61,0.14861741420633573
29369.611,0.1486181058496342
29369.612,0.14861879136009862
29369.613,0.14861947023577185
29369.614,0.1486201430686971
29369.615,0.1486208101921501
29369.616,0.148621471908236
29369.617,0.1486221287401616
29369.618,0.148622780946597
29369.619,0.14862342843563187
29369.62,0.14862407174032097
29369.621,0.14862471167640456
29369.622,0.14862534774426925
29369.623,0.14862598040610342
29369.624,0.1486266109167777
29369.625,0.14862723956391002
29369.626,0.14862786610275996
29369.627,0.14862849094297614
29369.628,0.1486291144797157
29369.629,0.14862973651869132
29369.63,0.14863035761101762
29369.631,0.14863097830183614
29369.632,0.14863159842893248
29369.633,0.14863221861376932
29369.634,0.14863283944633204
29369.635,0.14863346112375173
29369.636,0.14863408386758803
29369.637,0.14863470802547096
29369.638,0.1486353338460151
29369.639,0.14863596135639348
29369.64,0.1486365914038345
29369.641,0.14863722436763008
29369.642,0.14863786013624988
29369.643,0.14863849907599702
29369.644,0.14863914128752506
29369.645,0.1486397869732996
29369.646,0.14864043531404877
29369.647,0.1486410868529855
29369.648,0.14864174207965772
29369.649,0.14864240107469995
29369.65,0.14864306430953167
29369.651,0.14864373184707416
29369.652,0.1486444038912056
29369.653,0.14864508039506846
29369.654,0.14864576154031123
29369.655,0.14864644704286642
29369.656,0.14864713726854406
29369.657,0.14864783267314546
29369.658,0.14864853352172577
29369.659,0.14864923993007906
29369.66,0.14864995215127524
29369.661,0.14865066997308157
29369.662,0.14865139353092438
29369.663,0.1486521222797241
29369.664,0.148652856100531
29369.665,0.14865359508166864
29369.666,0.14865433911415118
29369.667,0.148655088779529
29369.668,0.14865584438255228
29369.669,0.1486566058391527
29369.67,0.14865737323142833
29369.671,0.14865814646528003
29369.672,0.14865892511002043
29369.673,0.14865970999328418
29369.674,0.14866050140609635
29369.675,0.14866129958821886
29369.676,0.14866210456110715
29369.677,0.1486629169147524
29369.678,0.14866373564158722
29369.679,0.14866456075138454
29369.68,0.14866539218874886
29369.681,0.14866623031163895
29369.682,0.14866707487892375
29369.683,0.1486679258731946
29369.684,0.14866878394346875
29369.685,0.1486696490867959
29369.686,0.148670521312542
29369.687,0.14867140060755574
29369.688,0.14867228720807138
29369.689,0.1486731807474151
29369.69,0.14867408164887033
29369.691,0.14867499053943822
29369.692,0.14867590730850733
29369.693,0.1486768315201308
29369.694,0.1486777636986871
29369.695,0.14867870379909157
29369.696,0.14867965121342852
29369.697,0.1486806057548067
29369.698,0.14868156777957242
29369.699,0.14868253739813875
29369.7,0.14868351484845319
29369.701,0.14868449971987682
29369.702,0.1486854921775209
29369.703,0.14868649236269477
29369.704,0.14868750070507172
29369.705,0.1486885167093113
29369.706,0.14868954029981596
29369.707,0.14869057170555217
29369.708,0.14869161133159253
29369.709,0.14869265889150646
29369.71,0.1486937139068171
29369.711,0.14869477691329847
29369.712,0.14869584718063047
29369.713,0.14869692441343818
29369.714,0.14869800884964976
29369.715,0.1486991001971847
29369.716,0.14870019833017914
29369.717,0.14870130334615783
29369.718,0.14870241496239087
29369.719,0.1487035328759393
29369.72,0.14870465747256012
29369.721,0.14870578863774497
29369.722,0.14870692524893045
29369.723,0.14870806777804005
29369.724,0.1487092168621458
29369.725,0.14871037201084986
29369.726,0.14871153279875643
29369.727,0.14871269968848158
29369.728,0.14871387226856156
29369.729,0.14871504973298055
29369.73,0.14871623201369677
29369.731,0.1487174190395167
29369.732,0.14871861089331753
29369.733,0.14871980716698005
29369.734,0.14872100771652
29369.735,0.14872221231723903
29369.736,0.14872342062108623
29369.737,0.14872463313971782
29369.738,0.1487258492727502
29369.739,0.14872706912386294
29369.74,0.14872829267994953
29369.741,0.14872952017451074
29369.742,0.14873075115592901
29369.743,0.1487319858271053
29369.744,0.14873322417307386
29369.745,0.14873446606203247
29369.746,0.14873571053141582
29369.747,0.14873695773132017
29369.748,0.14873820796575563
29369.749,0.14873946091411805
29369.75,0.14874071653062046
29369.751,0.14874197471355224
29369.752,0.14874323517593316
29369.753,0.1487444983531379
29369.754,0.14874576417833066
29369.755,0.14874703244345563
29369.756,0.14874830318447746
29369.757,0.14874957643425096
29369.758,0.1487508530493704
29369.759,0.14875213230559928
29369.76,0.14875341450624813
29369.761,0.14875469979641384
29369.762,0.14875598766014564
29369.763,0.14875727763095015
29369.764,0.14875856984042088
29369.765,0.148759864487892
29369.766,0.14876116156292363
29369.767,0.14876246169126553
29369.768,0.1487637643919812
29369.769,0.14876506919754756
29369.77,0.14876637612665466
29369.771,0.1487676856381459
29369.772,0.14876899730918225
29369.773,0.1487703112279897
29369.774,0.14877162784859901
29369.775,0.14877294751881226
29369.776,0.1487742696144174
29369.777,0.14877559430058537
29369.778,0.14877692061428582
29369.779,0.14877824874904702
29369.78,0.14877957828622987
29369.781,0.14878090936514268
29369.782,0.1487822417796605
29369.783,0.14878357561790337
29369.784,0.14878491077818154
29369.785,0.14878624734412096
29369.786,0.1487875848892899
29369.787,0.14878892367955987
29369.788,0.14879026380228363
29369.789,0.1487916048795336
29369.79,0.14879294692284023
29369.791,0.14879429015572482
29369.792,0.14879563425689166
29369.793,0.1487969789729247
29369.794,0.14879832429997863
29369.795,0.14879967033015074
29369.796,0.14880101586893715
29369.797,0.14880236129779173
29369.798,0.148803706995544
29369.799,0.14880505266972724
29369.8,0.1488063981424827
29369.801,0.1488077435804595
29369.802,0.1488090891437402
29369.803,0.14881043449949102
29369.804,0.14881177990806582
29369.805,0.14881312496189664
29369.806,0.1488144696405659
29369.807,0.14881581482565276
29369.808,0.1488171606274258
29369.809,0.14881850674912436
29369.81,0.14881985350999632
29369.811,0.14882120119207032
29369.812,0.14882254932277658
29369.813,0.14882389775368882
29369.814,0.14882524633819397
29369.815,0.14882659505590934
29369.816,0.14882794474064376
29369.817,0.14882929569002606
29369.818,0.14883064748049885
29369.819,0.14883200061636487
29369.82,0.1488333552061548
29369.821,0.14883471167551157
29369.822,0.14883606972954705
29369.823,0.14883743016583262
29369.824,0.1488387935554251
29369.825,0.14884015997583508
29369.826,0.1488415294168602
29369.827,0.14884290245011544
29369.828,0.14884427880520984
29369.829,0.14884565828793192
29369.83,0.14884704117792127
29369.831,0.14884842737051293
29369.832,0.14884981708025355
29369.833,0.148851210451748
29369.834,0.14885260809358958
29369.835,0.14885400990877803
29369.836,0.14885541604688418
29369.837,0.1488568267394096
29369.838,0.14885824170388207
29369.839,0.1488596612922887
29369.84,0.14886108570137346
29369.841,0.14886251562593997
29369.842,0.1488639506837613
29369.843,0.14886539103209825
29369.844,0.1488668367379607
29369.845,0.14886828775033073
29369.846,0.1488697431409107
29369.847,0.14887120337458837
29369.848,0.1488726686395351
29369.849,0.14887413834061178
29369.85,0.14887561257188295
29369.851,0.14887709135371183
29369.852,0.14887857462034346
29369.853,0.1488800626724815
29369.854,0.14888155509673598
29369.855,0.14888305203364532
29369.856,0.14888455311864163
29369.857,0.1488860584474752
29369.858,0.14888756842281606
29369.859,0.14888908253208744
29369.86,0.14889060082075542
29369.861,0.14889212284022632
29369.862,0.14889364783190814
29369.863,0.1488951761281892
29369.864,0.1488967072409416
29369.865,0.14889824048339673
29369.866,0.14889977598978404
29369.867,0.14890131392573408
29369.868,0.1489028537619393
29369.869,0.1489043953294568
29369.87,0.1489059389630008
29369.871,0.1489074849222992
29369.872,0.1489090320247975
29369.873,0.1489105802712852
29369.874,0.14891213029833106
29369.875,0.14891368200956118
29369.876,0.14891523460886638
29369.877,0.1489167883401592
29369.878,0.14891834272998009
29369.879,0.14891989780011125
29369.88,0.14892145315201083
29369.881,0.14892300874621853
29369.882,0.1489245643343573
29369.883,0.1489261199717942
29369.884,0.1489276757684416
29369.885,0.14892923136359296
29369.886,0.14893078634312687
29369.887,0.14893234130216715
29369.888,0.14893389561313758
29369.889,0.14893544889497
29369.89,0.14893700146271482
29369.891,0.14893855401088726
29369.892,0.14894010629649132
29369.893,0.14894165793982247
29369.894,0.14894320948968032
29369.895,0.14894476075988936
29369.896,0.1489463104032019
29369.897,0.14894785872671562
29369.898,0.1489494059985728
29369.899,0.14895095205708542
29369.9,0.14895249660207413
29369.901,0.148954039908124
29369.902,0.14895558144506393
29369.903,0.14895712170906916
29369.904,0.14895866057273321
29369.905,0.14896019767819763
29369.906,0.14896173320829434
29369.907,0.1489632678418498
29369.908,0.14896480111636676
29369.909,0.14896633320594874
29369.91,0.1489678640544739
29369.911,0.14896939342949397
29369.912,0.1489709210718951
29369.913,0.1489724467774501
29369.914,0.14897397044756802
29369.915,0.14897549231899165
29369.916,0.14897701257018708
29369.917,0.14897853124759508
29369.918,0.14898004835497947
29369.919,0.14898156392855055
29369.92,0.1489830784204178
29369.921,0.14898459184622512
29369.922,0.14898610343939844
29369.923,0.14898761337346136
29369.924,0.14898912242568432
29369.925,0.14899063059752907
29369.926,0.14899213784486395
29369.927,0.14899364455008876
29369.928,0.14899515058343826
29369.929,0.1489966558345588
29369.93,0.1489981601068209
29369.931,0.14899966349472835
29369.932,0.14900116636412788
29369.933,0.14900266852008326
29369.934,0.14900417032579794
29369.935,0.14900567194181666
29369.936,0.14900717363338775
29369.937,0.14900867569458176
29369.938,0.1490101778545499
29369.939,0.14901168046858176
29369.94,0.14901318420358212
29369.941,0.14901468938664744
29369.942,0.14901619581681277
29369.943,0.14901770356871497
29369.944,0.14901921301297213
29369.945,0.1490207242564599
29369.946,0.1490222364861895
29369.947,0.14902375017193703
29369.948,0.1490252653817163
29369.949,0.14902678220927917
29369.95,0.14902830101820336
29369.951,0.14902982198125778
29369.952,0.14903134521938097
29369.953,0.14903287078589814
29369.954,0.1490343987436048
29369.955,0.14903592922517486
29369.956,0.14903746179194602
29369.957,0.14903899723904196
29369.958,0.14904053603919964
29369.959,0.14904207774419667
29369.96,0.14904362207600022
29369.961,0.1490451692616453
29369.962,0.14904671934312394
29369.963,0.14904827194169865
29369.964,0.1490498265791366
29369.965,0.1490513837702892
29369.966,0.1490529437402703
29369.967,0.149054506256323
29369.968,0.1490560712178267
29369.969,0.14905763853541457
29369.97,0.14905920823731827
29369.971,0.14906078023611288
29369.972,0.14906235397211445
29369.973,0.14906392966790358
29369.974,0.14906550821086445
29369.975,0.1490670891758873
29369.976,0.14906867232246201
29369.977,0.1490702580790107
29369.978,0.14907184590027212
29369.979,0.1490734353933476
29369.98,0.14907502594518085
29369.981,0.14907661772273845
29369.982,0.14907821071318017
29369.983,0.14907980501169182
29369.984,0.14908140030666325
29369.985,0.1490829965939423
29369.986,0.14908459379455102
29369.987,0.14908619204366866
29369.988,0.14908779067121064
29369.989,0.1490893898651857
29369.99,0.1490909899602041
29369.991,0.1490925914866756
29369.992,0.14909419383022482
29369.993,0.1490957971621955
29369.994,0.14909740180311212
29369.995,0.14909900692079356
29369.996,0.14910061226209173
29369.997,0.1491022180293642
29369.998,0.1491038245110339
29369.999,0.14910543119945546
29370.0,0.149107038529602
29370.001,0.14910864661903378
29370.002,0.1491102552937255
29370.003,0.14911186495852866
29370.004,0.14911347534381608
29370.005,0.1491150868133463
29370.006,0.14911669911024247
29370.007,0.14911831285775498
29370.008,0.1491199280197274
29370.009,0.14912154492398158
29370.01,0.14912316342088702
29370.011,0.14912478403301183
29370.012,0.14912640648205663
29370.013,0.14912803055557347
29370.014,0.14912965626070998
29370.015,0.14913128380821442
29370.016,0.14913291349794464
29370.017,0.1491345454811184
29370.018,0.1491361798747427
29370.019,0.1491378165222238
29370.02,0.1491394560881557
29370.021,0.14914109820795204
29370.022,0.14914274279267273
29370.023,0.14914439048194272
29370.024,0.1491460423161854
29370.025,0.1491476978153186
29370.026,0.1491493570571464
29370.027,0.14915102044138082
29370.028,0.14915268750517616
29370.029,0.14915435798230953
29370.03,0.1491560319695211
29370.031,0.14915771007550652
29370.032,0.14915939220079596
29370.033,0.14916107867267137
29370.034,0.14916276949409216
29370.035,0.1491644643645151
29370.036,0.14916616335332714
29370.037,0.14916786642194324
29370.038,0.14916957325337235
29370.039,0.14917128424355824
29370.04,0.14917299964813202
29370.041,0.14917471954120087
29370.042,0.14917644405866876
29370.043,0.14917817288630827
29370.044,0.14917990680043383
29370.045,0.14918164525397046
29370.046,0.1491833871546915
29370.047,0.1491851329894032
29370.048,0.14918688287016432
29370.049,0.14918863639518432
29370.05,0.14919039360903863
29370.051,0.14919215460813723
29370.052,0.14919391896170514
29370.053,0.14919568680355824
29370.054,0.1491974580782262
29370.055,0.14919923246430775
29370.056,0.14920100974276088
29370.057,0.14920279022914823
29370.058,0.14920457386080963
29370.059,0.14920636041547589
29370.06,0.14920814988430617
29370.061,0.1492099423791357
29370.062,0.14921173723131506
29370.063,0.14921353378565272
29370.064,0.14921533190513236
29370.065,0.14921713154897434
29370.066,0.14921893244944198
29370.067,0.14922073464375635
29370.068,0.14922253800164778
29370.069,0.1492243424434302
29370.07,0.1492261478675484
29370.071,0.14922795447474096
29370.072,0.14922976158526316
29370.073,0.14923156900316742
29370.074,0.14923337749294943
29370.075,0.1492351866887008
29370.076,0.149236996164122
29370.077,0.14923880616103077
29370.078,0.1492406161838528
29370.079,0.14924242609225313
29370.08,0.14924423563638
29370.081,0.1492460448701278
29370.082,0.14924785374393706
29370.083,0.14924966205151444
29370.084,0.14925147000743658
29370.085,0.14925327787768466
29370.086,0.1492550852079106
29370.087,0.14925689244930626
29370.088,0.14925869959474797
29370.089,0.14926050638903787
29370.09,0.14926231333061832
29370.091,0.14926412034070563
29370.092,0.1492659272976656
29370.093,0.1492677344373525
29370.094,0.14926954175650184
29370.095,0.14927134910239573
29370.096,0.14927315596591845
29370.097,0.14927496249285654
29370.098,0.14927676907083415
29370.099,0.14927857555123297
29370.1,0.14928038221627982
29370.101,0.1492821889595462
29370.102,0.1492839960201313
29370.103,0.14928580343455203
29370.104,0.14928761108978034
29370.105,0.1492894188240324
29370.106,0.1492912264739996
29370.107,0.14929303492089216
29370.108,0.1492948442340372
29370.109,0.14929665426489422
29370.11,0.14929846476302222
29370.111,0.1493002763033934
29370.112,0.14930208820082305
29370.113,0.1493039002772652
29370.114,0.14930571252207778
29370.115,0.14930752500490452
29370.116,0.14930933755725206
29370.117,0.14931115046973156
29370.118,0.149312963739355
29370.119,0.14931477692299783
29370.12,0.14931659018874088
29370.121,0.1493184036956465
29370.122,0.1493202165476092
29370.123,0.149322029274592
29370.124,0.14932384246811198
29370.125,0.14932565584301924
29370.126,0.1493274693115577
29370.127,0.1493292831924032
29370.128,0.14933109716265267
29370.129,0.1493329107645404
29370.13,0.14933472391136043
29370.131,0.14933653652824366
29370.132,0.1493383481196759
29370.133,0.14934015904243098
29370.134,0.1493419689817776
29370.135,0.14934377832953974
29370.136,0.14934558712423057
29370.137,0.149347395333328
29370.138,0.14934920292197662
29370.139,0.14935100973047233
29370.14,0.14935281617345722
29370.141,0.14935462264050284
29370.142,0.14935642889540152
29370.143,0.14935823463691697
29370.144,0.14936004060147043
29370.145,0.14936184624684531
29370.146,0.14936365095813184
29370.147,0.14936545529092946
29370.148,0.14936725951655747
29370.149,0.1493690634813499
29370.15,0.1493708674881812
29370.151,0.14937267161226933
29370.152,0.14937447562953066
29370.153,0.14937627984803625
29370.154,0.14937808454553317
29370.155,0.1493798896012822
29370.156,0.14938169503186577
29370.157,0.14938350140526913
29370.158,0.1493853091355932
29370.159,0.14938711826833995
29370.16,0.14938892885511593
29370.161,0.1493907410987197
29370.162,0.1493925547019657
29370.163,0.14939436959211044
29370.164,0.14939618605782293
29370.165,0.14939800423396282
29370.166,0.14939982407016228
29370.167,0.14940164580201773
29370.168,0.14940346947889066
29370.169,0.14940529511685752
29370.17,0.14940712278107576
29370.171,0.14940895276733743
29370.172,0.14941078422152088
29370.173,0.14941261760552924
29370.174,0.14941445370246279
29370.175,0.1494162922137999
29370.176,0.14941813289961844
29370.177,0.14941997653594896
29370.178,0.14942182293458459
29370.179,0.14942367142658947
29370.18,0.14942552161089426
29370.181,0.1494273737021357
29370.182,0.14942922769881758
29370.183,0.14943108332707633
29370.184,0.14943294061380127
29370.185,0.1494347994849777
29370.186,0.14943665943939333
29370.187,0.14943852090425108
29370.188,0.14944038321090558
29370.189,0.14944224598698352
29370.19,0.1494441097427577
29370.191,0.1494459745723169
29370.192,0.1494478404916208
29370.193,0.14944970716145456
29370.194,0.14945157468887868
29370.195,0.1494534426796071
29370.196,0.14945531028266168
29370.197,0.14945717751852053
29370.198,0.14945904438636926
29370.199,0.14946091091854302
29370.2,0.14946277667470537
29370.201,0.14946464170286547
29370.202,0.14946650564012248
29370.203,0.14946836822002688
29370.204,0.1494702296905404
29370.205,0.14947208968204567
29370.206,0.149473948077192
29370.207,0.14947580523173767
29370.208,0.14947766126579493
29370.209,0.14947951561035897
29370.21,0.1494813682773026
29370.211,0.14948321958496633
29370.212,0.14948506869218814
29370.213,0.14948691533741218
29370.214,0.14948875897498806
29370.215,0.1494906000082332
29370.216,0.14949243859105832
29370.217,0.14949427510550306
29370.218,0.14949610918255518
29370.219,0.1494979407178769
29370.22,0.14949976979723284
29370.221,0.14950159676520808
29370.222,0.1495034205064446
29370.223,0.14950524149411337
29370.224,0.14950706016860074
29370.225,0.14950887677388902
29370.226,0.14951069082523508
29370.227,0.14951250287455153
29370.228,0.14951431239640162
29370.229,0.14951611907350335
29370.23,0.1495179233293472
29370.231,0.14951972478497932
29370.232,0.1495215234909148
29370.233,0.14952331970374033
29370.234,0.14952511334679938
29370.235,0.1495269043796742
29370.236,0.1495286929695655
29370.237,0.14953047906112651
29370.238,0.14953226292487742
29370.239,0.14953404427097133
29370.24,0.14953582374847788
29370.241,0.1495376014616097
29370.242,0.14953937718061858
29370.243,0.1495411508202905
29370.244,0.14954292305506497
29370.245,0.14954469358766823
29370.246,0.14954646173234343
29370.247,0.14954822775839283
29370.248,0.1495499919295033
29370.249,0.149551753870779
29370.25,0.1495535142033795
29370.251,0.1495552726459417
29370.252,0.14955702931739753
29370.253,0.14955878442627027
29370.254,0.14956053819882775
29370.255,0.14956229033526125
29370.256,0.14956404089422598
29370.257,0.14956579049610447
29370.258,0.14956753957432908
29370.259,0.14956928804056194
29370.26,0.14957103601100746
29370.261,0.14957278360541615
29370.262,0.14957453033258203
29370.263,0.1495762764719216
29370.264,0.14957802197188524
29370.265,0.14957976679872848
29370.266,0.14958151139250023
29370.267,0.14958325584635937
29370.268,0.14958500054644777
29370.269,0.14958674512122402
29370.27,0.1495884897291727
29370.271,0.14959023473216118
29370.272,0.14959197965308327
29370.273,0.1495937253246286
29370.274,0.1495954719716113
29370.275,0.14959722003578801
29370.276,0.14959896947044696
29370.277,0.14960072028726548
29370.278,0.14960247240183344
29370.279,0.149604224763866
29370.28,0.1496059775004802
29370.281,0.14960773104499223
29370.282,0.1496094855144896
29370.283,0.1496112408885075
29370.284,0.14961299756061472
29370.285,0.14961475541735098
29370.286,0.14961651429327877
29370.287,0.14961827462530938
29370.288,0.14962003586003544
29370.289,0.14962179791772673
29370.29,0.1496235613878998
29370.291,0.14962532649982258
29370.292,0.14962709270676128
29370.293,0.1496288599572148
29370.294,0.1496306286634748
29370.295,0.14963239893980645
29370.296,0.14963416944631275
29370.297,0.14963594051396728
29370.298,0.14963771249700678
29370.299,0.14963948501707572
29370.3,0.14964125761451463
29370.301,0.1496430305155367
29370.302,0.1496448031423258
29370.303,0.1496465757542267
29370.304,0.1496483481882839
29370.305,0.14965012007371564
29370.306,0.1496518910191561
29370.307,0.1496536618233118
29370.308,0.1496554323286096
29370.309,0.14965720210752198
29370.31,0.14965897116309212
29370.311,0.14966073968252178
29370.312,0.14966250688421767
29370.313,0.14966427286185316
29370.314,0.14966603721239677
29370.315,0.1496678003099212
29370.316,0.14966956169377385
29370.317,0.14967132133516223
29370.318,0.14967307897555215
29370.319,0.149674834353247
29370.32,0.1496765875172232
29370.321,0.1496783387519652
29370.322,0.14968008727165844
29370.323,0.1496818335225354
29370.324,0.14968357848870775
29370.325,0.14968532205973198
29370.326,0.14968706318735633
29370.327,0.14968880235431098
29370.328,0.1496905396361001
29370.329,0.14969227454137124
29370.33,0.14969400693994842
29370.331,0.1496957366005593
29370.332,0.14969746382560298
29370.333,0.14969918867200535
29370.334,0.1497009111221138
29370.335,0.14970263118388477
29370.336,0.1497043488687362
29370.337,0.1497060642198685
29370.338,0.14970777695952084
29370.339,0.14970948680994173
29370.34,0.1497111945321777
29370.341,0.14971290072804827
29370.342,0.14971460502398495
29370.343,0.14971630716783096
29370.344,0.1497180077262491
29370.345,0.14971970626481035
29370.346,0.14972140169745635
29370.347,0.14972309443687226
29370.348,0.1497247850321453
29370.349,0.14972647297836514
29370.35,0.14972815846863632
29370.351,0.14972984165548364
29370.352,0.14973152241178553
29370.353,0.14973320061263254
29370.354,0.14973487663803908
29370.355,0.149736550023484
29370.356,0.14973822071434087
29370.357,0.1497398891437006
29370.358,0.14974155542903606
29370.359,0.14974321908384133
29370.36,0.14974488047932608
29370.361,0.14974653972536467
29370.362,0.1497481964086403
29370.363,0.1497498503218861
29370.364,0.149751501179494
29370.365,0.14975314883812818
29370.366,0.14975479332661096
29370.367,0.14975643472916259
29370.368,0.1497580733302728
29370.369,0.14975970858812634
29370.37,0.14976134083599885
29370.371,0.14976297054721485
29370.372,0.14976459686735608
29370.373,0.14976622010519267
29370.374,0.14976784073559352
29370.375,0.14976945879971534
29370.376,0.1497710737911666
29370.377,0.149772686061486
29370.378,0.14977429554507302
29370.379,0.1497759016018981
29370.38,0.14977750457244318
29370.381,0.14977910485480933
29370.382,0.14978070203504518
29370.383,0.1497822962341845
29370.384,0.1497838872804858
29370.385,0.14978547507447332
29370.386,0.14978706021567945
29370.387,0.14978864272820955
29370.388,0.14979022241323145
29370.389,0.149791799670048
29370.39,0.14979337471827053
29370.391,0.14979494764461335
29370.392,0.14979651850787887
29370.393,0.14979808757369056
29370.394,0.14979965528076658
29370.395,0.14980122118523329
29370.396,0.1498027842880397
29370.397,0.14980434545378526
29370.398,0.14980590461852542
29370.399,0.14980746160227013
29370.4,0.14980901694693985
29370.401,0.14981057085874377
29370.402,0.14981212322495446
29370.403,0.14981367443299104
29370.404,0.14981522437762973
29370.405,0.14981677342097985
29370.406,0.1498183215223685
29370.407,0.1498198695415871
29370.408,0.14982141747830344
29370.409,0.14982296534098993
29370.41,0.14982451305637456
29370.411,0.14982606077050156
29370.412,0.14982760832965666
29370.413,0.14982915580196102
29370.414,0.14983070274778923
29370.415,0.149832249603488
29370.416,0.14983379662428567
29370.417,0.14983534368196197
29370.418,0.14983689074604503
29370.419,0.14983843768101174
29370.42,0.14983998489159148
29370.421,0.14984153250097296
29370.422,0.14984307977592543
29370.423,0.14984462696399586
29370.424,0.14984617524777347
29370.425,0.1498477241225864
29370.426,0.14984927365717252
29370.427,0.14985082430493205
29370.428,0.14985237565850185
29370.429,0.14985392687742988
29370.43,0.1498554781568211
29370.431,0.14985702962133035
29370.432,0.1498585810917197
29370.433,0.1498601325312604
29370.434,0.14986168403313463
29370.435,0.14986323572743732
29370.436,0.1498647874599838
29370.437,0.14986633927631587
29370.438,0.1498678909111391
29370.439,0.14986944241052785
29370.44,0.14987099413067614
29370.441,0.1498725464401643
29370.442,0.14987409858414957
29370.443,0.1498756505155344
29370.444,0.14987720287366155
29370.445,0.14987875480046184
29370.446,0.14988030560000304
29370.447,0.149881855764532
29370.448,0.1498834050262857
29370.449,0.14988495299544297
29370.45,0.14988650002325796
29370.451,0.14988804613543774
29370.452,0.1498895905692679
29370.453,0.14989113383601313
29370.454,0.14989267555991914
29370.455,0.14989421525333507
29370.456,0.14989575291711343
29370.457,0.14989728859832716
29370.458,0.14989882282882175
29370.459,0.1499003552075754
29370.46,0.1499018855802616
29370.461,0.1499034137759803
29370.462,0.1499049391153277
29370.463,0.14990646124563614
29370.464,0.14990798002191724
29370.465,0.1499094952102826
29370.466,0.1499110071341613
29370.467,0.14991251552791968
29370.468,0.14991402038560736
29370.469,0.149915521414189
29370.47,0.1499170183730117
29370.471,0.14991851140276022
29370.472,0.1499199994622119
29370.473,0.14992148303333358
29370.474,0.14992296262448684
29370.475,0.14992443800960586
29370.476,0.14992590855725393
29370.477,0.14992737470735276
29370.478,0.14992883603401622
29370.479,0.14993029199336969
29370.48,0.1499317424649039
29370.481,0.14993318739918576
29370.482,0.14993462645176153
29370.483,0.14993605989394643
29370.484,0.14993748748347327
29370.485,0.14993890944958976
29370.486,0.14994032551904146
29370.487,0.14994173515637435
29370.488,0.14994313835033296
29370.489,0.14994453501614835
29370.49,0.14994592512820784
29370.491,0.14994730933480901
29370.492,0.14994868773216655
29370.493,0.14995005985925694
29370.494,0.1499514261258484
29370.495,0.14995278606933204
29370.496,0.14995413895572948
29370.497,0.14995548460927685
29370.498,0.1499568236078669
29370.499,0.1499581559311109
29370.5,0.14995948182203672
29370.501,0.14996080102358508
29370.502,0.1499621133630054
29370.503,0.1499634190221509
29370.504,0.14996471830313893
29370.505,0.1499660113382469
29370.506,0.14996729788395624
29370.507,0.14996857857202495
29370.508,0.14996985352165426
29370.509,0.14997112266463325
29370.51,0.14997238606867902
29370.511,0.14997364415581618
29370.512,0.1499748966130785
29370.513,0.149976143325779
29370.514,0.14997738415974238
29370.515,0.1499786195301642
29370.516,0.14997984951830687
29370.517,0.14998107419093687
29370.518,0.149982294114151
29370.519,0.149983509582489
29370.52,0.14998472111369737
29370.521,0.14998592851045944
29370.522,0.14998713136327008
29370.523,0.1499883301028179
29370.524,0.1499895258443225
29370.525,0.1499907182270633
29370.526,0.1499919072623039
29370.527,0.14999309339572697
29370.528,0.14999427658493322
29370.529,0.14999545667827172
29370.53,0.14999663377742223
29370.531,0.14999780813137284
29370.532,0.14999897991250713
29370.533,0.1500001495566411
29370.534,0.15000131726066027
29370.535,0.15000248307703645
29370.536,0.1500036471444332
29370.537,0.15000480974582056
29370.538,0.15000597095945692
29370.539,0.1500071308348908
29370.54,0.15000829014907005
29370.541,0.15000944908708846
29370.542,0.15001060741417946
29370.543,0.1500117654245419
29370.544,0.15001292367222324
29370.545,0.1500140815924727
29370.546,0.15001523879314296
29370.547,0.15001639560906624
29370.548,0.1500175522681997
29370.549,0.150018708688531
29370.55,0.15001986528479633
29370.551,0.15002102200430806
29370.552,0.15002217851387
29370.553,0.15002333516370892
29370.554,0.15002449214704455
29370.555,0.1500256495361632
29370.556,0.15002680716372163
29370.557,0.15002796574000238
29370.558,0.15002912559034862
29370.559,0.1500302861364608
29370.56,0.15003144723896383
29370.561,0.15003260926968823
29370.562,0.1500337718182699
29370.563,0.15003493445982977
29370.564,0.15003609711835095
29370.565,0.15003726003357395
29370.566,0.15003842336154172
29370.567,0.15003958695082864
29370.568,0.1500407510585367
29370.569,0.1500419151546129
29370.57,0.1500430791585577
29370.571,0.1500442437412926
29370.572,0.1500454080824527
29370.573,0.15004657249023662
29370.574,0.15004773758370718
29370.575,0.1500489029777114
29370.576,0.15005006818856706
29370.577,0.1500512338163396
29370.578,0.15005239884838578
29370.579,0.15005356293727487
29370.58,0.15005472588815172
29370.581,0.15005588772233364
29370.582,0.15005704838555176
29370.583,0.15005820792238156
29370.584,0.1500593661703524
29370.585,0.15006052313379395
29370.586,0.1500616785092526
29370.587,0.15006283267369896
29370.588,0.15006398513885139
29370.589,0.15006513508038352
29370.59,0.15006628318634718
29370.591,0.15006742975792398
29370.592,0.1500685741434789
29370.593,0.15006971576106304
29370.594,0.1500708555450432
29370.595,0.15007199240136657
29370.596,0.15007312552724117
29370.597,0.15007425512586078
29370.598,0.150075381814466
29370.599,0.15007650481810283
29370.6,0.15007762401542302
29370.601,0.15007873946496283
29370.602,0.1500798507389144
29370.603,0.15008095808897734
29370.604,0.15008206136472768
29370.605,0.15008316041464836
29370.606,0.15008425465691283
29370.607,0.1500853447648649
29370.608,0.15008643059578292
29370.609,0.15008751171096457
29370.61,0.15008858822908902
29370.611,0.1500896599226235
29370.612,0.15009072625061476
29370.613,0.150091787186952
29370.614,0.150092842245729
29370.615,0.15009389178290825
29370.616,0.15009493568066773
29370.617,0.15009597390345975
29370.618,0.15009700636431877
29370.619,0.15009803290103876
29370.62,0.15009905318475777
29370.621,0.15010006736255732
29370.622,0.15010107487487237
29370.623,0.15010207629761807
29370.624,0.15010307219983718
29370.625,0.15010406224231262
29370.626,0.1501050461754992
29370.627,0.15010602406154486
29370.628,0.15010699571766378
29370.629,0.15010796076149496
29370.63,0.15010891923723757
29370.631,0.15010987112725124
29370.632,0.15011081663043083
29370.633,0.1501117556401061
29370.634,0.1501126880332759
29370.635,0.15011361406457252
29370.636,0.15011453347926285
29370.637,0.15011544620743777
29370.638,0.1501163521549741
29370.639,0.15011725131232528
29370.64,0.15011814424170905
29370.641,0.1501190312518656
29370.642,0.15011991210459216
29370.643,0.15012078666919906
29370.644,0.1501216553900281
29370.645,0.15012251781874383
29370.646,0.15012337331353406
29370.647,0.15012422250534108
29370.648,0.15012506574826798
29370.649,0.1501259030609318
29370.65,0.1501267344034254
29370.651,0.1501275599143697
29370.652,0.15012837961408015
29370.653,0.15012919374672384
29370.654,0.15013000259531387
29370.655,0.15013080589053437
29370.656,0.1501316038230381
29370.657,0.15013239717550514
29370.658,0.15013318620458507
29370.659,0.15013397100593268
29370.66,0.15013475133786905
29370.661,0.1501355278330475
29370.662,0.15013630024880348
29370.663,0.15013706862246323
29370.664,0.15013783337454176
29370.665,0.15013859473956703
29370.666,0.15013935289644553
29370.667,0.15014010819513662
29370.668,0.15014086072281932
29370.669,0.15014161096249132
29370.67,0.1501423594241699
29370.671,0.15014310647311588
29370.672,0.15014385173807168
29370.673,0.15014459567204252
29370.674,0.15014533932992846
29370.675,0.15014608274490704
29370.676,0.15014682598065124
29370.677,0.15014756994112924
29370.678,0.15014831434577072
29370.679,0.1501490595920101
29370.68,0.15014980585396365
29370.681,0.15015055373733238
29370.682,0.1501513032657236
29370.683,0.15015205459759923
29370.684,0.1501528085089869
29370.685,0.15015356495948262
29370.686,0.15015432421483135
29370.687,0.15015508685552442
29370.688,0.15015585267219117
29370.689,0.15015662206434738
29370.69,0.1501573964991192
29370.691,0.15015817582992483
29370.692,0.1501589599978848
29370.693,0.15015974953275604
29370.694,0.15016054523195718
29370.695,0.15016134624445363
29370.696,0.15016215259747123
29370.697,0.1501629649392516
29370.698,0.15016378365597335
29370.699,0.15016460881235236
29370.7,0.15016544068855645
29370.701,0.15016627951300615
29370.702,0.15016712528426884
29370.703,0.15016797853592004
29370.704,0.1501688393607957
29370.705,0.1501697077590507
29370.706,0.15017058331843014
29370.707,0.15017146699524414
29370.708,0.15017235897480405
29370.709,0.15017325895608852
29370.71,0.15017416722289104
29370.711,0.15017508391160528
29370.712,0.15017600910729365
29370.713,0.15017694237523077
29370.714,0.15017788368339305
29370.715,0.15017883318498843
29370.716,0.15017979106976007
29370.717,0.15018075718691057
29370.718,0.15018173162649523
29370.719,0.15018271425779492
29370.72,0.15018370499570993
29370.721,0.15018470425147568
29370.722,0.1501857110995912
29370.723,0.1501867260653591
29370.724,0.15018774933793513
29370.725,0.15018878082828796
29370.726,0.15018982005791803
29370.727,0.15019086715226335
29370.728,0.15019192197051676
29370.729,0.15019298347288113
29370.73,0.15019405176733808
29370.731,0.15019512666118728
29370.732,0.1501962080739169
29370.733,0.1501972957876812
29370.734,0.15019838971191277
29370.735,0.150199489675382
29370.736,0.15020059506427055
29370.737,0.15020170617417727
29370.738,0.1502028226498951
29370.739,0.15020394443212556
29370.74,0.15020507113613651
29370.741,0.15020620292275155
29370.742,0.1502073390876572
29370.743,0.15020847951476687
29370.744,0.15020962390131817
29370.745,0.15021077202479158
29370.746,0.15021192293633723
29370.747,0.15021307660390282
29370.748,0.15021423290701774
29370.749,0.15021539141579743
29370.75,0.15021655166886824
29370.751,0.15021771405971027
29370.752,0.15021887791662117
29370.753,0.1502200431097215
29370.754,0.15022120980705286
29370.755,0.15022237764348037
29370.756,0.1502235460897608
29370.757,0.1502247155232411
29370.758,0.15022588590794125
29370.759,0.15022705670429093
29370.76,0.1502282274912884
29370.761,0.1502293988749908
29370.762,0.15023056985941122
29370.763,0.15023174009629323
29370.764,0.1502329096840513
29370.765,0.1502340783017573
29370.766,0.15023524599931357
29370.767,0.15023641275235095
29370.768,0.15023757825146078
29370.769,0.15023874254884054
29370.77,0.15023990516615487
29370.771,0.150241066454273
29370.772,0.15024222533517204
29370.773,0.1502433823283539
29370.774,0.15024453843387667
29370.775,0.1502456929862951
29370.776,0.15024684600372612
29370.777,0.15024799783604162
29370.778,0.15024914773468498
29370.779,0.15025029579011528
29370.78,0.1502514417370734
29370.781,0.15025258588773288
29370.782,0.15025372804479883
29370.783,0.15025486878716204
29370.784,0.15025600838759057
29370.785,0.1502571463707741
29370.786,0.15025828290365098
29370.787,0.1502594185806152
29370.788,0.15026055295702664
29370.789,0.15026168584951233
29370.79,0.15026281823926002
29370.791,0.15026395001475257
29370.792,0.15026508116672252
29370.793,0.15026621164786802
29370.794,0.15026734210722917
29370.795,0.15026847178448516
29370.796,0.15026960079115745
29370.797,0.1502707293932343
29370.798,0.15027185758183817
29370.799,0.15027298590393443
29370.8,0.1502741143625626
29370.801,0.15027524304791962
29370.802,0.15027637218321044
29370.803,0.15027750161326575
29370.804,0.15027863161117525
29370.805,0.15027976207797608
29370.806,0.1502808933254843
29370.807,0.1502820260127836
29370.808,0.15028316059401597
29370.809,0.15028429626967593
29370.81,0.15028543356741048
29370.811,0.15028657289340316
29370.812,0.15028771394632315
29370.813,0.1502888561487677
29370.814,0.15028999979925317
29370.815,0.150291144972717
29370.816,0.15029229190399887
29370.817,0.1502934405099069
29370.818,0.15029459117979596
29370.819,0.15029574362491674
29370.82,0.1502968980111422
29370.821,0.15029805480430883
29370.822,0.15029921322245143
29370.823,0.1503003737465188
29370.824,0.15030153708798866
29370.825,0.1503027030927503
29370.826,0.15030387163203146
29370.827,0.15030504305007208
29370.828,0.15030621683818607
29370.829,0.15030739269270899
29370.83,0.15030857070588097
29370.831,0.15030975058339266
29370.832,0.15031093213365554
29370.833,0.1503121156935049
29370.834,0.15031330121109737
29370.835,0.15031448859337807
29370.836,0.15031567794021217
29370.837,0.1503168696122022
29370.838,0.1503180629764506
29370.839,0.1503192576568645
29370.84,0.15032045398545313
29370.841,0.15032165260467312
29370.842,0.15032285296793807
29370.843,0.15032405500577853
29370.844,0.15032525880835682
29370.845,0.15032646453731383
29370.846,0.15032767056321442
29370.847,0.1503288774823277
29370.848,0.15033008547995363
29370.849,0.15033129445956017
29370.85,0.15033250422053557
29370.851,0.15033371480731167
29370.852,0.15033492601056375
29370.853,0.15033613776985855
29370.854,0.15033735023858769
29370.855,0.15033856284526464
29370.856,0.15033977517453767
29370.857,0.1503409883592689
29370.858,0.1503422024354627
29370.859,0.15034341647396912
29370.86,0.15034463057194236
29370.861,0.15034584510356563
29370.862,0.1503470591932113
29370.863,0.15034827272984783
29370.864,0.15034948553738192
29370.865,0.1503506973293679
29370.866,0.15035190825593167
29370.867,0.1503531178370519
29370.868,0.15035432659462447
29370.869,0.150355534393212
29370.87,0.15035674069159738
29370.871,0.15035794577809639
29370.872,0.15035914878302872
29370.873,0.15036035061163353
29370.874,0.15036155144418106
29370.875,0.15036275096779933
29370.876,0.15036394906863138
29370.877,0.15036514586456512
29370.878,0.15036634067751264
29370.879,0.15036753315255
29370.88,0.15036872291924575
29370.881,0.1503699099417499
29370.882,0.1503710940357056
29370.883,0.15037227524200208
29370.884,0.15037345341998637
29370.885,0.15037462844707386
29370.886,0.15037580021463304
29370.887,0.15037696927094674
29370.888,0.15037813447614715
29370.889,0.1503792959915889
29370.89,0.1503804545653776
29370.891,0.15038160994583408
29370.892,0.1503827619566546
29370.893,0.1503839103719887
29370.894,0.15038505605609082
29370.895,0.1503861979246772
29370.896,0.15038733568201293
29370.897,0.15038846920818147
29370.898,0.15038959885362863
29370.899,0.15039072451367833
29370.9,0.1503918459329196
29370.901,0.15039296340920508
29370.902,0.15039407687498849
29370.903,0.1503951865610646
29370.904,0.1503962927635327
29370.905,0.15039739508174269
29370.906,0.15039849377182232
29370.907,0.15039958939523718
29370.908,0.15040068214524505
29370.909,0.15040177164255097
29370.91,0.15040285818054053
29370.911,0.15040394220808195
29370.912,0.150405023046152
29370.913,0.15040610003504917
29370.914,0.1504071740273222
29370.915,0.15040824545805634
29370.916,0.15040931424781348
29370.917,0.1504103808176687
29370.918,0.1504114448667651
29370.919,0.1504125065557292
29370.92,0.1504135663352803
29370.921,0.15041462455188784
29370.922,0.15041568029396882
29370.923,0.15041673414973303
29370.924,0.15041778682043977
29370.925,0.15041883811564294
29370.926,0.15041988796545624
29370.927,0.15042093672812912
29370.928,0.15042198426066933
29370.929,0.1504230304001612
29370.93,0.15042407476988204
29370.931,0.1504251176655638
29370.932,0.1504261592757844
29370.933,0.15042719987990288
29370.934,0.15042823889197623
29370.935,0.150429276273916
29370.936,0.1504303120314976
29370.937,0.15043134617680257
29370.938,0.15043237808589494
29370.939,0.15043340785392542
29370.94,0.15043443617343077
29370.941,0.15043546303310118
29370.942,0.15043648818329436
29370.943,0.15043751137314193
29370.944,0.1504385328300036
29370.945,0.15043955256564892
29370.946,0.15044056930348562
29370.947,0.15044158328252588
29370.948,0.15044259468525847
29370.949,0.15044360294974368
29370.95,0.15044460791448883
29370.951,0.1504456096416166
29370.952,0.15044660832249532
29370.953,0.15044760350315128
29370.954,0.15044859526371246
29370.955,0.15044958296670155
29370.956,0.15045056680061022
29370.957,0.15045154729614996
29370.958,0.15045252367678152
29370.959,0.1504534957331901
29370.96,0.1504544640149292
29370.961,0.1504554282218401
29370.962,0.1504563875000929
29370.963,0.1504573418898774
29370.964,0.1504582912875937
29370.965,0.15045923557628166
29370.966,0.1504601748120754
29370.967,0.15046110929566955
29370.968,0.15046203929752658
29370.969,0.1504629644261361
29370.97,0.1504638848537567
29370.971,0.15046480124671116
29370.972,0.15046571256157829
29370.973,0.15046661961261637
29370.974,0.15046752286023699
29370.975,0.15046842194557639
29370.976,0.150469316929136
29370.977,0.15047020850827778
29370.978,0.15047109624948335
29370.979,0.1504719802486234
29370.98,0.1504728600970731
29370.981,0.1504737364524058
29370.982,0.15047460960775533
29370.983,0.15047547976175055
29370.984,0.15047634740090177
29370.985,0.15047721275708334
29370.986,0.15047807611655836
29370.987,0.15047893784705288
29370.988,0.15047979747250967
29370.989,0.15048065545126005
29370.99,0.15048151251583314
29370.991,0.1504823687483015
29370.992,0.1504832245585822
29370.993,0.15048408016296713
29370.994,0.15048493635216184
29370.995,0.15048579282431013
29370.996,0.15048664913664997
29370.997,0.15048750599675184
29370.998,0.15048836388307188
29370.999,0.15048922285633784
29371.0,0.15049008371785907
29371.001,0.15049094640730631
29371.002,0.1504918109221418
29371.003,0.15049267783465725
29371.004,0.15049354735929482
29371.005,0.15049441961635576
29371.006,0.1504952948599737
29371.007,0.1504961734500813
29371.008,0.1504970558668477
29371.009,0.15049794235226013
29371.01,0.15049883272990683
29371.011,0.15049972774625897
29371.012,0.15050062675536122
29371.013,0.15050152965842759
29371.014,0.15050243746799255
29371.015,0.1505033498457404
29371.016,0.1505042667322261
29371.017,0.1505051888173688
29371.018,0.15050611614841167
29371.019,0.15050704898273065
29371.02,0.15050798694957127
29371.021,0.15050893082093142
29371.022,0.15050987976501704
29371.023,0.15051083444651245
29371.024,0.1505117953892181
29371.025,0.15051276255090826
29371.026,0.15051373557639774
29371.027,0.15051471523522122
29371.028,0.1505157007821125
29371.029,0.15051669170812904
29371.03,0.15051768816553762
29371.031,0.15051869057640707
29371.032,0.15051969874701732
29371.033,0.15052071267941391
29371.034,0.1505217322324454
29371.035,0.1505227576407305
29371.036,0.15052378891365825
29371.037,0.15052482587593305
29371.038,0.1505258680647473
29371.039,0.15052691583096475
29371.04,0.15052796915540112
29371.041,0.15052902817984584
29371.042,0.15053009267292375
29371.043,0.15053116239748915
29371.044,0.15053223750829242
29371.045,0.15053331751394294
29371.046,0.1505344013248349
29371.047,0.15053548897097468
29371.048,0.15053658103208603
29371.049,0.1505376770135532
29371.05,0.1505387771933444
29371.051,0.15053988118218348
29371.052,0.15054098835756194
29371.053,0.15054209843042687
29371.054,0.15054321176975946
29371.055,0.15054432784925165
29371.056,0.15054544620002547
29371.057,0.15054656679736525
29371.058,0.15054768979917557
29371.059,0.15054881500747413
29371.06,0.15054994215091871
29371.061,0.15055107120580738
29371.062,0.1505522013215284
29371.063,0.15055333224369513
29371.064,0.15055446373105105
29371.065,0.15055559552312395
29371.066,0.1505567277483178
29371.067,0.15055786007385058
29371.068,0.1505589923812519
29371.069,0.1505601243135602
29371.07,0.1505612556765617
29371.071,0.15056238617270842
29371.072,0.15056351518621747
29371.073,0.1505646432102552
29371.074,0.15056577027105222
29371.075,0.15056689614318683
29371.076,0.15056802060784807
29371.077,0.15056914356531378
29371.078,0.1505702644041136
29371.079,0.15057138288682856
29371.08,0.15057249845568937
29371.081,0.1505736118433642
29371.082,0.1505747224228897
29371.083,0.1505758302288071
29371.084,0.15057693534398459
29371.085,0.1505780373494705
29371.086,0.15057913576929788
29371.087,0.15058023092913553
29371.088,0.1505813223459115
29371.089,0.15058241006154904
29371.09,0.1505834946820241
29371.091,0.1505845763299092
29371.092,0.15058565487601105
29371.093,0.15058673007008447
29371.094,0.15058780185540965
29371.095,0.1505888698651138
29371.096,0.15058993304578636
29371.097,0.1505909923921362
29371.098,0.15059204807917345
29371.099,0.15059310005997692
29371.1,0.15059414854631503
29371.101,0.15059519331655236
29371.102,0.15059623422812918
29371.103,0.15059727143459206
29371.104,0.15059830560843723
29371.105,0.15059933611169815
29371.106,0.15060036324900758
29371.107,0.15060138757996167
29371.108,0.15060240974718558
29371.109,0.1506034288609403
29371.11,0.15060444486554825
29371.111,0.15060545860365243
29371.112,0.1506064697106664
29371.113,0.15060747808928818
29371.114,0.15060848407112698
29371.115,0.15060948758766432
29371.116,0.15061048878035097
29371.117,0.15061148844649438
29371.118,0.15061248615566297
29371.119,0.15061348206193825
29371.12,0.1506144767068119
29371.121,0.1506154709070522
29371.122,0.15061646333315523
29371.123,0.15061745492248074
29371.124,0.15061844644649994
29371.125,0.1506194380005237
29371.126,0.1506204298329373
29371.127,0.150621422386135
29371.128,0.150622415192791
29371.129,0.1506234084532763
29371.13,0.15062440206713276
29371.131,0.15062539647074394
29371.132,0.15062639161520094
29371.133,0.15062738802004114
29371.134,0.15062838595840788
29371.135,0.1506293860218854
29371.136,0.1506303881705456
29371.137,0.15063139268305575
29371.138,0.15063239957767183
29371.139,0.15063340938208186
29371.14,0.15063442241601963
29371.141,0.15063543912775212
29371.142,0.1506364596949667
29371.143,0.15063748387532702
29371.144,0.15063851217099464
29371.145,0.15063954455240497
29371.146,0.15064058004126613
29371.147,0.1506416192365487
29371.148,0.15064266270276983
29371.149,0.1506437103649814
29371.15,0.15064476213863567
29371.151,0.15064581835967508
29371.152,0.15064687887101166
29371.153,0.15064794417046729
29371.154,0.15064901442650006
29371.155,0.15065008911022434
29371.156,0.15065116835881373
29371.157,0.15065225285897046
29371.158,0.15065334331663882
29371.159,0.15065443908237225
29371.16,0.15065554007994178
29371.161,0.1506566465412086
29371.162,0.1506577575504448
29371.163,0.15065887324155247
29371.164,0.15065999342016265
29371.165,0.15066111792828737
29371.166,0.1506622468887022
29371.167,0.15066338003397237
29371.168,0.15066451768413813
29371.169,0.15066565918756977
29371.17,0.15066680434227148
29371.171,0.15066795348177364
29371.172,0.1506691059221803
29371.173,0.15067026168387
29371.174,0.1506714211280834
29371.175,0.15067258428879818
29371.176,0.15067375055950782
29371.177,0.1506749200026832
29371.178,0.15067609224263678
29371.179,0.1506772662259889
29371.18,0.15067844155639612
29371.181,0.15067961838719768
29371.182,0.1506807962357188
29371.183,0.15068197532991398
29371.184,0.15068315530687623
29371.185,0.1506843359653617
29371.186,0.15068551686789178
29371.187,0.1506866980494481
29371.188,0.15068787897194422
29371.189,0.15068905935201418
29371.19,0.15069023922008729
29371.191,0.15069141871734318
29371.192,0.15069259765189727
29371.193,0.15069377588273622
29371.194,0.15069495317517692
29371.195,0.15069612935439988
29371.196,0.15069730346235743
29371.197,0.15069847558987023
29371.198,0.15069964569206848
29371.199,0.15070081324784165
29371.2,0.15070197822394793
29371.201,0.15070314072392232
29371.202,0.1507043001534214
29371.203,0.15070545693172263
29371.204,0.15070661137345798
29371.205,0.15070776219188328
29371.206,0.15070890956389457
29371.207,0.150710053915089
29371.208,0.15071119533882302
29371.209,0.15071233321367677
29371.21,0.15071346812316258
29371.211,0.15071460021869615
29371.212,0.1507157289757601
29371.213,0.1507168540080031
29371.214,0.1507179751735947
29371.215,0.15071909273987114
29371.216,0.15072020649341616
29371.217,0.1507213165725557
29371.218,0.1507224228517689
29371.219,0.1507235256233312
29371.22,0.15072462464794115
29371.221,0.15072572011340513
29371.222,0.150726811461906
29371.223,0.15072789922994692
29371.224,0.15072898394496828
29371.225,0.1507300654613133
29371.226,0.15073114340164023
29371.227,0.15073221801917674
29371.228,0.15073328908030476
29371.229,0.15073435620379083
29371.23,0.1507354193359388
29371.231,0.1507364790924486
29371.232,0.1507375354293199
29371.233,0.15073858834552203
29371.234,0.1507396377710434
29371.235,0.15074068354227463
29371.236,0.15074172545635858
29371.237,0.1507427640748495
29371.238,0.15074379866067156
29371.239,0.1507448295345062
29371.24,0.15074585718687042
29371.241,0.15074688175650672
29371.242,0.15074790330514798
29371.243,0.15074892158712683
29371.244,0.1507499369021589
29371.245,0.15075094916843984
29371.246,0.1507519573870037
29371.247,0.15075296223234416
29371.248,0.15075396390947307
29371.249,0.15075496233377625
29371.25,0.15075595776139347
29371.251,0.15075695024837446
29371.252,0.1507579392510866
29371.253,0.15075892553416254
29371.254,0.15075990899807484
29371.255,0.1507608891663111
29371.256,0.15076186592925986
29371.257,0.1507628401801827
29371.258,0.15076381230300442
29371.259,0.15076478126478818
29371.26,0.15076574720816574
29371.261,0.15076671095493507
29371.262,0.1507676718891887
29371.263,0.15076862966700988
29371.264,0.1507695844484649
29371.265,0.15077053643052601
29371.266,0.15077148594636297
29371.267,0.15077243323518116
29371.268,0.1507733784073819
29371.269,0.15077432107853464
29371.27,0.1507752617106721
29371.271,0.15077620100978686
29371.272,0.15077713784125285
29371.273,0.15077807285433928
29371.274,0.15077900649172116
29371.275,0.15077993876278153
29371.276,0.15078086926445997
29371.277,0.15078179842416925
29371.278,0.1507827259314718
29371.279,0.15078365137181127
29371.28,0.15078457515422
29371.281,0.1507854974812261
29371.282,0.15078641825728709
29371.283,0.15078733772335753
29371.284,0.150788255680179
29371.285,0.15078917247962506
29371.286,0.15079008753215373
29371.287,0.1507910014601853
29371.288,0.15079191392902352
29371.289,0.1507928245817008
29371.29,0.1507937342876409
29371.291,0.1507946433647354
29371.292,0.1507955511426472
29371.293,0.15079645722953489
29371.294,0.15079736181062076
29371.295,0.15079826495827
29371.296,0.15079916590427703
29371.297,0.15080006485183975
29371.298,0.1508009619822813
29371.299,0.1508018568617641
29371.3,0.15080274981529387
29371.301,0.1508036406260622
29371.302,0.1508045285660891
29371.303,0.1508054143919365
29371.304,0.15080629772702192
29371.305,0.15080717814824895
29371.306,0.15080805595279587
29371.307,0.15080893219167174
29371.308,0.15080980642374264
29371.309,0.15081067814890087
29371.31,0.15081154720289108
29371.311,0.15081241381570168
29371.312,0.15081327752964419
29371.313,0.15081413789698295
29371.314,0.1508149948457427
29371.315,0.15081584870534046
29371.316,0.15081669934858527
29371.317,0.15081754683892926
29371.318,0.15081839138297085
29371.319,0.15081923245872988
29371.32,0.1508200701328527
29371.321,0.15082090499257847
29371.322,0.15082173609717986
29371.323,0.15082256394475832
29371.324,0.15082338937095308
29371.325,0.1508242121008367
29371.326,0.15082503214291243
29371.327,0.1508258498462782
29371.328,0.15082666505360834
29371.329,0.15082747731739837
29371.33,0.150828286429071
29371.331,0.15082909292753044
29371.332,0.1508298963968616
29371.333,0.1508306968096532
29371.334,0.1508314945922911
29371.335,0.15083228977850918
29371.336,0.15083308239100043
29371.337,0.15083387275717727
29371.338,0.15083466050705266
29371.339,0.1508354459792933
29371.34,0.15083622967111227
29371.341,0.15083701168575855
29371.342,0.15083779206864145
29371.343,0.15083857056023905
29371.344,0.15083934760723508
29371.345,0.15084012348743395
29371.346,0.15084089662690894
29371.347,0.15084166778664668
29371.348,0.15084243718033188
29371.349,0.15084320453379177
29371.35,0.1508439702287986
29371.351,0.1508447341023279
29371.352,0.15084549582752482
29371.353,0.1508462557072607
29371.354,0.1508470137792323
29371.355,0.15084776959248514
29371.356,0.15084852330309717
29371.357,0.15084927569439105
29371.358,0.15085002629842964
29371.359,0.15085077485510226
29371.36,0.15085152164857052
29371.361,0.1508522669295944
29371.362,0.15085300970922688
29371.363,0.1508537495991158
29371.364,0.15085448696744547
29371.365,0.15085522183492997
29371.366,0.15085595420359713
29371.367,0.15085668349968395
29371.368,0.1508574098570845
29371.369,0.15085813287595895
29371.37,0.15085885274801258
29371.371,0.15085956963173566
29371.372,0.15086028264195558
29371.373,0.1508609923377194
29371.374,0.15086169914527542
29371.375,0.1508624028567455
29371.376,0.15086310327107194
29371.377,0.15086380064112928
29371.378,0.15086449455485235
29371.379,0.15086518465646248
29371.38,0.15086587048344421
29371.381,0.15086655244626157
29371.382,0.15086723002547783
29371.383,0.15086790361843022
29371.384,0.1508685729239344
29371.385,0.1508692383500046
29371.386,0.15086989910349638
29371.387,0.15087055604422572
29371.388,0.15087120859079645
29371.389,0.1508718567125731
29371.39,0.15087250133831026
29371.391,0.15087314246433178
29371.392,0.1508737798642307
29371.393,0.15087441378017358
29371.394,0.15087504443784594
29371.395,0.1508756718043329
29371.396,0.15087629528622123
29371.397,0.150876914955033
29371.398,0.1508775313698455
29371.399,0.1508781445725903
29371.4,0.15087875521163716
29371.401,0.15087936320481615
29371.402,0.15087996838854645
29371.403,0.15088057162885118
29371.404,0.1508811730946867
29371.405,0.1508817731040769
29371.406,0.1508823717044297
29371.407,0.15088296960217673
29371.408,0.15088356682378398
29371.409,0.15088416339290395
29371.41,0.1508847597447843
29371.411,0.1508853566800627
29371.412,0.15088595381368425
29371.413,0.1508865513717406
29371.414,0.15088714954746885
29371.415,0.15088774880521952
29371.416,0.15088834904246018
29371.417,0.15088895062345364
29371.418,0.15088955432462306
29371.419,0.15089016024966156
29371.42,0.150890768803582
29371.421,0.15089138024962015
29371.422,0.150891994267479
29371.423,0.15089261144320332
29371.424,0.15089323221785944
29371.425,0.1508938565148199
29371.426,0.15089448468165872
29371.427,0.1508951170909691
29371.428,0.15089575320751347
29371.429,0.15089639263030988
29371.43,0.15089703563211768
29371.431,0.150897682714684
29371.432,0.15089833364404084
29371.433,0.15089898868187512
29371.434,0.15089964811821102
29371.435,0.15090031168417953
29371.436,0.1509009792199231
29371.437,0.1509016511234801
29371.438,0.15090232725667013
29371.439,0.15090300709092508
29371.44,0.1509036908112414
29371.441,0.15090437883717864
29371.442,0.15090507068140155
29371.443,0.1509057657765579
29371.444,0.1509064644404758
29371.445,0.1509071660355583
29371.446,0.15090786913535484
29371.447,0.15090857452640055
29371.448,0.15090928202915924
29371.449,0.1509099915014747
29371.45,0.15091070264658746
29371.451,0.15091141525027188
29371.452,0.1509121284829276
29371.453,0.15091284254475407
29371.454,0.15091355748482604
29371.455,0.15091427223308443
29371.456,0.15091498682814952
29371.457,0.15091570152759057
29371.458,0.1509164160261065
29371.459,0.15091712991768752
29371.46,0.15091784269742944
29371.461,0.15091855447526453
29371.462,0.1509192640370504
29371.463,0.15091997137418592
29371.464,0.15092067591405067
29371.465,0.1509213779766428
29371.466,0.1509220771602228
29371.467,0.15092277320994305
29371.468,0.15092346598170758
29371.469,0.1509241551864133
29371.47,0.15092484128968556
29371.471,0.1509255237546118
29371.472,0.15092620194786294
29371.473,0.15092687611990424
29371.474,0.1509275466914337
29371.475,0.15092821358670652
29371.476,0.15092887686804707
29371.477,0.1509295361412683
29371.478,0.15093019106777253
29371.479,0.15093084101075757
29371.48,0.15093148587734426
29371.481,0.15093212637985304
29371.482,0.15093276225135438
29371.483,0.15093339377282614
29371.484,0.150934020966445
29371.485,0.15093464437037038
29371.486,0.15093526337581753
29371.487,0.1509358787745889
29371.488,0.15093648980951768
29371.489,0.15093709717287127
29371.49,0.15093770139925203
29371.491,0.15093830233000005
29371.492,0.15093889992536777
29371.493,0.15093949433744624
29371.494,0.15094008586165442
29371.495,0.15094067481785944
29371.496,0.15094126007721131
29371.497,0.15094184209128714
29371.498,0.1509424215750322
29371.499,0.1509429987146783
29371.5,0.15094357353240495
29371.501,0.150944145952933
29371.502,0.15094471615425623
29371.503,0.15094528473946953
29371.504,0.15094585177519979
29371.505,0.1509464164255208
29371.506,0.15094697889489642
29371.507,0.15094753978864583
29371.508,0.15094809937909998
29371.509,0.1509486573187604
29371.51,0.15094921357528368
29371.511,0.15094976844478764
29371.512,0.15095032125560495
29371.513,0.15095087170697205
29371.514,0.1509514196435711
29371.515,0.1509519652299676
29371.516,0.15095250842236466
29371.517,0.15095304933114487
29371.518,0.1509535881539844
29371.519,0.1509541241334095
29371.52,0.1509546569082375
29371.521,0.1509551865121718
29371.522,0.15095571245482065
29371.523,0.15095623469518146
29371.524,0.15095675379644655
29371.525,0.150957269347134
29371.526,0.1509577807268966
29371.527,0.15095828814439607
29371.528,0.15095879071795862
29371.529,0.15095928832669925
29371.53,0.15095978026429238
29371.531,0.15096026674460322
29371.532,0.15096074727471062
29371.533,0.15096122157648456
29371.534,0.15096168981141317
29371.535,0.15096215153243012
29371.536,0.1509626064333185
29371.537,0.15096305425468312
29371.538,0.1509634945483181
29371.539,0.15096392670590894
29371.54,0.15096435128847135
29371.541,0.15096476861408445
29371.542,0.15096517806999438
29371.543,0.1509655794141914
29371.544,0.15096597265613632
29371.545,0.15096635717712448
29371.546,0.15096673228737925
29371.547,0.1509670980612167
29371.548,0.1509674545726074
29371.549,0.1509678013057596
29371.55,0.150968138643747
29371.551,0.15096846639899117
29371.552,0.1509687841030261
29371.553,0.15096909202854109
29371.554,0.15096939043991567
29371.555,0.15096967872146871
29371.556,0.1509699570855794
29371.557,0.15097022557164075
29371.558,0.15097048454928674
29371.559,0.1509707338902887
29371.56,0.15097097328415787
29371.561,0.15097120308532502
29371.562,0.15097142286627777
29371.563,0.15097163263524824
29371.564,0.15097183211028492
29371.565,0.15097202201430596
29371.566,0.1509722020040908
29371.567,0.15097237210573058
29371.568,0.15097253243690245
29371.569,0.15097268323344737
29371.57,0.1509728244083944
29371.571,0.15097295605512376
29371.572,0.1509730781151554
29371.573,0.1509731904597245
29371.574,0.15097329392123604
29371.575,0.15097338833393925
29371.576,0.15097347314233125
29371.577,0.15097354878678507
29371.578,0.15097361522385827
29371.579,0.15097367180351445
29371.58,0.15097371893612627
29371.581,0.15097375671027977
29371.582,0.15097378519709062
29371.583,0.1509738042962254
29371.584,0.15097381406632673
29371.585,0.15097381430121415
29371.586,0.15097380474631414
29371.587,0.15097378579499166
29371.588,0.15097375732808893
29371.589,0.1509737194131713
29371.59,0.15097367191172184
29371.591,0.15097361531476408
29371.592,0.15097354943038604
29371.593,0.15097347407336942
29371.594,0.15097338927278148
29371.595,0.1509732948040234
29371.596,0.15097318959052927
29371.597,0.1509730742660012
29371.598,0.15097294892274588
29371.599,0.1509728135357209
29371.6,0.15097266784122018
29371.601,0.15097251207465967
29371.602,0.15097234570167697
29371.603,0.15097216910609554
29371.604,0.1509719827114226
29371.605,0.1509717859020346
29371.606,0.15097157866295083
29371.607,0.1509713621396119
29371.608,0.15097113619758737
29371.609,0.15097090035870106
29371.61,0.1509706541284693
29371.611,0.15097039849065663
29371.612,0.15097013304652215
29371.613,0.1509698577362166
29371.614,0.15096957268172162
29371.615,0.15096927793843046
29371.616,0.1509689736514893
29371.617,0.1509686599847451
29371.618,0.1509683377575551
29371.619,0.15096800673955155
29371.62,0.15096766715963825
29371.621,0.1509673193738773
29371.622,0.15096696306693838
29371.623,0.15096659929174927
29371.624,0.15096622886797603
29371.625,0.15096585146857916
29371.626,0.15096546712301853
29371.627,0.1509650764438328
29371.628,0.15096467907703995
29371.629,0.15096427475219998
29371.63,0.1509638636798262
29371.631,0.15096344680402843
29371.632,0.15096302426092836
29371.633,0.15096259635961332
29371.634,0.15096216338815346
29371.635,0.15096172537776087
29371.636,0.1509612828260219
29371.637,0.15096083627950987
29371.638,0.15096038568323597
29371.639,0.1509599311515246
29371.64,0.15095947342574192
29371.641,0.1509590132113217
29371.642,0.1509585501029835
29371.643,0.15095808392109342
29371.644,0.15095761513380138
29371.645,0.15095714376370528
29371.646,0.15095666957633108
29371.647,0.1509561924547608
29371.648,0.15095571288110146
29371.649,0.1509552313940508
29371.65,0.15095474855831673
29371.651,0.15095426375916318
29371.652,0.15095377687720052
29371.653,0.15095328834724817
29371.654,0.15095279829123653
29371.655,0.15095230643693416
29371.656,0.15095181272547192
29371.657,0.15095131755987196
29371.658,0.1509508216304869
29371.659,0.1509503240632086
29371.66,0.1509498245051631
29371.661,0.15094932356432364
29371.662,0.15094882068976734
29371.663,0.15094831550818946
29371.664,0.1509478080146556
29371.665,0.15094729822702935
29371.666,0.1509467861003761
29371.667,0.15094627180887235
29371.668,0.15094575532767257
29371.669,0.15094523623340622
29371.67,0.15094471445728927
29371.671,0.15094419024842656
29371.672,0.15094366295504888
29371.673,0.15094313259892453
29371.674,0.15094259989684392
29371.675,0.1509420641829492
29371.676,0.15094152503093192
29371.677,0.15094098292611843
29371.678,0.15094043704501905
29371.679,0.15093988710132455
29371.68,0.15093933281216992
29371.681,0.1509387744226301
29371.682,0.15093821148631117
29371.683,0.15093764399517798
29371.684,0.15093707234362433
29371.685,0.150936496092412
29371.686,0.15093591526967565
29371.687,0.15093532982994817
29371.688,0.1509347394207775
29371.689,0.15093414385232978
29371.69,0.150933543492777
29371.691,0.1509329387920178
29371.692,0.1509323290652749
29371.693,0.15093171399884472
29371.694,0.15093109363628085
29371.695,0.15093046823135087
29371.696,0.15092983679009087
29371.697,0.15092919960188386
29371.698,0.15092855723709883
29371.699,0.1509279094355259
29371.7,0.15092725603877427
29371.701,0.15092659749141424
29371.702,0.1509259332723007
29371.703,0.1509252641781962
29371.704,0.15092458997091446
29371.705,0.15092391010622175
29371.706,0.1509232247530865
29371.707,0.1509225353247936
29371.708,0.15092184131246536
29371.709,0.1509211424544433
29371.71,0.15092043924837983
29371.711,0.15091973220359636
29371.712,0.1509190203534013
29371.713,0.15091830362152797
29371.714,0.1509175819011091
29371.715,0.15091685594327692
29371.716,0.15091612586938408
29371.717,0.1509153922749979
29371.718,0.15091465561128461
29371.719,0.15091391515162203
29371.72,0.15091317126476145
29371.721,0.15091242437845107
29371.722,0.1509116744525271
29371.723,0.150910922506624
29371.724,0.15091016856071907
29371.725,0.15090941249073733
29371.726,0.15090865444337986
29371.727,0.15090789496853152
29371.728,0.15090713434644282
29371.729,0.15090637192957287
29371.73,0.15090560822885488
29371.731,0.15090484393642986
29371.732,0.15090407899049535
29371.733,0.1509033136657203
29371.734,0.1509025483879901
29371.735,0.15090178373413551
29371.736,0.15090101994209348
29371.737,0.15090025715322847
29371.738,0.15089949524100527
29371.739,0.15089873471706436
29371.74,0.1508979763013763
29371.741,0.15089722011954554
29371.742,0.15089646601923803
29371.743,0.1508957141015752
29371.744,0.15089496513158887
29371.745,0.15089421895120567
29371.746,0.15089347496647887
29371.747,0.15089273371615206
29371.748,0.1508919960224285
29371.749,0.15089126214053758
29371.75,0.15089053181085219
29371.751,0.15088980507268732
29371.752,0.15088908221941827
29371.753,0.15088836380969944
29371.754,0.15088764961311293
29371.755,0.15088693969781164
29371.756,0.15088623350564287
29371.757,0.15088553218028147
29371.758,0.15088483593110857
29371.759,0.15088414395594155
29371.76,0.15088345629035294
29371.761,0.15088277347512077
29371.762,0.15088209479210765
29371.763,0.15088141973743463
29371.764,0.1508807482585382
29371.765,0.15088008052772628
29371.766,0.15087941642335886
29371.767,0.15087875600096162
29371.768,0.15087809869941665
29371.769,0.15087744402433478
29371.77,0.15087679222426506
29371.771,0.1508761433079966
29371.772,0.1508754964607274
29371.773,0.15087485147937327
29371.774,0.1508742086180848
29371.775,0.15087356753321038
29371.776,0.1508729275979077
29371.777,0.1508722887381633
29371.778,0.1508716498744408
29371.779,0.150871010372682
29371.78,0.15087036986548608
29371.781,0.15086972845620358
29371.782,0.1508690853786874
29371.783,0.1508684408918073
29371.784,0.15086779420886817
29371.785,0.15086714471842436
29371.786,0.150866492485417
29371.787,0.1508658366489536
29371.788,0.1508651770912351
29371.789,0.1508645134129864
29371.79,0.15086384511675166
29371.791,0.15086317238975833
29371.792,0.1508624945629238
29371.793,0.15086181103878876
29371.794,0.15086112185004089
29371.795,0.1508604266384416
29371.796,0.15085972400006809
29371.797,0.1508590141391712
29371.798,0.15085829683571061
29371.799,0.1508575715738487
29371.8,0.1508568386038942
29371.801,0.15085609795573807
29371.802,0.15085534907735773
29371.803,0.1508545922179726
29371.804,0.15085382723139718
29371.805,0.15085305396455978
29371.806,0.15085227217141137
29371.807,0.15085148259157483
29371.808,0.15085068478967453
29371.809,0.15084987787730136
29371.81,0.15084906223509867
29371.811,0.15084823809648248
29371.812,0.15084740492415774
29371.813,0.15084656322872492
29371.814,0.15084571305452582
29371.815,0.1508448549990919
29371.816,0.1508439886055574
29371.817,0.1508431144499145
29371.818,0.15084223258070764
29371.819,0.1508413431392029
29371.82,0.15084044671417512
29371.821,0.1508395435891551
29371.822,0.15083863339897777
29371.823,0.15083771720974404
29371.824,0.15083679527676538
29371.825,0.15083586776262367
29371.826,0.15083493487247915
29371.827,0.15083399720151683
29371.828,0.1508330548037219
29371.829,0.15083210711419293
29371.83,0.15083115518732604
29371.831,0.15083019956297927
29371.832,0.15082924029261302
29371.833,0.15082827725700834
29371.834,0.15082731119620268
29371.835,0.15082634260247071
29371.836,0.15082537141081662
29371.837,0.15082439816095036
29371.838,0.15082342294479412
29371.839,0.1508224463106233
29371.84,0.15082146892113327
29371.841,0.1508204910197507
29371.842,0.15081951328764504
29371.843,0.15081853527491276
29371.844,0.1508175576600086
29371.845,0.15081658022858146
29371.846,0.15081560237099545
29371.847,0.15081462478212992
29371.848,0.15081364756018314
29371.849,0.150812670945265
29371.85,0.1508116954116299
29371.851,0.1508107208498429
29371.852,0.15080974744361797
29371.853,0.15080877504751522
29371.854,0.15080780398891455
29371.855,0.15080683443128257
29371.856,0.15080586625583273
29371.857,0.1508049004491055
29371.858,0.1508039365378845
29371.859,0.15080297406585874
29371.86,0.1508020131681507
29371.861,0.15080105470963887
29371.862,0.15080009768363875
29371.863,0.15079914166584052
29371.864,0.1507981865377112
29371.865,0.15079723291108416
29371.866,0.15079628059774317
29371.867,0.15079532998724018
29371.868,0.15079438073605964
29371.869,0.15079343293665667
29371.87,0.15079248679398286
29371.871,0.1507915423140227
29371.872,0.1507905989193409
29371.873,0.15078965687586124
29371.874,0.15078871701355828
29371.875,0.15078777912363045
29371.876,0.15078684213591365
29371.877,0.1507859064544021
29371.878,0.15078497192214438
29371.879,0.15078403834746423
29371.88,0.15078310567425865
29371.881,0.150782173984279
29371.882,0.15078124322792058
29371.883,0.15078031326823418
29371.884,0.15077938429412893
29371.885,0.15077845631036635
29371.886,0.15077752967679933
29371.887,0.15077660418665367
29371.888,0.15077568007581038
29371.889,0.15077475693069828
29371.89,0.1507738347103374
29371.891,0.15077291422881733
29371.892,0.15077199527868904
29371.893,0.1507710773778252
29371.894,0.15077016080261796
29371.895,0.15076924549180704
29371.896,0.15076833053100658
29371.897,0.15076741641668406
29371.898,0.15076650332132815
29371.899,0.15076559147357402
29371.9,0.15076468087975767
29371.901,0.1507637712027309
29371.902,0.15076286245890982
29371.903,0.1507619548174874
29371.904,0.15076104891824388
29371.905,0.15076014397986776
29371.906,0.1507592398268644
29371.907,0.15075833716914025
29371.908,0.15075743594831753
29371.909,0.15075653565695807
29371.91,0.15075563678606393
29371.911,0.15075473929745564
29371.912,0.1507538423652122
29371.913,0.1507529459296519
29371.914,0.150752049736355
29371.915,0.15075115397360325
29371.916,0.15075025891555385
29371.917,0.15074936500847178
29371.918,0.15074847217550635
29371.919,0.15074758004229746
29371.92,0.1507466888007959
29371.921,0.15074579875612465
29371.922,0.15074490921195988
29371.923,0.1507440210205717
29371.924,0.1507431341245868
29371.925,0.1507422484992986
29371.926,0.15074136393643733
29371.927,0.15074048062511985
29371.928,0.15073959848565704
29371.929,0.1507387167993483
29371.93,0.15073783585840425
29371.931,0.1507369558473657
29371.932,0.15073607670643432
29371.933,0.15073519890825537
29371.934,0.1507343231186366
29371.935,0.15073344909797542
29371.936,0.1507325768678268
29371.937,0.15073170662062924
29371.938,0.15073083840314205
29371.939,0.15072997203625407
29371.94,0.15072910824856986
29371.941,0.1507282474585996
29371.942,0.15072738925696194
29371.943,0.15072653305317452
29371.944,0.1507256800409081
29371.945,0.15072483004904175
29371.946,0.1507239819903742
29371.947,0.15072313672772747
29371.948,0.15072229436558085
29371.949,0.15072145548046154
29371.95,0.15072061991951322
29371.951,0.15071978797504768
29371.952,0.15071895999482646
29371.953,0.15071813624531372
29371.954,0.15071731711117478
29371.955,0.15071650239579684
29371.956,0.15071569173830718
29371.957,0.15071488590249957
29371.958,0.1507140852852455
29371.959,0.15071328961276914
29371.96,0.15071249900620304
29371.961,0.15071171416905552
29371.962,0.15071093440572073
29371.963,0.15071015978022104
29371.964,0.1507093905362079
29371.965,0.15070862718188952
29371.966,0.15070786968099076
29371.967,0.1507071183684556
29371.968,0.15070637311657453
29371.969,0.15070563377012156
29371.97,0.15070490047415558
29371.971,0.1507041737512284
29371.972,0.15070345340614136
29371.973,0.15070273970517126
29371.974,0.15070203335120821
29371.975,0.15070133350457712
29371.976,0.15070064012440754
29371.977,0.15069995346096543
29371.978,0.1506992733343653
29371.979,0.15069859887723092
29371.98,0.15069792997308515
29371.981,0.15069726730043295
29371.982,0.15069661074757182
29371.983,0.1506959600947849
29371.984,0.15069531553556303
29371.985,0.150694676926246
29371.986,0.15069404392446756
29371.987,0.15069341645068413
29371.988,0.1506927943103481
29371.989,0.15069217742689164
29371.99,0.15069156589258217
29371.991,0.1506909599620419
29371.992,0.15069035913347278
29371.993,0.15068976241448612
29371.994,0.1506891699302203
29371.995,0.15068858132791485
29371.996,0.15068799543623063
29371.997,0.1506874123240108
29371.998,0.1506868317144143
29371.999,0.15068625338488328
29372.0,0.1506856769362027
29372.001,0.15068510245452812
29372.002,0.15068452930969997
29372.003,0.15068395713219793
29372.004,0.15068338580392732
29372.005,0.1506828144215982
29372.006,0.1506822427360348
29372.007,0.15068167097326657
29372.008,0.15068109872944838
29372.009,0.15068052509896876
29372.01,0.15067994975171176
29372.011,0.150679372279104
29372.012,0.15067879213941457
29372.013,0.150678208688776
29372.014,0.15067762192383863
29372.015,0.1506770313475847
29372.016,0.15067643703460892
29372.017,0.15067583842203686
29372.018,0.15067523555282392
29372.019,0.15067462779527716
29372.02,0.15067401535016303
29372.021,0.1506733979050003
29372.022,0.15067277478751506
29372.023,0.15067214643112758
29372.024,0.15067151295599646
29372.025,0.1506708740782972
29372.026,0.15067022911605515
29372.027,0.15066957883156656
29372.028,0.15066892261022255
29372.029,0.1506682600556945
29372.03,0.1506675913415632
29372.031,0.1506669171120221
29372.032,0.1506662367232708
29372.033,0.15066555101506326
29372.034,0.15066486007599225
29372.035,0.15066416420482687
29372.036,0.15066346337952494
29372.037,0.1506627580793927
29372.038,0.15066204827464166
29372.039,0.15066133426749503
29372.04,0.1506606170074173
29372.041,0.15065989676012953
29372.042,0.15065917376869747
29372.043,0.1506584481742113
29372.044,0.15065772088088564
29372.045,0.15065699124844564
29372.046,0.15065625892445994
29372.047,0.15065552516992373
29372.048,0.15065479025909392
29372.049,0.15065405517046185
29372.05,0.15065332012129007
29372.051,0.15065258547696175
29372.052,0.15065185121499608
29372.053,0.15065111783740412
29372.054,0.15065038562248717
29372.055,0.15064965490568544
29372.056,0.15064892544087338
29372.057,0.15064819855829714
29372.058,0.15064747431709768
29372.059,0.15064675286785828
29372.06,0.1506460343233839
29372.061,0.15064531919409216
29372.062,0.15064460679541175
29372.063,0.15064389714186416
29372.064,0.15064319031484966
29372.065,0.15064248651061643
29372.066,0.150641785948035
29372.067,0.15064108868795364
29372.068,0.150640394929534
29372.069,0.1506397044903646
29372.07,0.15063901738385813
29372.071,0.1506383341589019
29372.072,0.15063765369193816
29372.073,0.15063697634105144
29372.074,0.15063630254923885
29372.075,0.15063563153488643
29372.076,0.15063496329090298
29372.077,0.15063429769704817
29372.078,0.15063363492869133
29372.079,0.15063297404950873
29372.08,0.1506323151257268
29372.081,0.15063165812459017
29372.082,0.1506310022856011
29372.083,0.15063034733258082
29372.084,0.1506296935928493
29372.085,0.1506290407256733
29372.086,0.15062838839519083
29372.087,0.15062773699730278
29372.088,0.15062708573075068
29372.089,0.1506264340462065
29372.09,0.1506257822656495
29372.091,0.15062513074452605
29372.092,0.1506244788878456
29372.093,0.1506238260043867
29372.094,0.15062317286519672
29372.095,0.15062251898110482
29372.096,0.1506218635448518
29372.097,0.15062120664829048
29372.098,0.15062054821048118
29372.099,0.15061988853244845
29372.1,0.1506192275370202
29372.101,0.15061856523722145
29372.102,0.15061790092515462
29372.103,0.15061723522839507
29372.104,0.15061656794311484
29372.105,0.15061589867673839
29372.106,0.15061522704453037
29372.107,0.1506145538544869
29372.108,0.15061387931521666
29372.109,0.15061320293649286
29372.11,0.1506125248327782
29372.111,0.15061184536705835
29372.112,0.1506111641507846
29372.113,0.15061048088259013
29372.114,0.15060979570087193
29372.115,0.15060910849458278
29372.116,0.15060841926156845
29372.117,0.15060772815817478
29372.118,0.15060703527337693
29372.119,0.15060634022064093
29372.12,0.15060564336354634
29372.121,0.15060494496189825
29372.122,0.1506042444185854
29372.123,0.1506035423418557
29372.124,0.15060283907513464
29372.125,0.15060213432745745
29372.126,0.15060142771533322
29372.127,0.15060071976140219
29372.128,0.15060001024499964
29372.129,0.15059929856746443
29372.13,0.15059858490711764
29372.131,0.15059786951644705
29372.132,0.15059715218559647
29372.133,0.15059643333803438
29372.134,0.15059571291329615
29372.135,0.1505949906918542
29372.136,0.15059426685269625
29372.137,0.15059354199779393
29372.138,0.15059281588136283
29372.139,0.150592088479133
29372.14,0.15059136008714574
29372.141,0.15059063086913135
29372.142,0.15058990093306313
29372.143,0.1505891694678133
29372.144,0.15058843713872758
29372.145,0.150587703875966
29372.146,0.15058696921366554
29372.147,0.15058623388167086
29372.148,0.15058549785729414
29372.149,0.15058476159924422
29372.15,0.1505840248044205
29372.151,0.1505832876187814
29372.152,0.15058255032401816
29372.153,0.15058181292607023
29372.154,0.15058107572225218
29372.155,0.15058033864076062
29372.156,0.15057960165799888
29372.157,0.15057886611455534
29372.158,0.15057813206480394
29372.159,0.15057739962248623
29372.16,0.15057666815091933
29372.161,0.15057593823285678
29372.162,0.15057520952716125
29372.163,0.15057448225400458
29372.164,0.15057375613273444
29372.165,0.1505730318704258
29372.166,0.15057230982292913
29372.167,0.1505715902432627
29372.168,0.15057087308601264
29372.169,0.15057015814710523
29372.17,0.15056944582115603
29372.171,0.15056873648642907
29372.172,0.15056802943507164
29372.173,0.15056732528302288
29372.174,0.15056662427963763
29372.175,0.15056592613237996
29372.176,0.15056523081633702
29372.177,0.15056453886842697
29372.178,0.15056385018719493
29372.179,0.15056316371415956
29372.18,0.15056247969352962
29372.181,0.15056179843920448
29372.182,0.15056111961333057
29372.183,0.15056044329968046
29372.184,0.15055976984455868
29372.185,0.1505590989678938
29372.186,0.15055843053561502
29372.187,0.1505577645705013
29372.188,0.1505571005347603
29372.189,0.15055643784083217
29372.19,0.15055577750389307
29372.191,0.15055511927755674
29372.192,0.15055446272283493
29372.193,0.15055380760114548
29372.194,0.15055315383050435
29372.195,0.15055250085655508
29372.196,0.15055184763275292
29372.197,0.15055119474726844
29372.198,0.15055054216380628
29372.199,0.15054988964233426
29372.2,0.15054923688540184
29372.201,0.15054858390926698
29372.202,0.15054792990464524
29372.203,0.15054727550501823
29372.204,0.15054662051948264
29372.205,0.1505459649074914
29372.206,0.1505453083730074
29372.207,0.15054465164914246
29372.208,0.15054399446362104
29372.209,0.15054333592588784
29372.21,0.15054267663132617
29372.211,0.15054201630793548
29372.212,0.1505413546765655
29372.213,0.15054069139129206
29372.214,0.1505400266764701
29372.215,0.15053936078972321
29372.216,0.15053869388832855
29372.217,0.15053802622540563
29372.218,0.15053735798684864
29372.219,0.1505366889549421
29372.22,0.15053601928320845
29372.221,0.15053534890589856
29372.222,0.15053467753730942
29372.223,0.1505340059878363
29372.224,0.1505333346677018
29372.225,0.15053266374557583
29372.226,0.1505319931598638
29372.227,0.15053132358379145
29372.228,0.15053065496265516
29372.229,0.1505299864580133
29372.23,0.15052931878373166
29372.231,0.15052865247330385
29372.232,0.15052798734380515
29372.233,0.1505273242709213
29372.234,0.15052666376454088
29372.235,0.1505260059185101
29372.236,0.15052535071625484
29372.237,0.15052469860572656
29372.238,0.15052404934591246
29372.239,0.1505234031398543
29372.24,0.150522760753658
29372.241,0.15052212305558213
29372.242,0.15052149000131426
29372.243,0.15052086100847015
29372.244,0.1505202369350176
29372.245,0.1505196181437337
29372.246,0.15051900342952537
29372.247,0.1505183937760914
29372.248,0.15051778914834346
29372.249,0.1505171899231796
29372.25,0.1505165962308662
29372.251,0.15051600862787085
29372.252,0.15051542698845105
29372.253,0.15051485157727185
29372.254,0.1505142827549802
29372.255,0.15051372024070298
29372.256,0.15051316404230192
29372.257,0.15051261470912813
29372.258,0.15051207225319657
29372.259,0.15051153633346565
29372.26,0.1505110063954698
29372.261,0.15051048377704396
29372.262,0.15050996761453544
29372.263,0.15050945756287742
29372.264,0.15050895366496408
29372.265,0.15050845671097662
29372.266,0.15050796636306396
29372.267,0.15050748282984627
29372.268,0.15050700591917598
29372.269,0.15050653524579866
29372.27,0.15050607108053057
29372.271,0.1505056134838124
29372.272,0.15050516179260942
29372.273,0.15050471650746067
29372.274,0.15050427816569534
29372.275,0.1505038467212602
29372.276,0.1505034215244093
29372.277,0.15050300286500445
29372.278,0.1505025901304991
29372.279,0.15050218276655702
29372.28,0.15050178113023263
29372.281,0.15050138547345027
29372.282,0.1505009954391818
29372.283,0.1505006113385418
29372.284,0.15050023322376188
29372.285,0.1504998610953871
29372.286,0.1504994943996552
29372.287,0.15049913372366933
29372.288,0.15049877830714534
29372.289,0.15049842802685634
29372.29,0.15049808384110697
29372.291,0.1504977458000951
29372.292,0.15049741374278208
29372.293,0.1504970866518996
29372.294,0.15049676508614626
29372.295,0.15049644924997738
29372.296,0.15049613800304337
29372.297,0.15049583187286902
29372.298,0.1504955305427882
29372.299,0.15049523421681382
29372.3,0.1504949431600113
29372.301,0.15049465763687508
29372.302,0.15049437689956213
29372.303,0.15049410161713045
29372.304,0.15049383160033486
29372.305,0.15049356633515798
29372.306,0.1504933056776863
29372.307,0.15049305035007904
29372.308,0.1504928002390975
29372.309,0.15049255517247068
29372.31,0.1504923152505603
29372.311,0.1504920802418627
29372.312,0.1504918496068453
29372.313,0.1504916228124252
29372.314,0.150491400133689
29372.315,0.15049118131116918
29372.316,0.15049096637030557
29372.317,0.15049075531576758
29372.318,0.15049054836752274
29372.319,0.15049034506925252
29372.32,0.15049014545876432
29372.321,0.15048994995813975
29372.322,0.15048975801787692
29372.323,0.15048956974426486
29372.324,0.15048938554065214
29372.325,0.1504892050718437
29372.326,0.15048902764257677
29372.327,0.15048885356661879
29372.328,0.15048868298978724
29372.329,0.15048851477883632
29372.33,0.15048834886328488
29372.331,0.15048818589845006
29372.332,0.1504880250361734
29372.333,0.1504878665730701
29372.334,0.15048770997312927
29372.335,0.1504875558183303
29372.336,0.15048740378138376
29372.337,0.15048725430297658
29372.338,0.1504871069217925
29372.339,0.15048696162910205
29372.34,0.1504868188681529
29372.341,0.15048667923095163
29372.342,0.1504865418623189
29372.343,0.15048640675910663
29372.344,0.1504862744294461
29372.345,0.15048614462799778
29372.346,0.15048601601443243
29372.347,0.1504858896385796
29372.348,0.15048576573560515
29372.349,0.15048564460885822
29372.35,0.15048552645219718
29372.351,0.15048541107387234
29372.352,0.1504852982757967
29372.353,0.1504851884998221
29372.354,0.15048508220155138
29372.355,0.1504849795603724
29372.356,0.1504848803829355
29372.357,0.15048478567586682
29372.358,0.1504846961218613
29372.359,0.15048461122967577
29372.36,0.15048453118711352
29372.361,0.15048445707434357
29372.362,0.15048438777940154
29372.363,0.15048432378677254
29372.364,0.1504842653674655
29372.365,0.15048421278875926
29372.366,0.1504841660978513
29372.367,0.1504841259185457
29372.368,0.1504840921821433
29372.369,0.1504840653593411
29372.37,0.1504840464232099
29372.371,0.1504840354888186
29372.372,0.15048403200715577
29372.373,0.150484037220921
29372.374,0.15048405127077513
29372.375,0.15048407437370373
29372.376,0.1504841062392644
29372.377,0.15048414765915427
29372.378,0.1504841985780933
29372.379,0.15048425869703805
29372.38,0.15048432808137727
29372.381,0.15048440685476583
29372.382,0.15048449493785013
29372.383,0.1504845930871186
29372.384,0.15048470107164758
29372.385,0.15048481921247708
29372.386,0.15048494710687976
29372.387,0.15048508555138207
29372.388,0.1504852336592161
29372.389,0.15048539182133608
29372.39,0.15048556049809378
29372.391,0.15048574003386214
29372.392,0.15048592933000352
29372.393,0.1504861284359254
29372.394,0.150486337619247
29372.395,0.15048655664743366
29372.396,0.15048678444635882
29372.397,0.15048702157147784
29372.398,0.15048726782586208
29372.399,0.1504875232211489
29372.4,0.15048778745693828
29372.401,0.15048806018398575
29372.402,0.15048834108493506
29372.403,0.1504886302468686
29372.404,0.15048892785715823
29372.405,0.15048923311820808
29372.406,0.15048954563789058
29372.407,0.15048986586162874
29372.408,0.1504901934098338
29372.409,0.15049052791626352
29372.41,0.15049086858972294
29372.411,0.15049121561172352
29372.412,0.1504915687335264
29372.413,0.15049192691914126
29372.414,0.15049229002956185
29372.415,0.15049265805581205
29372.416,0.15049303074851017
29372.417,0.1504934079882941
29372.418,0.150493789360076
29372.419,0.15049417457486766
29372.42,0.15049456324158875
29372.421,0.1504949556892174
29372.422,0.15049535076265508
29372.423,0.15049574875371707
29372.424,0.1504961501836521
29372.425,0.1504965542037492
29372.426,0.15049696003425625
29372.427,0.1504973680306713
29372.428,0.1504977781230603
29372.429,0.15049818860534694
29372.43,0.15049860010935945
29372.431,0.1504990131055386
29372.432,0.15049942673615282
29372.433,0.15049984134732905
29372.434,0.15050025714277396
29372.435,0.15050067415143514
29372.436,0.1505010914313551
29372.437,0.1505015094235535
29372.438,0.15050192751431501
29372.439,0.15050234553312045
29372.44,0.1505027641536866
29372.441,0.15050318355586428
29372.442,0.1505036032044316
29372.443,0.1505040230365738
29372.444,0.15050444310200756
29372.445,0.15050486313749467
29372.446,0.15050528264923288
29372.447,0.15050570205626257
29372.448,0.15050612159120536
29372.449,0.15050654085336052
29372.45,0.1505069600416584
29372.451,0.15050737863064637
29372.452,0.15050779687433077
29372.453,0.15050821534469705
29372.454,0.15050863379909554
29372.455,0.15050905194672104
29372.456,0.15050946959992034
29372.457,0.1505098880358921
29372.458,0.15051030733874718
29372.459,0.1505107267442141
29372.46,0.1505111468019616
29372.461,0.15051156813336813
29372.462,0.15051198958269996
29372.463,0.15051241124078954
29372.464,0.15051283290911982
29372.465,0.15051325502848273
29372.466,0.1505136774058576
29372.467,0.15051410029690193
29372.468,0.1505145237322399
29372.469,0.15051494789416547
29372.47,0.1505153730047942
29372.471,0.15051579914721053
29372.472,0.1505162257664764
29372.473,0.1505166538073226
29372.474,0.1505170836134041
29372.475,0.15051751562754964
29372.476,0.15051794954192402
29372.477,0.1505183857257401
29372.478,0.15051882421081242
29372.479,0.1505192639644676
29372.48,0.15051970522312125
29372.481,0.15052014830012952
29372.482,0.15052059375121815
29372.483,0.15052104135528036
29372.484,0.1505214911944316
29372.485,0.15052194376522288
29372.486,0.15052239867814207
29372.487,0.15052285673653576
29372.488,0.15052331698608518
29372.489,0.15052377990545132
29372.49,0.15052424599403597
29372.491,0.15052471573605417
29372.492,0.15052518860913486
29372.493,0.15052566465615783
29372.494,0.1505261439013222
29372.495,0.15052662669890793
29372.496,0.15052711193175608
29372.497,0.15052760010567665
29372.498,0.1505280909839345
29372.499,0.1505285846795081
29372.5,0.15052908112145302
29372.501,0.15052958040016248
29372.502,0.15053008253515127
29372.503,0.15053058714426062
29372.504,0.15053109463666764
29372.505,0.15053160428834333
29372.506,0.15053211559063195
29372.507,0.15053262935698392
29372.508,0.15053314557058742
29372.509,0.15053366391308554
29372.51,0.15053418388206014
29372.511,0.15053470601027794
29372.512,0.150535229197224
29372.513,0.1505357525630902
29372.514,0.15053627642061002
29372.515,0.15053680078218332
29372.516,0.15053732520779142
29372.517,0.15053784946848509
29372.518,0.15053837295678435
29372.519,0.15053889571513052
29372.52,0.15053941755657396
29372.521,0.15053993852196
29372.522,0.1505404573648724
29372.523,0.1505409745575364
29372.524,0.15054149009590065
29372.525,0.15054200328311423
29372.526,0.15054251335040156
29372.527,0.15054302122909938
29372.528,0.15054352638652163
29372.529,0.1505440269369328
29372.53,0.15054452333676127
29372.531,0.15054501514908833
29372.532,0.15054550171631506
29372.533,0.15054598273018333
29372.534,0.15054645833122962
29372.535,0.15054692826990396
29372.536,0.15054739186147575
29372.537,0.1505478491628773
29372.538,0.15054829944086295
29372.539,0.15054874248931469
29372.54,0.15054917876738158
29372.541,0.15054960827290023
29372.542,0.15055003029687233
29372.543,0.15055044478337173
29372.544,0.15055085196272053
29372.545,0.15055125146850248
29372.546,0.15055164233215926
29372.547,0.15055202436932308
29372.548,0.15055239812284854
29372.549,0.15055276327428221
29372.55,0.1505531201482086
29372.551,0.1505534686109231
29372.552,0.15055380886481648
29372.553,0.15055414094333122
29372.554,0.15055446504945388
29372.555,0.1505547812548725
29372.556,0.15055508923843525
29372.557,0.15055538971825982
29372.558,0.15055568270305103
29372.559,0.15055596836480034
29372.56,0.15055624669099124
29372.561,0.15055651799429975
29372.562,0.15055678177595466
29372.563,0.15055703847111693
29372.564,0.15055728798149026
29372.565,0.15055753053568754
29372.566,0.1505577666798794
29372.567,0.15055799728641145
29372.568,0.1505582222894003
29372.569,0.1505584421541369
29372.57,0.15055865738834978
29372.571,0.1505588680997784
29372.572,0.15055907394222603
29372.573,0.15055927627167692
29372.574,0.15055947523615607
29372.575,0.15055967103795073
29372.576,0.15055986342065855
29372.577,0.15056005298843508
29372.578,0.15056024012077052
29372.579,0.1505604242182562
29372.58,0.15056060572069052
29372.581,0.15056078523278604
29372.582,0.15056096254799797
29372.583,0.15056113805119714
29372.584,0.1505613124410804
29372.585,0.15056148517445694
29372.586,0.15056165652180567
29372.587,0.15056182681097513
29372.588,0.15056199546000681
29372.589,0.15056216283766424
29372.59,0.15056232932133243
29372.591,0.15056249563912122
29372.592,0.15056266116580905
29372.593,0.15056282582630331
29372.594,0.1505629900370993
29372.595,0.15056315323571598
29372.596,0.15056331439082665
29372.597,0.15056347361184796
29372.598,0.15056363081328122
29372.599,0.1505637859110424
29372.6,0.15056393892897876
29372.601,0.15056409015876263
29372.602,0.1505642389468058
29372.603,0.15056438488136153
29372.604,0.15056452797093495
29372.605,0.15056466744442146
29372.606,0.15056480302822645
29372.607,0.15056493579126887
29372.608,0.15056506544081658
29372.609,0.150565191363295
29372.61,0.15056531290752437
29372.611,0.15056543030891023
29372.612,0.1505655427756377
29372.613,0.1505656495146296
29372.614,0.1505657500628962
29372.615,0.15056584477825272
29372.616,0.15056593343991448
29372.617,0.15056601585961085
29372.618,0.15056609220308115
29372.619,0.15056616252931745
29372.62,0.150566226476617
29372.621,0.1505662836632497
29372.622,0.15056633346997067
29372.623,0.15056637615557739
29372.624,0.150566411982671
29372.625,0.15056644083260873
29372.626,0.15056646262376772
29372.627,0.15056647782003157
29372.628,0.1505664857169077
29372.629,0.15056648587950405
29372.63,0.15056647861412484
29372.631,0.15056646392835554
29372.632,0.1505664415860364
29372.633,0.1505664120246875
29372.634,0.15056637573954745
29372.635,0.15056633275392234
29372.636,0.15056628305023653
29372.637,0.1505662272980583
29372.638,0.15056616548775828
29372.639,0.15056609772786098
29372.64,0.15056602497962585
29372.641,0.15056594723426409
29372.642,0.15056586459451993
29372.643,0.1505657775343531
29372.644,0.15056568592762098
29372.645,0.15056558983795792
29372.646,0.15056548895973404
29372.647,0.15056538385667997
29372.648,0.15056527545406548
29372.649,0.15056516368012532
29372.65,0.15056504906156523
29372.651,0.1505649316327646
29372.652,0.15056481184660536
29372.653,0.15056469054040972
29372.654,0.15056456783842154
29372.655,0.15056444367444335
29372.656,0.150564318122473
29372.657,0.15056419229819276
29372.658,0.15056406658762367
29372.659,0.15056394106805437
29372.66,0.15056381551685263
29372.661,0.15056369059418462
29372.662,0.15056356582212035
29372.663,0.15056344140813338
29372.664,0.1505633172837102
29372.665,0.1505631945331403
29372.666,0.15056307365802893
29372.667,0.1505629547956577
29372.668,0.15056283766968284
29372.669,0.15056272285742045
29372.67,0.15056260964586576
29372.671,0.15056249881308653
29372.672,0.15056239035120328
29372.673,0.15056228518142578
29372.674,0.15056218324836965
29372.675,0.1505620851330572
29372.676,0.1505619904943656
29372.677,0.1505619001791508
29372.678,0.15056181408125624
29372.679,0.1505617308711321
29372.68,0.15056165089255957
29372.681,0.15056157508873055
29372.682,0.15056150312968536
29372.683,0.1505614354870263
29372.684,0.15056137201607375
29372.685,0.15056131278730933
29372.686,0.15056125796559505
29372.687,0.15056120731682843
29372.688,0.1505611605563931
29372.689,0.1505611182960658
29372.69,0.15056108111109906
29372.691,0.15056104915319454
29372.692,0.15056102177075803
29372.693,0.15056099900984876
29372.694,0.15056098079886288
29372.695,0.15056096706952546
29372.696,0.15056095715688472
29372.697,0.15056095150198912
29372.698,0.150560950232362
29372.699,0.15056095335657882
29372.7,0.15056096114488998
29372.701,0.15056097338030686
29372.702,0.15056098938708806
29372.703,0.15056100958549606
29372.704,0.15056103439089774
29372.705,0.15056106345868112
29372.706,0.15056109675843618
29372.707,0.15056113490385492
29372.708,0.15056117773679814
29372.709,0.15056122463920976
29372.71,0.1505612753190128
29372.711,0.15056133055246607
29372.712,0.15056138930005297
29372.713,0.15056145126465123
29372.714,0.1505615169099333
29372.715,0.15056158683716317
29372.716,0.15056166079191516
29372.717,0.15056173877077023
29372.718,0.1505618208540477
29372.719,0.15056190657655802
29372.72,0.150561996011215
29372.721,0.1505620894630681
29372.722,0.15056218624566461
29372.723,0.15056228680588074
29372.724,0.15056239211749597
29372.725,0.1505625013539521
29372.726,0.15056261469726975
29372.727,0.15056273204086879
29372.728,0.15056285348477094
29372.729,0.15056297796675633
29372.73,0.1505631054920741
29372.731,0.15056323664466215
29372.732,0.15056337190672808
29372.733,0.15056351108750196
29372.734,0.1505636543574552
29372.735,0.15056380159252405
29372.736,0.15056395284830226
29372.737,0.15056410821312974
29372.738,0.1505642674745531
29372.739,0.15056443044183662
29372.74,0.15056459797797347
29372.741,0.15056476995380705
29372.742,0.1505649463161145
29372.743,0.15056512678004602
29372.744,0.15056531147174979
29372.745,0.15056550071048022
29372.746,0.15056569355805755
29372.747,0.150565890449297
29372.748,0.15056609172797727
29372.749,0.15056629739537944
29372.75,0.15056650778265926
29372.751,0.15056672259789344
29372.752,0.15056694175529386
29372.753,0.15056716534946243
29372.754,0.1505673934167028
29372.755,0.15056762609554855
29372.756,0.15056786282661416
29372.757,0.15056810450497776
29372.758,0.1505683512643785
29372.759,0.15056860318334817
29372.76,0.15056885951631452
29372.761,0.15056912132062986
29372.762,0.150569387682569
29372.763,0.15056965816397302
29372.764,0.15056993285381842
29372.765,0.15057021239568497
29372.766,0.15057049644841924
29372.767,0.1505707851708078
29372.768,0.1505710788500904
29372.769,0.15057137769607154
29372.77,0.15057168166653517
29372.771,0.15057199145128553
29372.772,0.15057230603399846
29372.773,0.1505726254634624
29372.774,0.15057295026339584
29372.775,0.15057328028651215
29372.776,0.15057361489207782
29372.777,0.15057395485447456
29372.778,0.15057429971636108
29372.779,0.15057464827700218
29372.78,0.1505750011052245
29372.781,0.1505753586136455
29372.782,0.15057572012128692
29372.783,0.15057608597094815
29372.784,0.1505764558764405
29372.785,0.15057682993205657
29372.786,0.1505772078160529
29372.787,0.15057758999391063
29372.788,0.15057797647538973
29372.789,0.15057836667337174
29372.79,0.15057876084361826
29372.791,0.15057915887400414
29372.792,0.1505795607469253
29372.793,0.1505799658065762
29372.794,0.15058037434216107
29372.795,0.15058078577028522
29372.796,0.15058119929990568
29372.797,0.15058161476539475
29372.798,0.15058203228833608
29372.799,0.1505824516983813
29372.8,0.15058287270818904
29372.801,0.15058329484628963
29372.802,0.15058371776860147
29372.803,0.15058414153400626
29372.804,0.15058456630144587
29372.805,0.15058499073191628
29372.806,0.15058541460323083
29372.807,0.15058583868932993
29372.808,0.1505862628121372
29372.809,0.15058668597775376
29372.81,0.15058710806457135
29372.811,0.15058752952006782
29372.812,0.15058794889244104
29372.813,0.15058836618608953
29372.814,0.15058878081165517
29372.815,0.15058919275463772
29372.816,0.15058960106919575
29372.817,0.15059000617816282
29372.818,0.15059040793863
29372.819,0.1505908055168239
29372.82,0.15059119909715082
29372.821,0.15059158865221525
29372.822,0.15059197365442398
29372.823,0.15059235449333672
29372.824,0.15059273138619234
29372.825,0.15059310354200367
29372.826,0.15059347113558505
29372.827,0.15059383406060967
29372.828,0.15059419195408982
29372.829,0.15059454405550515
29372.83,0.150594890687995
29372.831,0.15059523201436187
29372.832,0.15059556774517016
29372.833,0.15059589768439507
29372.834,0.15059622248639276
29372.835,0.15059654186498328
29372.836,0.1505968555585608
29372.837,0.15059716366846868
29372.838,0.15059746598599388
29372.839,0.15059776249788123
29372.84,0.15059805386413938
29372.841,0.15059834024197316
29372.842,0.15059862162173102
29372.843,0.1505988980293305
29372.844,0.15059916991404546
29372.845,0.1505994368274054
29372.846,0.15059969799553344
29372.847,0.15059995412349853
29372.848,0.1506002054897366
29372.849,0.15060045269768324
29372.85,0.15060069519198432
29372.851,0.15060093294438254
29372.852,0.15060116664712053
29372.853,0.1506013965618041
29372.854,0.15060162305062896
29372.855,0.1506018458610196
29372.856,0.15060206445661212
29372.857,0.15060228037597173
29372.858,0.15060249360558245
29372.859,0.1506027040810088
29372.86,0.15060291150357083
29372.861,0.15060311675110824
29372.862,0.1506033187406948
29372.863,0.15060351767676908
29372.864,0.1506037142137297
29372.865,0.15060390825611794
29372.866,0.15060409963849408
29372.867,0.15060428894338057
29372.868,0.15060447638984067
29372.869,0.15060466184901453
29372.87,0.15060484552827344
29372.871,0.1506050276685298
29372.872,0.15060520800290966
29372.873,0.15060538679449634
29372.874,0.15060556517192297
29372.875,0.15060574324298864
29372.876,0.15060592049998678
29372.877,0.15060609767537975
29372.878,0.15060627427729972
29372.879,0.150606448938859
29372.88,0.1506066226142214
29372.881,0.15060679588256845
29372.882,0.15060696869304746
29372.883,0.15060714150266377
29372.884,0.15060731402360972
29372.885,0.15060748673563804
29372.886,0.15060765952121774
29372.887,0.15060783280006598
29372.888,0.15060800605077854
29372.889,0.15060817935869877
29372.89,0.15060835404559633
29372.891,0.15060853010352723
29372.892,0.15060870716202715
29372.893,0.15060888508570192
29372.894,0.15060906448488534
29372.895,0.15060924508822715
29372.896,0.15060942678245487
29372.897,0.15060960953061486
29372.898,0.15060979411473818
29372.899,0.15060998017674185
29372.9,0.15061016793565352
29372.901,0.15061035766858633
29372.902,0.1506105494486205
29372.903,0.15061074347486436
29372.904,0.15061094021051089
29372.905,0.15061113886821392
29372.906,0.15061134007391663
29372.907,0.15061154449899974
29372.908,0.15061175178899383
29372.909,0.1506119618341742
29372.91,0.15061217488431206
29372.911,0.1506123912195379
29372.912,0.15061261001625934
29372.913,0.15061283143115622
29372.914,0.15061305559107444
29372.915,0.15061328290702158
29372.916,0.15061351311184534
29372.917,0.15061374673271147
29372.918,0.15061398318201305
29372.919,0.15061422253371207
29372.92,0.1506144648719393
29372.921,0.15061471026537765
29372.922,0.15061495779544387
29372.923,0.15061520761885022
29372.924,0.15061546043738644
29372.925,0.15061571570310642
29372.926,0.1506159733823473
29372.927,0.15061623351587675
29372.928,0.15061649589436824
29372.929,0.15061675913100328
29372.93,0.15061702326578913
29372.931,0.15061728836230928
29372.932,0.15061755387819384
29372.933,0.15061781925269416
29372.934,0.15061808436777707
29372.935,0.15061834940933921
29372.936,0.15061861341098828
29372.937,0.1506188772595156
29372.938,0.15061913992324655
29372.939,0.15061940110019348
29372.94,0.1506196606089328
29372.941,0.1506199184577216
29372.942,0.15062017379123607
29372.943,0.15062042645084628
29372.944,0.15062067612221727
29372.945,0.15062092183530468
29372.946,0.15062116276567786
29372.947,0.15062139937324084
29372.948,0.1506216306794717
29372.949,0.15062185648964585
29372.95,0.15062207594566276
29372.951,0.15062228924684906
29372.952,0.15062249615155343
29372.953,0.1506226959511829
29372.954,0.15062288846446834
29372.955,0.1506230728230041
29372.956,0.15062324885204945
29372.957,0.15062341711513028
29372.958,0.15062357689015254
29372.959,0.1506237277167413
29372.96,0.1506238688657111
29372.961,0.15062400062584824
29372.962,0.1506241222236304
29372.963,0.15062423288607737
29372.964,0.1506243328082836
29372.965,0.15062442177121066
29372.966,0.15062449994134788
29372.967,0.15062456702971788
29372.968,0.15062462276830743
29372.969,0.15062466687442042
29372.97,0.15062469939940237
29372.971,0.1506247201938844
29372.972,0.15062472857767542
29372.973,0.1506247251583684
29372.974,0.15062471047740394
29372.975,0.1506246842055371
29372.976,0.15062464557001295
29372.977,0.1506245955220918
29372.978,0.15062453390849181
29372.979,0.15062445957623788
29372.98,0.1506243731665794
29372.981,0.15062427522355096
29372.982,0.1506241658224712
29372.983,0.15062404520452785
29372.984,0.1506239130392661
29372.985,0.15062376966564087
29372.986,0.15062361583022638
29372.987,0.15062345192755855
29372.988,0.15062327776072107
29372.989,0.15062309376194274
29372.99,0.15062290010716328
29372.991,0.15062269719907195
29372.992,0.1506224855215224
29372.993,0.150622265490729
29372.994,0.15062203747416558
29372.995,0.15062180132885883
29372.996,0.1506215571899555
29372.997,0.15062130534915102
29372.998,0.1506210463685412
29372.999,0.15062078078209787
29373.0,0.1506205095906281
29373.001,0.15062023329112323
29373.002,0.15061995191723673
29373.003,0.1506196661554999
29373.004,0.15061937658702818
29373.005,0.15061908305350027
29373.006,0.15061878587909489
29373.007,0.15061848681428625
29373.008,0.1506181859759226
29373.009,0.1506178833822764
29373.01,0.1506175794542669
29373.011,0.15061727490278987
29373.012,0.15061696979759473
29373.013,0.15061666398344123
29373.014,0.15061635815719146
29373.015,0.15061605256721694
29373.016,0.15061574775692502
29373.017,0.1506154440583115
29373.018,0.15061514205627172
29373.019,0.15061484208768722
29373.02,0.15061454425091367
29373.021,0.15061424931201015
29373.022,0.15061395702651043
29373.023,0.15061366816607819
29373.024,0.1506133833325109
29373.025,0.15061310204986642
29373.026,0.15061282459069075
29373.027,0.15061255181623276
29373.028,0.1506122832673356
29373.029,0.15061201822901557
29373.03,0.1506117573614595
29373.031,0.15061150084786465
29373.032,0.15061124873172474
29373.033,0.1506110014573275
29373.034,0.15061075946471097
29373.035,0.15061052270705708
29373.036,0.1506102901470621
29373.037,0.15061006316519265
29373.038,0.15060984031922686
29373.039,0.1506096215133518
29373.04,0.15060940742183745
29373.041,0.15060919856011248
29373.042,0.15060899431893104
29373.043,0.15060879465901644
29373.044,0.1506085996591419
29373.045,0.150608408781385
29373.046,0.15060822131094725
29373.047,0.15060803745689846
29373.048,0.1506078569444199
29373.049,0.15060768025094445
29373.05,0.1506075071613108
29373.051,0.1506073371291328
29373.052,0.15060717004584645
29373.053,0.15060700557822723
29373.054,0.15060684430797341
29373.055,0.1506066854582362
29373.056,0.15060652868297172
29373.057,0.15060637430219984
29373.058,0.15060622258742146
29373.059,0.15060607313470484
29373.06,0.1506059258730971
29373.061,0.1506057811705722
29373.062,0.1506056381946412
29373.063,0.1506054962530359
29373.064,0.15060535606973174
29373.065,0.15060521735344673
29373.066,0.15060508007392007
29373.067,0.15060494424346718
29373.068,0.15060481058582298
29373.069,0.1506046788973207
29373.07,0.15060454938409448
29373.071,0.15060442187433049
29373.072,0.15060429633639746
29373.073,0.150604173832716
29373.074,0.1506040542439537
29373.075,0.1506039376588588
29373.076,0.1506038237161318
29373.077,0.1506037132330798
29373.078,0.1506036062388149
29373.079,0.15060350217724547
29373.08,0.15060340182510332
29373.081,0.15060330601596036
29373.082,0.15060321465600848
29373.083,0.15060312795239447
29373.084,0.15060304606228558
29373.085,0.1506029699412797
29373.086,0.15060289998826676
29373.087,0.15060283645017788
29373.088,0.1506027793672082
29373.089,0.15060272949756398
29373.09,0.15060268739886057
29373.091,0.1506026541988152
29373.092,0.15060262985203987
29373.093,0.15060261443748219
29373.094,0.1506026085905403
29373.095,0.1506026123420115
29373.096,0.1506026260322167
29373.097,0.15060264989223365
29373.098,0.1506026845155722
29373.099,0.15060273070860963
29373.1,0.15060278846654138
29373.101,0.15060285783995345
29373.102,0.15060293920574086
29373.103,0.15060303349916446
29373.104,0.15060314061592245
29373.105,0.15060326087441703
29373.106,0.15060339427020347
29373.107,0.15060354218939423
29373.108,0.1506037044399159
29373.109,0.1506038810133514
29373.11,0.15060407236806378
29373.111,0.1506042790536303
29373.112,0.1506045003772284
29373.113,0.15060473595214813
29373.114,0.15060498657343718
29373.115,0.15060525213831266
29373.116,0.15060553295541607
29373.117,0.15060582899549663
29373.118,0.15060614082211882
29373.119,0.15060646799569744
29373.12,0.15060681028795422
29373.121,0.150607167886924
29373.122,0.15060754023045467
29373.123,0.1506079276172339
29373.124,0.15060833057033648
29373.125,0.15060874886783873
29373.126,0.15060918222941164
29373.127,0.150609630715879
29373.128,0.15061009360066924
29373.129,0.15061057009753148
29373.13,0.15061106012472342
29373.131,0.15061156384301316
29373.132,0.1506120806453245
29373.133,0.1506126106891953
29373.134,0.15061315386593885
29373.135,0.1506137098092581
29373.136,0.1506142778102691
29373.137,0.15061485827953952
29373.138,0.15061544955340367
29373.139,0.1506160519027623
29373.14,0.15061666629488216
29373.141,0.15061729276895153
29373.142,0.1506179301905203
29373.143,0.15061857833053546
29373.144,0.15061923709303576
29373.145,0.15061990556059776
29373.146,0.1506205828677271
29373.147,0.15062126894144562
29373.148,0.15062196372066605
29373.149,0.15062266666537014
29373.15,0.15062337751693194
29373.151,0.15062409563110954
29373.152,0.15062482122240264
29373.153,0.15062555423294172
29373.154,0.15062629449083068
29373.155,0.1506270404777387
29373.156,0.15062779247891492
29373.157,0.150628550632892
29373.158,0.1506293150675855
29373.159,0.15063008477534964
29373.16,0.15063085929712827
29373.161,0.15063163903238944
29373.162,0.15063242293019388
29373.163,0.1506332103339006
29373.164,0.15063400208525815
29373.165,0.15063479732706284
29373.166,0.1506355960697816
29373.167,0.1506363985804624
29373.168,0.15063720458193097
29373.169,0.1506380134642661
29373.17,0.15063882535511885
29373.171,0.15063964008767386
29373.172,0.15064045701252998
29373.173,0.15064127665199126
29373.174,0.15064209882282406
29373.175,0.1506429237722306
29373.176,0.15064375164499852
29373.177,0.15064458257622867
29373.178,0.15064541581765117
29373.179,0.15064625075915514
29373.18,0.15064708747802208
29373.181,0.1506479264571899
29373.182,0.15064876735883842
29373.183,0.15064961037445118
29373.184,0.1506504557193484
29373.185,0.15065130369556554
29373.186,0.15065215423939568
29373.187,0.15065300765760264
29373.188,0.15065386309589288
29373.189,0.15065472094281215
29373.19,0.150655581284727
29373.191,0.1506564447914512
29373.192,0.15065731135105492
29373.193,0.15065818088751515
29373.194,0.15065905364631507
29373.195,0.15065992949718984
29373.196,0.15066080802217147
29373.197,0.15066168939956856
29373.198,0.15066257404348246
29373.199,0.1506634621505568
29373.2,0.15066435359235517
29373.201,0.15066524872722267
29373.202,0.15066614734284467
29373.203,0.15066704970953976
29373.204,0.15066795568233532
29373.205,0.15066886526084314
29373.206,0.15066977824622363
29373.207,0.15067069555871349
29373.208,0.1506716170474652
29373.209,0.1506725423574564
29373.21,0.1506734711410582
29373.211,0.15067440388356346
29373.212,0.1506753394073933
29373.213,0.15067627733057043
29373.214,0.15067721853735583
29373.215,0.150678162471935
29373.216,0.1506791093237787
29373.217,0.1506800586321473
29373.218,0.1506810104373247
29373.219,0.15068196398733372
29373.22,0.15068291952314172
29373.221,0.15068387706268052
29373.222,0.15068483563995666
29373.223,0.15068579542501492
29373.224,0.15068675680357072
29373.225,0.15068771929476737
29373.226,0.15068868267233865
29373.227,0.1506896470938669
29373.228,0.15069061177496296
29373.229,0.1506915758835389
29373.23,0.1506925394111699
29373.231,0.15069350231648113
29373.232,0.15069446449169552
29373.233,0.1506954261986347
29373.234,0.15069638690667897
29373.235,0.15069734610460045
29373.236,0.15069830387871505
29373.237,0.15069926035037978
29373.238,0.1507002152280648
29373.239,0.15070116867372046
29373.24,0.15070212096709323
29373.241,0.15070307188497872
29373.242,0.1507040207886735
29373.243,0.1507049677335109
29373.244,0.15070591280496087
29373.245,0.15070685540741272
29373.246,0.1507077956239919
29373.247,0.1507087337839104
29373.248,0.15070967018592762
29373.249,0.15071060487266358
29373.25,0.15071153788138864
29373.251,0.15071246906590466
29373.252,0.15071339883432916
29373.253,0.15071432716536431
29373.254,0.1507152542693373
29373.255,0.15071617993228148
29373.256,0.1507171046443015
29373.257,0.1507180289259603
29373.258,0.15071895315290468
29373.259,0.15071987669413922
29373.26,0.1507208000902204
29373.261,0.15072172402277273
29373.262,0.1507226474214349
29373.263,0.1507235707593718
29373.264,0.15072449407912186
29373.265,0.15072541725505748
29373.266,0.15072634096774237
29373.267,0.15072726560529873
29373.268,0.1507281907120777
29373.269,0.15072911607946768
29373.27,0.1507300418953627
29373.271,0.15073096801946512
29373.272,0.15073189445206045
29373.273,0.1507328216336349
29373.274,0.1507337491739259
29373.275,0.1507346774029973
29373.276,0.15073560579134745
29373.277,0.1507365344611189
29373.278,0.1507374633628294
29373.279,0.1507383915239167
29373.28,0.15073931868846624
29373.281,0.15074024461868796
29373.282,0.1507411693671364
29373.283,0.15074209263170948
29373.284,0.1507430141741139
29373.285,0.15074393348997292
29373.286,0.1507448502132693
29373.287,0.15074576389098732
29373.288,0.15074667400782743
29373.289,0.15074758019809142
29373.29,0.15074848259341464
29373.291,0.15074938125601606
29373.292,0.15075027539042732
29373.293,0.15075116494042218
29373.294,0.15075204934459746
29373.295,0.15075292803187273
29373.296,0.15075379987815732
29373.297,0.15075466483201594
29373.298,0.15075552261609468
29373.299,0.1507563726134399
29373.3,0.15075721491071037
29373.301,0.1507580491320443
29373.302,0.1507588744950815
29373.303,0.15075969097764733
29373.304,0.15076049829641003
29373.305,0.1507612954987333
29373.306,0.15076208279849845
29373.307,0.15076286076285186
29373.308,0.15076362925267878
29373.309,0.1507643878678871
29373.31,0.15076513613721498
29373.311,0.15076587476657058
29373.312,0.15076660305866527
29373.313,0.15076732072140156
29373.314,0.15076802838503664
29373.315,0.15076872548028725
29373.316,0.15076941236860872
29373.317,0.15077008876713982
29373.318,0.15077075547341176
29373.319,0.15077141231573213
29373.32,0.15077205996291518
29373.321,0.15077269804411197
29373.322,0.15077332715147496
29373.323,0.1507739476956474
29373.324,0.15077456050377
29373.325,0.1507751654529479
29373.326,0.15077576264772619
29373.327,0.15077635249912555
29373.328,0.15077693528107383
29373.329,0.15077751080113438
29373.33,0.15077807935301457
29373.331,0.15077864210786968
29373.332,0.1507791994352195
29373.333,0.15077975186050546
29373.334,0.15078029967122383
29373.335,0.15078084312564555
29373.336,0.1507813829543483
29373.337,0.15078191961779192
29373.338,0.15078245340961208
29373.339,0.150782984574489
29373.34,0.15078351433746082
29373.341,0.15078404315052127
29373.342,0.15078457106904347
29373.343,0.1507850984417491
29373.344,0.1507856260751464
29373.345,0.1507861542514235
29373.346,0.15078668326455874
29373.347,0.15078721305865414
29373.348,0.15078774441510057
29373.349,0.15078827763751743
29373.35,0.15078881274111802
29373.351,0.15078935054996134
29373.352,0.15078989105056273
29373.353,0.15079043441927156
29373.354,0.1507909816674591
29373.355,0.15079153245084984
29373.356,0.1507920867134237
29373.357,0.15079264551915658
29373.358,0.15079320920703554
29373.359,0.15079377739649694
29373.36,0.15079435053219276
29373.361,0.15079492912291317
29373.362,0.15079551236498223
29373.363,0.15079610022294965
29373.364,0.1507966929050046
29373.365,0.15079729074985188
29373.366,0.15079789417787404
29373.367,0.1507985025296147
29373.368,0.15079911569720642
29373.369,0.15079973403675254
29373.37,0.15080035808962192
29373.371,0.15080098773972503
29373.372,0.15080162205402145
29373.373,0.15080226144220957
29373.374,0.15080290619322917
29373.375,0.15080355620878447
29373.376,0.15080421104797959
29373.377,0.15080487102025375
29373.378,0.15080553548498787
29373.379,0.15080620367139583
29373.38,0.1508068757065615
29373.381,0.15080755126211887
29373.382,0.15080823060769105
29373.383,0.1508089132066233
29373.384,0.15080959926114054
29373.385,0.1508102884970982
29373.386,0.15081098042808452
29373.387,0.15081167513605181
29373.388,0.15081237252501722
29373.389,0.150813071868002
29373.39,0.15081377364612653
29373.391,0.1508144774606836
29373.392,0.1508151829262652
29373.393,0.15081588972988297
29373.394,0.15081659698687808
29373.395,0.15081730483855924
29373.396,0.15081801236797537
29373.397,0.15081871995823437
29373.398,0.15081942710063515
29373.399,0.15082013321083668
29373.4,0.150820838285524
29373.401,0.15082154207152423
29373.402,0.15082224427572719
29373.403,0.1508229449618468
29373.404,0.1508236441805673
29373.405,0.1508243412062262
29373.406,0.15082503626106647
29373.407,0.15082572938959912
29373.408,0.15082642031485585
29373.409,0.15082710829507706
29373.41,0.15082779337123686
29373.411,0.1508284755319141
29373.412,0.15082915374995187
29373.413,0.15082982792262764
29373.414,0.15083049840866186
29373.415,0.15083116490948315
29373.416,0.15083182728714706
29373.417,0.15083248541568553
29373.418,0.15083313968688083
29373.419,0.15083378927112823
29373.42,0.15083443445030115
29373.421,0.15083507527032758
29373.422,0.15083571159574516
29373.423,0.15083634326958814
29373.424,0.15083697081601333
29373.425,0.15083759405027244
29373.426,0.1508382128329255
29373.427,0.15083882745678795
29373.428,0.15083943780345
29373.429,0.1508400431847559
29373.43,0.15084064405340838
29373.431,0.15084124070347144
29373.432,0.15084183284846625
29373.433,0.15084242080243052
29373.434,0.15084300450338273
29373.435,0.15084358413096516
29373.436,0.1508441597254484
29373.437,0.15084473113625144
29373.438,0.15084529849981612
29373.439,0.15084586229778482
29373.44,0.15084642280184618
29373.441,0.15084698034737812
29373.442,0.150847534693243
29373.443,0.15084808587607537
29373.444,0.15084863431917425
29373.445,0.15084918012161508
29373.446,0.1508497224250482
29373.447,0.15085026140301677
29373.448,0.15085079755174507
29373.449,0.15085133090367298
29373.45,0.15085186148119234
29373.451,0.150852389554849
29373.452,0.15085291500402762
29373.453,0.15085343844105367
29373.454,0.1508539595276681
29373.455,0.150854477839191
29373.456,0.15085499395051594
29373.457,0.15085550881429327
29373.458,0.15085602225144923
29373.459,0.15085653395185517
29373.46,0.15085704451178075
29373.461,0.1508575541791778
29373.462,0.1508580619357667
29373.463,0.15085856789719268
29373.464,0.1508590722254092
29373.465,0.15085957526291416
29373.466,0.15086007682281985
29373.467,0.15086057646987636
29373.468,0.15086107502492843
29373.469,0.15086157216172041
29373.47,0.15086206800064336
29373.471,0.1508625624591337
29373.472,0.15086305540410297
29373.473,0.15086354737862578
29373.474,0.1508640385270956
29373.475,0.15086452892268915
29373.476,0.15086501872228467
29373.477,0.15086550765313797
29373.478,0.15086599584157662
29373.479,0.1508664824080153
29373.48,0.15086696750134113
29373.481,0.15086745142556648
29373.482,0.1508679347672937
29373.483,0.15086841716813665
29373.484,0.1508688990050106
29373.485,0.15086938000868738
29373.486,0.15086986012132783
29373.487,0.15087033989415624
29373.488,0.15087081870187793
29373.489,0.15087129619219553
29373.49,0.15087177285276468
29373.491,0.1508722494609023
29373.492,0.15087272530774146
29373.493,0.15087320044908759
29373.494,0.15087367510807503
29373.495,0.15087414919319553
29373.496,0.15087462171232466
29373.497,0.15087509319127262
29373.498,0.15087556325464258
29373.499,0.15087603250635404
29373.5,0.15087650096660082
29373.501,0.15087696933842862
29373.502,0.15087743658639893
29373.503,0.15087790284491862
29373.504,0.15087836821925507
29373.505,0.15087883208041888
29373.506,0.1508792947475092
29373.507,0.15087975674526155
29373.508,0.15088021813375344
29373.509,0.15088067843253403
29373.51,0.15088113794093594
29373.511,0.15088159628027445
29373.512,0.1508820536585027
29373.513,0.1508825100131288
29373.514,0.15088296496306902
29373.515,0.15088341837125369
29373.516,0.15088387044195845
29373.517,0.15088432100182636
29373.518,0.15088477029721103
29373.519,0.15088521799387927
29373.52,0.15088566453237137
29373.521,0.15088610980563036
29373.522,0.1508865534250047
29373.523,0.1508869957504607
29373.524,0.1508874368990821
29373.525,0.15088787713048007
29373.526,0.1508883163443171
29373.527,0.15088875467865676
29373.528,0.15088919211442636
29373.529,0.15088962765378508
29373.53,0.15089006158632695
29373.531,0.15089049429737045
29373.532,0.15089092544091742
29373.533,0.15089135491470607
29373.534,0.15089178296102973
29373.535,0.15089220971717623
29373.536,0.15089263482766987
29373.537,0.1508930586544241
29373.538,0.1508934813278478
29373.539,0.1508939025069318
29373.54,0.15089432219144264
29373.541,0.15089474098897115
29373.542,0.15089515833934447
29373.543,0.15089557434248432
29373.544,0.1508959892594469
29373.545,0.15089640237897303
29373.546,0.15089681313646913
29373.547,0.1508972219618487
29373.548,0.15089762900177572
29373.549,0.15089803432615664
29373.55,0.15089843774974354
29373.551,0.1508988392738176
29373.552,0.15089923884903061
29373.553,0.15089963646722948
29373.554,0.1509000319623445
29373.555,0.15090042530448528
29373.556,0.15090081628934407
29373.557,0.15090120483355807
29373.558,0.15090159133715256
29373.559,0.15090197521782184
29373.56,0.1509023563081678
29373.561,0.1509027350010942
29373.562,0.15090311006658816
29373.563,0.1509034813644273
29373.564,0.15090384906352222
29373.565,0.15090421341740382
29373.566,0.15090457362082418
29373.567,0.15090493010181308
29373.568,0.15090528292465705
29373.569,0.1509056313761521
29373.57,0.15090597606358044
29373.571,0.15090631668542834
29373.572,0.15090665262666286
29373.573,0.15090698427472798
29373.574,0.15090731218500267
29373.575,0.1509076363219182
29373.576,0.15090795603936977
29373.577,0.15090827161486448
29373.578,0.15090858272681734
29373.579,0.15090888875506714
29373.58,0.15090919005934977
29373.581,0.15090948698520618
29373.582,0.1509097793721238
29373.583,0.15091006706958868
29373.584,0.15091035054563656
29373.585,0.15091062936836036
29373.586,0.1509109033845331
29373.587,0.15091117332135895
29373.588,0.1509114387258943
29373.589,0.1509116993181572
29373.59,0.15091195619425254
29373.591,0.15091220967644586
29373.592,0.15091245902568595
29373.593,0.15091270480401398
29373.594,0.15091294698778038
29373.595,0.1509131852250649
29373.596,0.15091341959845858
29373.597,0.1509136504303523
29373.598,0.15091387780279517
29373.599,0.15091410197341862
29373.6,0.15091432304238278
29373.601,0.15091454132064377
29373.602,0.15091475590232778
29373.603,0.15091496779945407
29373.604,0.15091517718678887
29373.605,0.15091538419328196
29373.606,0.1509155889819371
29373.607,0.15091579211736653
29373.608,0.1509159935600344
29373.609,0.15091619281409216
29373.61,0.15091639030238016
29373.611,0.15091658621567
29373.612,0.15091678065799916
29373.613,0.1509169728768328
29373.614,0.1509171632946013
29373.615,0.15091735211290158
29373.616,0.15091753972710573
29373.617,0.15091772595521127
29373.618,0.1509179113722131
29373.619,0.15091809567813416
29373.62,0.15091827898128082
29373.621,0.15091846166791947
29373.622,0.15091864340675962
29373.623,0.15091882447184135
29373.624,0.1509190053667977
29373.625,0.15091918625630837
29373.626,0.15091936700248543
29373.627,0.150919547658576
29373.628,0.15091972827877836
29373.629,0.15091990838812075
29373.63,0.15092008825054354
29373.631,0.15092026843248624
29373.632,0.15092044844293948
29373.633,0.15092062867534495
29373.634,0.15092080932010718
29373.635,0.15092099041573884
29373.636,0.1509211714911697
29373.637,0.15092135337372484
29373.638,0.15092153569977246
29373.639,0.150921718433324
29373.64,0.15092190235263242
29373.641,0.15092208769508889
29373.642,0.15092227398974686
29373.643,0.15092246149658176
29373.644,0.15092265029184868
29373.645,0.15092284001548173
29373.646,0.15092303072112243
29373.647,0.15092322256083976
29373.648,0.15092341580384555
29373.649,0.15092361048105787
29373.65,0.15092380640518188
29373.651,0.1509240039064121
29373.652,0.1509242030674452
29373.653,0.1509244039973702
29373.654,0.1509246066243395
29373.655,0.1509248105366073
29373.656,0.1509250162925185
29373.657,0.15092522428335345
29373.658,0.15092543444530232
29373.659,0.15092564641905246
29373.66,0.1509258602542156
29373.661,0.15092607626938107
29373.662,0.15092629377190311
29373.663,0.1509265126707489
29373.664,0.15092673314812663
29373.665,0.1509269550826497
29373.666,0.15092717856049173
29373.667,0.1509274038619605
29373.668,0.15092763080615976
29373.669,0.15092785940759337
29373.67,0.15092808973821314
29373.671,0.15092832166062234
29373.672,0.15092855451584244
29373.673,0.15092878924071723
29373.674,0.15092902578711653
29373.675,0.15092926408437554
29373.676,0.15092950349292572
29373.677,0.15092974469254872
29373.678,0.15092998720707979
29373.679,0.1509302307235093
29373.68,0.15093047456312259
29373.681,0.1509307190840101
29373.682,0.15093096381723983
29373.683,0.15093120905528604
29373.684,0.15093145502612057
29373.685,0.15093170140042197
29373.686,0.15093194799209644
29373.687,0.1509321956261462
29373.688,0.15093244338258804
29373.689,0.15093269099874987
29373.69,0.15093293921029538
29373.691,0.1509331877956832
29373.692,0.15093343671177498
29373.693,0.1509336857732044
29373.694,0.15093393477427502
29373.695,0.1509341834245589
29373.696,0.15093443173987542
29373.697,0.15093467945346045
29373.698,0.1509349269588244
29373.699,0.15093517392442626
29373.7,0.15093542029358015
29373.701,0.15093566595671826
29373.702,0.15093591102725532
29373.703,0.15093615566015856
29373.704,0.150936399638052
29373.705,0.15093664265689336
29373.706,0.15093688482547837
29373.707,0.1509371270371673
29373.708,0.1509373688378418
29373.709,0.15093761014818025
29373.71,0.15093785098868537
29373.711,0.1509380918136976
29373.712,0.15093833208391844
29373.713,0.15093857150672485
29373.714,0.1509388102478229
29373.715,0.15093904870565938
29373.716,0.1509392868913967
29373.717,0.15093952469428612
29373.718,0.15093976225861294
29373.719,0.15093999952067033
29373.72,0.15094023673990678
29373.721,0.15094047428647267
29373.722,0.15094071115737143
29373.723,0.15094094835644242
29373.724,0.15094118673725843
29373.725,0.150941425976543
29373.726,0.1509416655716218
29373.727,0.15094190604893493
29373.728,0.15094214714307455
29373.729,0.15094238849683697
29373.73,0.15094263005334663
29373.731,0.1509428725477796
29373.732,0.15094311537647528
29373.733,0.15094335922009905
29373.734,0.150943604099525
29373.735,0.15094385050135828
29373.736,0.15094409796973504
29373.737,0.15094434711676213
29373.738,0.15094459751269348
29373.739,0.1509448489878793
29373.74,0.15094510234164146
29373.741,0.15094535725153607
29373.742,0.1509456139368082
29373.743,0.15094587248637034
29373.744,0.15094613273772597
29373.745,0.1509463945789018
29373.746,0.1509466575543152
29373.747,0.1509469217916851
29373.748,0.15094718738752427
29373.749,0.15094745418781072
29373.75,0.1509477219050876
29373.751,0.15094799062170441
29373.752,0.15094826002511716
29373.753,0.1509485303645791
29373.754,0.15094880162164437
29373.755,0.15094907304241592
29373.756,0.15094934499137835
29373.757,0.15094961742396878
29373.758,0.15094989055642893
29373.759,0.15095016360284327
29373.76,0.15095043621115403
29373.761,0.15095070832419544
29373.762,0.150950979395498
29373.763,0.15095124891006556
29373.764,0.15095151685078909
29373.765,0.1509517830659787
29373.766,0.15095204746177826
29373.767,0.15095230945832094
29373.768,0.15095256858558292
29373.769,0.1509528249134155
29373.77,0.15095307849181044
29373.771,0.15095332899705702
29373.772,0.1509535757017504
29373.773,0.15095381910853695
29373.774,0.15095405894298206
29373.775,0.15095429499577445
29373.776,0.15095452608034743
29373.777,0.15095475242262252
29373.778,0.15095497354689785
29373.779,0.15095518864455773
29373.78,0.15095539741573014
29373.781,0.1509556001250005
29373.782,0.15095579623422833
29373.783,0.15095598607702887
29373.784,0.15095616936953699
29373.785,0.15095634550579765
29373.786,0.15095651399793897
29373.787,0.1509566752889195
29373.788,0.15095682817619846
29373.789,0.15095697250156767
29373.79,0.15095710868714815
29373.791,0.15095723705283332
29373.792,0.15095735704721538
29373.793,0.1509574684654606
29373.794,0.15095757145991065
29373.795,0.15095766524594575
29373.796,0.15095774955232388
29373.797,0.1509578241952785
29373.798,0.15095788927003753
29373.799,0.15095794496996184
29373.8,0.1509579910260306
29373.801,0.1509580277246278
29373.802,0.15095805479520566
29373.803,0.15095807200651745
29373.804,0.15095807971328637
29373.805,0.1509580778630941
29373.806,0.1509580665922142
29373.807,0.1509580461027672
29373.808,0.15095801642445267
29373.809,0.15095797771797906
29373.81,0.15095792948423964
29373.811,0.1509578728447175
29373.812,0.15095780694751737
29373.813,0.15095773160003034
29373.814,0.15095764698051167
29373.815,0.15095755401457112
29373.816,0.15095745218239467
29373.817,0.15095734243860942
29373.818,0.1509572250356641
29373.819,0.1509571001351716
29373.82,0.15095696813753218
29373.821,0.1509568296146665
29373.822,0.15095668413818478
29373.823,0.15095653285749216
29373.824,0.15095637615364388
29373.825,0.15095621373255508
29373.826,0.150956046119845
29373.827,0.15095587415288259
29373.828,0.1509556977957369
29373.829,0.15095551735576945
29373.83,0.1509553328994072
29373.831,0.15095514506250793
29373.832,0.15095495394679742
29373.833,0.15095476049882234
29373.834,0.15095456499577076
29373.835,0.1509543678999704
29373.836,0.15095416898516162
29373.837,0.1509539697983155
29373.838,0.15095377007289446
29373.839,0.15095356993955253
29373.84,0.15095337082420016
29373.841,0.1509531730491099
29373.842,0.15095297700657395
29373.843,0.15095278222251945
29373.844,0.150952589409086
29373.845,0.15095239889013085
29373.846,0.15095221030413822
29373.847,0.1509520239141647
29373.848,0.15095184018510346
29373.849,0.1509516591800602
29373.85,0.15095148122420088
29373.851,0.15095130659112577
29373.852,0.15095113450389794
29373.853,0.15095096602192778
29373.854,0.15095080094115848
29373.855,0.15095063901244118
29373.856,0.15095048115419407
29373.857,0.15095032725498597
29373.858,0.1509501775522484
29373.859,0.15095003109638458
29373.86,0.15094988844103663
29373.861,0.15094974946297166
29373.862,0.15094961356732692
29373.863,0.1509494803878736
29373.864,0.1509493502691802
29373.865,0.15094922327368893
29373.866,0.1509490990318374
29373.867,0.1509489773966742
29373.868,0.15094885845577918
29373.869,0.15094874185026544
29373.87,0.15094862720484406
29373.871,0.15094851399256354
29373.872,0.15094840199352683
29373.873,0.15094829138806581
29373.874,0.15094818244881938
29373.875,0.15094807461465495
29373.876,0.1509479673573787
29373.877,0.15094786115510836
29373.878,0.15094775558686968
29373.879,0.15094764964811566
29373.88,0.15094754339098324
29373.881,0.15094743689751922
29373.882,0.150947329897589
29373.883,0.15094722267669033
29373.884,0.15094711492906734
29373.885,0.15094700668507122
29373.886,0.15094689751176835
29373.887,0.1509467876762224
29373.888,0.15094667686671545
29373.889,0.15094656484226818
29373.89,0.15094645248156463
29373.891,0.15094633981261282
29373.892,0.15094622635352803
29373.893,0.15094611184276696
29373.894,0.15094599654035779
29373.895,0.1509458799626231
29373.896,0.15094576276415433
29373.897,0.1509456446486486
29373.898,0.15094552587462945
29373.899,0.15094540651822794
29373.9,0.15094528648164257
29373.901,0.15094516662213048
29373.902,0.15094504692347768
29373.903,0.15094492721283226
29373.904,0.15094480808659683
29373.905,0.1509446890053047
29373.906,0.15094457036270073
29373.907,0.15094445260573755
29373.908,0.15094433602420224
29373.909,0.15094422044761358
29373.91,0.1509441057161113
29373.911,0.1509439924956657
29373.912,0.15094388004711778
29373.913,0.15094376796567316
29373.914,0.15094365769389811
29373.915,0.15094354873803453
29373.916,0.15094344097210075
29373.917,0.15094333490972184
29373.918,0.15094323040538113
29373.919,0.1509431274957103
29373.92,0.1509430268621937
29373.921,0.15094292819769684
29373.922,0.15094283106222584
29373.923,0.15094273611376355
29373.924,0.15094264378393318
29373.925,0.15094255395971037
29373.926,0.15094246644537068
29373.927,0.15094238066363908
29373.928,0.15094229688555594
29373.929,0.15094221395847623
29373.93,0.15094213271337945
29373.931,0.15094205319457699
29373.932,0.150941975672773
29373.933,0.15094190036405405
29373.934,0.1509418273770317
29373.935,0.1509417563771689
29373.936,0.15094168716780446
29373.937,0.15094162045351792
29373.938,0.1509415551121304
29373.939,0.15094149146471755
29373.94,0.15094143020402992
29373.941,0.15094137131437102
29373.942,0.1509413142588125
29373.943,0.15094125895368898
29373.944,0.15094120585878104
29373.945,0.15094115453350265
29373.946,0.15094110419022572
29373.947,0.15094105510290232
29373.948,0.1509410078878591
29373.949,0.1509409627617956
29373.95,0.15094091928160452
29373.951,0.15094087784153137
29373.952,0.15094083834298183
29373.953,0.15094080144014152
29373.954,0.15094076667906905
29373.955,0.15094073388318194
29373.956,0.1509407028408451
29373.957,0.1509406737747699
29373.958,0.15094064714042071
29373.959,0.15094062270812458
29373.96,0.15094060061975148
29373.961,0.15094058112763703
29373.962,0.15094056373694384
29373.963,0.1509405481768644
29373.964,0.1509405345792434
29373.965,0.15094052235244695
29373.966,0.15094051149307908
29373.967,0.15094050252319163
29373.968,0.1509404954048405
29373.969,0.1509404898441457
29373.97,0.15094048643582125
29373.971,0.15094048479600103
29373.972,0.15094048452648168
29373.973,0.150940485913669
29373.974,0.1509404890043843
29373.975,0.1509404932527891
29373.976,0.15094049809320959
29373.977,0.15094050402443257
29373.978,0.15094051070820955
29373.979,0.1509405174246233
29373.98,0.150940524238836
29373.981,0.1509405311394119
29373.982,0.1509405376252082
29373.983,0.15094054400148804
29373.984,0.150940549795956
29373.985,0.15094055476149432
29373.986,0.15094055875953313
29373.987,0.1509405620798584
29373.988,0.15094056461610583
29373.989,0.15094056520507268
29373.99,0.15094056449801463
29373.991,0.15094056249098128
29373.992,0.1509405589718917
29373.993,0.15094055328070388
29373.994,0.15094054534270457
29373.995,0.15094053483866932
29373.996,0.1509405212108423
29373.997,0.15094050467345183
29373.998,0.15094048508702293
29373.999,0.15094046241504647
29374.0,0.15094043625420178
29374.001,0.15094040667994624
29374.002,0.15094037313898978
29374.003,0.15094033561783973
29374.004,0.15094029491882405
29374.005,0.15094025045970622
29374.006,0.15094020243511744
29374.007,0.1509401508532165
29374.008,0.15094009583178875
29374.009,0.15094003693850197
29374.01,0.1509399740019584
29374.011,0.15093990759500775
29374.012,0.1509398374952026
29374.013,0.1509397632708586
29374.014,0.1509396859558681
29374.015,0.15093960446265728
29374.016,0.15093951969835523
29374.017,0.15093943169988283
29374.018,0.15093934052347935
29374.019,0.150939245412474
29374.02,0.1509391474170789
29374.021,0.15093904637113106
29374.022,0.15093894207564545
29374.023,0.15093883499237237
29374.024,0.1509387257321736
29374.025,0.15093861405636433
29374.026,0.15093849991126992
29374.027,0.15093838408708032
29374.028,0.15093826701465152
29374.029,0.15093814788096407
29374.03,0.15093802800101241
29374.031,0.15093790662735543
29374.032,0.15093778484583595
29374.033,0.15093766226692276
29374.034,0.1509375396443367
29374.035,0.15093741653691609
29374.036,0.1509372932328439
29374.037,0.15093717062369974
29374.038,0.1509370484688411
29374.039,0.1509369268992616
29374.04,0.15093680691447758
29374.041,0.15093668865911944
29374.042,0.1509365719622494
29374.043,0.15093645723285587
29374.044,0.1509363450594133
29374.045,0.15093623543590334
29374.046,0.15093612816370722
29374.047,0.15093602392736571
29374.048,0.15093592316334065
29374.049,0.1509358260610245
29374.05,0.1509357322800086
29374.051,0.15093564257327
29374.052,0.1509355570648963
29374.053,0.15093547631279128
29374.054,0.15093540073835657
29374.055,0.1509353298368083
29374.056,0.1509352641692664
29374.057,0.150935204747358
29374.058,0.15093515147333506
29374.059,0.15093510424537082
29374.06,0.1509350628445983
29374.061,0.15093502776288684
29374.062,0.1509349985238012
29374.063,0.15093497521780408
29374.064,0.15093495845038407
29374.065,0.1509349481866217
29374.066,0.1509349450944668
29374.067,0.15093494918984987
29374.068,0.15093495996789275
29374.069,0.15093497762381725
29374.07,0.1509350023923
29374.071,0.1509350338340848
29374.072,0.15093507201940484
29374.073,0.15093511697303047
29374.074,0.15093516910773555
29374.075,0.1509352281968889
29374.076,0.15093529415413975
29374.077,0.15093536722177148
29374.078,0.15093544695956487
29374.079,0.15093553257571263
29374.08,0.15093562392148865
29374.081,0.15093572065475644
29374.082,0.150935822790286
29374.083,0.1509359308543521
29374.084,0.15093604447023287
29374.085,0.15093616361836168
29374.086,0.15093628794893493
29374.087,0.15093641686547865
29374.088,0.15093654973500525
29374.089,0.1509366858453106
29374.09,0.15093682605844289
29374.091,0.15093697042155688
29374.092,0.15093711791167425
29374.093,0.15093726781704922
29374.094,0.150937420960174
29374.095,0.15093757668636543
29374.096,0.15093773360217813
29374.097,0.1509378919017962
29374.098,0.15093805061614235
29374.099,0.15093821018427264
29374.1,0.150938370065703
29374.101,0.15093853066283708
29374.102,0.1509386911883086
29374.103,0.15093885129709753
29374.104,0.15093901096212717
29374.105,0.15093916892570722
29374.106,0.15093932503113833
29374.107,0.1509394796849276
29374.108,0.15093963244681208
29374.109,0.15093978308660297
29374.11,0.150939931287373
29374.111,0.15094007732243822
29374.112,0.15094022038260815
29374.113,0.15094035964640753
29374.114,0.1509404948567726
29374.115,0.15094062594492097
29374.116,0.15094075294817502
29374.117,0.15094087581414597
29374.118,0.1509409944290141
29374.119,0.15094110836931382
29374.12,0.15094121841284344
29374.121,0.15094132403997604
29374.122,0.15094142458576382
29374.123,0.15094152049491064
29374.124,0.15094161241866139
29374.125,0.15094169954044678
29374.126,0.15094178199027608
29374.127,0.15094185994213336
29374.128,0.15094193295020064
29374.129,0.15094200045479933
29374.13,0.15094206271490257
29374.131,0.1509421191681333
29374.132,0.1509421706396867
29374.133,0.15094221672893532
29374.134,0.15094225774993092
29374.135,0.15094229339377482
29374.136,0.15094232412114245
29374.137,0.15094235064235134
29374.138,0.15094237228944088
29374.139,0.15094238913713937
29374.14,0.15094240165773876
29374.141,0.15094241008435544
29374.142,0.1509424146494192
29374.143,0.1509424152946652
29374.144,0.15094241187163512
29374.145,0.15094240405606738
29374.146,0.15094239143295596
29374.147,0.1509423749010825
29374.148,0.15094235445013138
29374.149,0.15094233012100647
29374.15,0.15094230180402132
29374.151,0.15094227056812928
29374.152,0.15094223603474718
29374.153,0.15094219842199483
29374.154,0.15094215799138083
29374.155,0.15094211457518375
29374.156,0.15094206861615447
29374.157,0.1509420204774474
29374.158,0.15094196997149223
29374.159,0.15094191704821264
29374.16,0.15094186175745225
29374.161,0.15094180475304367
29374.162,0.15094174571716368
29374.163,0.15094168444187606
29374.164,0.15094162105034517
29374.165,0.15094155559214842
29374.166,0.1509414885366389
29374.167,0.15094141948362397
29374.168,0.15094134874555074
29374.169,0.15094127672676405
29374.17,0.15094120343821496
29374.171,0.15094112882177088
29374.172,0.15094105281239423
29374.173,0.15094097603761736
29374.174,0.15094089915191622
29374.175,0.15094082172336876
29374.176,0.15094074348074618
29374.177,0.1509406650127684
29374.178,0.15094058599642143
29374.179,0.15094050564008354
29374.18,0.1509404243108665
29374.181,0.15094034243404006
29374.182,0.1509402605259224
29374.183,0.15094017846631197
29374.184,0.15094009596651486
29374.185,0.15094001320707723
29374.186,0.1509399298255233
29374.187,0.15093984607072314
29374.188,0.15093976205992737
29374.189,0.1509396775600993
29374.19,0.1509395933758334
29374.191,0.15093950946758605
29374.192,0.15093942549961745
29374.193,0.15093934138759701
29374.194,0.15093925752543047
29374.195,0.15093917280508706
29374.196,0.15093908721968172
29374.197,0.1509390014500757
29374.198,0.15093891511475704
29374.199,0.15093882856925264
29374.2,0.15093874119700207
29374.201,0.15093865343914822
29374.202,0.15093856457989438
29374.203,0.15093847478270986
29374.204,0.15093838438583593
29374.205,0.1509382925054373
29374.206,0.15093819940868308
29374.207,0.15093810593763846
29374.208,0.15093801162566822
29374.209,0.15093791621601524
29374.21,0.15093781901259087
29374.211,0.15093772064675706
29374.212,0.15093762009094278
29374.213,0.15093751678464548
29374.214,0.15093741138766148
29374.215,0.1509373040977965
29374.216,0.15093719401963993
29374.217,0.15093708148201443
29374.218,0.15093696626031555
29374.219,0.15093684811962646
29374.22,0.1509367274541993
29374.221,0.1509366037280712
29374.222,0.15093647614228745
29374.223,0.15093634539678127
29374.224,0.15093621149055067
29374.225,0.1509360735613844
29374.226,0.15093593162252625
29374.227,0.15093578592598833
29374.228,0.1509356363346597
29374.229,0.15093548158193287
29374.23,0.15093532193108414
29374.231,0.15093515759181136
29374.232,0.15093498904390623
29374.233,0.15093481568638634
29374.234,0.1509346371283693
29374.235,0.15093445356971757
29374.236,0.1509342644682471
29374.237,0.1509340703237609
29374.238,0.15093387038392012
29374.239,0.15093366450645984
29374.24,0.1509334530572344
29374.241,0.15093323652303858
29374.242,0.15093301410211804
29374.243,0.15093278550606715
29374.244,0.15093255099480543
29374.245,0.15093231045961752
29374.246,0.15093206349769084
29374.247,0.15093181033608388
29374.248,0.15093155063399188
29374.249,0.15093128476758197
29374.25,0.15093101283483285
29374.251,0.15093073519949293
29374.252,0.15093045093528168
29374.253,0.15093016056724415
29374.254,0.1509298637515527
29374.255,0.15092955971249422
29374.256,0.15092924938606586
29374.257,0.1509289328769767
29374.258,0.15092861035142544
29374.259,0.15092828167838682
29374.26,0.1509279467383051
29374.261,0.15092760638439148
29374.262,0.15092725987251324
29374.263,0.15092690687339855
29374.264,0.1509265479416613
29374.265,0.15092618346926373
29374.266,0.15092581302252317
29374.267,0.15092543652567877
29374.268,0.15092505453725868
29374.269,0.1509246675177651
29374.27,0.15092427560361352
29374.271,0.15092387926968423
29374.272,0.15092347828357952
29374.273,0.15092307317217518
29374.274,0.15092266405757376
29374.275,0.15092225106707782
29374.276,0.15092183480650143
29374.277,0.1509214157991486
29374.278,0.1509209939991945
29374.279,0.15092056928150355
29374.28,0.15092014219677852
29374.281,0.15091971321038763
29374.282,0.15091928272444483
29374.283,0.15091885092127355
29374.284,0.1509184182429491
29374.285,0.15091798506265333
29374.286,0.1509175515570733
29374.287,0.15091711844853992
29374.288,0.1509166858259294
29374.289,0.1509162537297095
29374.29,0.1509158233731944
29374.291,0.15091539526519512
29374.292,0.15091496932757914
29374.293,0.15091454548107366
29374.294,0.15091412450714184
29374.295,0.1509137066007313
29374.296,0.15091329131502504
29374.297,0.15091287923899788
29374.298,0.1509124708249378
29374.299,0.1509120662232049
29374.3,0.15091166521624683
29374.301,0.1509112687528795
29374.302,0.15091087631248978
29374.303,0.1509104880418633
29374.304,0.15091010467908583
29374.305,0.15090972547462028
29374.306,0.15090935072818717
29374.307,0.1509089810410825
29374.308,0.1509086159996645
29374.309,0.15090825515118012
29374.31,0.1509078986616477
29374.311,0.15090754693607691
29374.312,0.15090719897960997
29374.313,0.15090685457517047
29374.314,0.1509065139041649
29374.315,0.1509061760781247
29374.316,0.15090584106631721
29374.317,0.15090550899770525
29374.318,0.15090517921836075
29374.319,0.15090485121156852
29374.32,0.15090452476316848
29374.321,0.15090419936142768
29374.322,0.15090387439740052
29374.323,0.15090354983903634
29374.324,0.15090322569954823
29374.325,0.15090290134481663
29374.326,0.1509025764034371
29374.327,0.15090225033189764
29374.328,0.15090192220075568
29374.329,0.15090159127208083
29374.33,0.15090125746963476
29374.331,0.1509009202916538
29374.332,0.15090057913290397
29374.333,0.15090023315839857
29374.334,0.15089988208125465
29374.335,0.1508995259195425
29374.336,0.15089916401237383
29374.337,0.1508987962453445
29374.338,0.15089842130033063
29374.339,0.15089803865236276
29374.34,0.15089764926316004
29374.341,0.1508972528281691
29374.342,0.15089684857225105
29374.343,0.1508964363894061
29374.344,0.15089601591574614
29374.345,0.15089558664822866
29374.346,0.1508951481572808
29374.347,0.15089470034602037
29374.348,0.15089424321810452
29374.349,0.15089377618867414
29374.35,0.15089329918536462
29374.351,0.15089281217934
29374.352,0.15089231472225054
29374.353,0.1508918072138839
29374.354,0.15089128966058574
29374.355,0.15089076187878292
29374.356,0.15089022416116685
29374.357,0.1508896763190993
29374.358,0.15088911829827353
29374.359,0.1508885499890142
29374.36,0.1508879716259315
29374.361,0.15088738340191124
29374.362,0.1508867848904223
29374.363,0.1508861755688616
29374.364,0.1508855560223346
29374.365,0.15088492615012747
29374.366,0.15088428595838285
29374.367,0.15088363631433183
29374.368,0.15088297750559448
29374.369,0.15088230950581674
29374.37,0.15088163224265586
29374.371,0.1508809458768882
29374.372,0.1508802498489076
29374.373,0.15087954503671275
29374.374,0.15087883213757067
29374.375,0.1508781107920863
29374.376,0.15087738104197124
29374.377,0.15087664309366244
29374.378,0.1508758973447885
29374.379,0.15087514311670838
29374.38,0.1508743808690553
29374.381,0.15087361105918853
29374.382,0.15087283384811587
29374.383,0.15087204953397068
29374.384,0.15087125824816805
29374.385,0.15087046023427034
29374.386,0.1508696557232053
29374.387,0.1508688452766381
29374.388,0.15086802868436097
29374.389,0.15086720589294658
29374.39,0.1508663776273362
29374.391,0.1508655441179057
29374.392,0.15086470504804464
29374.393,0.1508638607266287
29374.394,0.15086301168681596
29374.395,0.15086215747145698
29374.396,0.15086129811329557
29374.397,0.15086043479479386
29374.398,0.15085956764083078
29374.399,0.15085869679462893
29374.4,0.15085782231347464
29374.401,0.15085694465554111
29374.402,0.15085606365265256
29374.403,0.15085517928408343
29374.404,0.1508542923981949
29374.405,0.15085340225215518
29374.406,0.15085250985775292
29374.407,0.15085161580263914
29374.408,0.1508507198819371
29374.409,0.1508498214587427
29374.41,0.15084892152328574
29374.411,0.1508480198654084
29374.412,0.1508471163169086
29374.413,0.15084621054799988
29374.414,0.15084530283021522
29374.415,0.15084439348347617
29374.416,0.15084348274918102
29374.417,0.1508425707745678
29374.418,0.15084165741266736
29374.419,0.15084074256216645
29374.42,0.15083982664233653
29374.421,0.15083890983458179
29374.422,0.15083799148596488
29374.423,0.15083707203947613
29374.424,0.15083615199934422
29374.425,0.15083523090869927
29374.426,0.15083430821129262
29374.427,0.150833384137382
29374.428,0.15083245881609358
29374.429,0.15083153115740341
29374.43,0.15083060108976437
29374.431,0.15082966905929268
29374.432,0.15082873487875237
29374.433,0.1508277989646781
29374.434,0.1508268613674468
29374.435,0.15082592178885637
29374.436,0.15082497982282844
29374.437,0.15082403569132996
29374.438,0.150823089514982
29374.439,0.15082214104831176
29374.44,0.1508211913727129
29374.441,0.1508202396761096
29374.442,0.15081928515413826
29374.443,0.15081832841157483
29374.444,0.15081736934610596
29374.445,0.15081640758106182
29374.446,0.15081544284606918
29374.447,0.15081447503666648
29374.448,0.15081350493277115
29374.449,0.15081253226160102
29374.45,0.15081155720816247
29374.451,0.15081057944492446
29374.452,0.15080959954156578
29374.453,0.15080861776331628
29374.454,0.15080763412944997
29374.455,0.15080664863971258
29374.456,0.150805661729091
29374.457,0.15080467353058868
29374.458,0.1508036840633739
29374.459,0.1508026936674207
29374.46,0.15080170210234622
29374.461,0.15080070990476824
29374.462,0.1507997167604395
29374.463,0.1507987223132807
29374.464,0.15079772800184524
29374.465,0.15079673350254955
29374.466,0.15079573928649764
29374.467,0.15079474582083024
29374.468,0.1507937530390837
29374.469,0.15079276127086683
29374.47,0.15079177064374247
29374.471,0.15079078170187352
29374.472,0.15078979428123623
29374.473,0.1507888089993284
29374.474,0.15078782667570018
29374.475,0.15078684707172782
29374.476,0.1507858704952977
29374.477,0.15078489717606722
29374.478,0.1507839271643314
29374.479,0.15078295979970277
29374.48,0.15078199591558109
29374.481,0.15078103582396907
29374.482,0.15078007965662163
29374.483,0.1507791282279577
29374.484,0.15077818134592316
29374.485,0.15077723924465286
29374.486,0.15077630234542044
29374.487,0.15077537077229253
29374.488,0.1507744444358438
29374.489,0.1507735232371967
29374.49,0.15077260800645179
29374.491,0.15077169929833073
29374.492,0.1507707964172455
29374.493,0.15076989985160633
29374.494,0.15076900986817826
29374.495,0.15076812599595107
29374.496,0.1507672481818839
29374.497,0.15076637608136417
29374.498,0.15076550987381532
29374.499,0.15076464936775755
29374.5,0.1507637946218451
29374.501,0.1507629459140226
29374.502,0.15076210337039717
29374.503,0.15076126687794666
29374.504,0.15076043680467377
29374.505,0.1507596125696889
29374.506,0.15075879420594618
29374.507,0.15075798157077994
29374.508,0.15075717484132595
29374.509,0.1507563738416564
29374.51,0.1507555784676602
29374.511,0.1507547881645017
29374.512,0.15075400294282534
29374.513,0.15075322205885988
29374.514,0.15075244600996285
29374.515,0.15075167432514147
29374.516,0.15075090699337038
29374.517,0.15075014381821727
29374.518,0.15074938477748387
29374.519,0.15074862957479515
29374.52,0.1507478786758483
29374.521,0.15074713159702635
29374.522,0.15074638777667665
29374.523,0.15074564733336104
29374.524,0.15074491053226474
29374.525,0.1507441767917278
29374.526,0.15074344560170122
29374.527,0.15074271736176043
29374.528,0.1507419918855472
29374.529,0.15074126838397084
29374.53,0.1507405473968156
29374.531,0.15073982801079014
29374.532,0.15073911040531968
29374.533,0.15073839461295063
29374.534,0.15073768023754192
29374.535,0.15073696738418088
29374.536,0.15073625569868546
29374.537,0.15073554561890007
29374.538,0.15073483660940679
29374.539,0.1507341278945707
29374.54,0.15073342041279708
29374.541,0.1507327137094675
29374.542,0.15073200755307367
29374.543,0.15073130209362126
29374.544,0.150730597277509
29374.545,0.15072989228001937
29374.546,0.15072918687705153
29374.547,0.1507284812025992
29374.548,0.15072777581196264
29374.549,0.15072706965982618
29374.55,0.15072636342149023
29374.551,0.15072565757793208
29374.552,0.1507249516907793
29374.553,0.15072424566457782
29374.554,0.15072353972026822
29374.555,0.1507228334439621
29374.556,0.1507221264234768
29374.557,0.1507214187131377
29374.558,0.15072071112611157
29374.559,0.1507200032284251
29374.56,0.15071929477736942
29374.561,0.15071858643217428
29374.562,0.15071787715642898
29374.563,0.15071716728033968
29374.564,0.15071645686696947
29374.565,0.15071574543947056
29374.566,0.15071503360136373
29374.567,0.15071432152585582
29374.568,0.15071360942733153
29374.569,0.15071289767969798
29374.57,0.1507121856565378
29374.571,0.15071147407418609
29374.572,0.15071076215203144
29374.573,0.15071005065685275
29374.574,0.1507093401251895
29374.575,0.1507086300462413
29374.576,0.15070792064528743
29374.577,0.15070721220171882
29374.578,0.15070650504306404
29374.579,0.15070579873456985
29374.58,0.15070509381410072
29374.581,0.1507043897968182
29374.582,0.15070368731767259
29374.583,0.15070298694640671
29374.584,0.15070228844487285
29374.585,0.1507015929402047
29374.586,0.15070090021794555
29374.587,0.15070021056549907
29374.588,0.15069952378360907
29374.589,0.15069883989455604
29374.59,0.15069816039107753
29374.591,0.15069748515809173
29374.592,0.15069681433907828
29374.593,0.150696148007292
29374.594,0.15069548624867118
29374.595,0.15069482880059362
29374.596,0.15069417614117508
29374.597,0.15069352863247387
29374.598,0.15069288672994924
29374.599,0.1506922503508048
29374.6,0.15069161987327684
29374.601,0.15069099478951445
29374.602,0.15069037594966952
29374.603,0.15068976329771006
29374.604,0.15068915687929996
29374.605,0.15068855717535562
29374.606,0.1506879638786721
29374.607,0.1506873777833545
29374.608,0.1506867987642466
29374.609,0.15068622644810933
29374.61,0.15068566075988513
29374.611,0.1506851024743397
29374.612,0.15068455083031876
29374.613,0.15068400515637884
29374.614,0.15068346631026197
29374.615,0.15068293405520755
29374.616,0.15068240871273836
29374.617,0.15068188982005576
29374.618,0.15068137783408578
29374.619,0.15068087212797607
29374.62,0.1506803732223348
29374.621,0.15067988024280193
29374.622,0.15067939318052917
29374.623,0.15067891207498235
29374.624,0.15067843724860938
29374.625,0.150677968213898
29374.626,0.15067750462937635
29374.627,0.15067704622949793
29374.628,0.15067659261963984
29374.629,0.15067614260513518
29374.63,0.15067569668468497
29374.631,0.15067525458725986
29374.632,0.15067481640101077
29374.633,0.15067438186460694
29374.634,0.15067395092263713
29374.635,0.1506735232273172
29374.636,0.15067309792441658
29374.637,0.1506726753141994
29374.638,0.15067225488982317
29374.639,0.15067183565050643
29374.64,0.15067141852469418
29374.641,0.15067100297764027
29374.642,0.1506705884870387
29374.643,0.15067017470842103
29374.644,0.1506697615948843
29374.645,0.1506693482187558
29374.646,0.15066893463664835
29374.647,0.1506685206017371
29374.648,0.1506681059389794
29374.649,0.15066769045818887
29374.65,0.150667274185788
29374.651,0.15066685635487878
29374.652,0.1506664369672144
29374.653,0.15066601607548363
29374.654,0.15066559343871874
29374.655,0.1506651683129357
29374.656,0.1506647402861994
29374.657,0.15066431042362402
29374.658,0.15066387891036717
29374.659,0.15066344487718394
29374.66,0.1506630081515581
29374.661,0.15066256924448193
29374.662,0.15066212701438633
29374.663,0.1506616814206773
29374.664,0.1506612326472984
29374.665,0.1506607807413097
29374.666,0.15066032598932333
29374.667,0.15065986848453455
29374.668,0.1506594075274709
29374.669,0.15065894309144579
29374.67,0.1506584750660065
29374.671,0.15065800426092707
29374.672,0.15065752995909756
29374.673,0.15065705270393567
29374.674,0.15065657328937998
29374.675,0.15065609115409845
29374.676,0.15065560652855642
29374.677,0.15065511888150482
29374.678,0.15065462888170675
29374.679,0.15065413572178024
29374.68,0.15065363976927076
29374.681,0.15065314085540385
29374.682,0.1506526398337547
29374.683,0.15065213670701252
29374.684,0.1506516316021481
29374.685,0.15065112487475998
29374.686,0.15065061603950963
29374.687,0.15065010550655114
29374.688,0.15064959338788228
29374.689,0.15064907974828853
29374.69,0.1506485654808801
29374.691,0.150648049724904
29374.692,0.150647532970382
29374.693,0.1506470148787166
29374.694,0.1506464961070797
29374.695,0.1506459765194901
29374.696,0.15064545555555345
29374.697,0.1506449333646607
29374.698,0.15064441045366014
29374.699,0.15064388691433817
29374.7,0.15064336321040145
29374.701,0.15064283904538475
29374.702,0.15064231496168967
29374.703,0.15064179036989644
29374.704,0.1506412656957572
29374.705,0.15064074059012958
29374.706,0.15064021500904373
29374.707,0.1506396895838167
29374.708,0.15063916449484685
29374.709,0.1506386391699326
29374.71,0.15063811379120018
29374.711,0.15063758869533514
29374.712,0.15063706303751923
29374.713,0.15063653720391898
29374.714,0.15063601160371737
29374.715,0.15063548605940708
29374.716,0.15063496039395344
29374.717,0.15063443456343123
29374.718,0.15063390898465853
29374.719,0.15063338342017532
29374.72,0.15063285867437504
29374.721,0.15063233446959604
29374.722,0.1506318108917053
29374.723,0.15063128807749904
29374.724,0.1506307666032681
29374.725,0.15063024663232155
29374.726,0.15062972800379126
29374.727,0.15062921078005337
29374.728,0.15062869517566385
29374.729,0.15062818091290195
29374.73,0.15062766832038632
29374.731,0.15062715674172314
29374.732,0.1506266470266112
29374.733,0.15062613915937997
29374.734,0.15062563364718556
29374.735,0.15062513090747154
29374.736,0.15062463073512797
29374.737,0.15062413403364164
29374.738,0.1506236404307647
29374.739,0.1506231496293913
29374.74,0.1506226630679574
29374.741,0.1506221809272943
29374.742,0.15062170296647132
29374.743,0.15062122962753574
29374.744,0.1506207611800063
29374.745,0.15062029740753458
29374.746,0.15061983829262504
29374.747,0.15061938436482414
29374.748,0.15061893557461184
29374.749,0.15061849193300256
29374.75,0.1506180538363283
29374.751,0.15061762174297508
29374.752,0.15061719579908664
29374.753,0.15061677565225107
29374.754,0.1506163623871027
29374.755,0.150615955192181
29374.756,0.15061555454813136
29374.757,0.15061516129569233
29374.758,0.15061477499698733
29374.759,0.1506143950337843
29374.76,0.15061402179043956
29374.761,0.15061365597092993
29374.762,0.1506132968788266
29374.763,0.15061294423316696
29374.764,0.1506125985756843
29374.765,0.1506122593465868
29374.766,0.15061192661117825
29374.767,0.15061160073500118
29374.768,0.1506112814427839
29374.769,0.1506109691353521
29374.77,0.1506106634954049
29374.771,0.15061036480316942
29374.772,0.15061007220348563
29374.773,0.1506097860069736
29374.774,0.15060950662232875
29374.775,0.15060923303795926
29374.776,0.1506089656752299
29374.777,0.15060870410009064
29374.778,0.15060844886376748
29374.779,0.15060819868222505
29374.78,0.1506079535630673
29374.781,0.15060771328685502
29374.782,0.1506074781834776
29374.783,0.1506072479251847
29374.784,0.15060702259593284
29374.785,0.1506068016800908
29374.786,0.15060658509437255
29374.787,0.15060637273307587
29374.788,0.15060616415818973
29374.789,0.1506059585636902
29374.79,0.15060575682533742
29374.791,0.15060555875860315
29374.792,0.15060536430509108
29374.793,0.15060517306806134
29374.794,0.15060498518009882
29374.795,0.15060480002582174
29374.796,0.15060461684459173
29374.797,0.15060443584448208
29374.798,0.15060425707579841
29374.799,0.15060407990780575
29374.8,0.15060390444610913
29374.801,0.15060373028390348
29374.802,0.1506035575050786
29374.803,0.15060338598595452
29374.804,0.15060321589543546
29374.805,0.150603046572198
29374.806,0.1506028782620426
29374.807,0.15060271130485958
29374.808,0.1506025452614779
29374.809,0.15060237938345586
29374.81,0.1506022141905262
29374.811,0.1506020493952686
29374.812,0.1506018843843886
29374.813,0.15060171898706354
29374.814,0.15060155307652745
29374.815,0.15060138687607166
29374.816,0.15060121977294216
29374.817,0.1506010518041533
29374.818,0.1506008833521363
29374.819,0.15060071419648072
29374.82,0.1506005447227309
29374.821,0.15060037413261704
29374.822,0.1506002022199442
29374.823,0.15060002942537945
29374.824,0.15059985627345462
29374.825,0.15059968249743405
29374.826,0.15059950730836602
29374.827,0.15059933152746893
29374.828,0.15059915503975474
29374.829,0.15059897724764099
29374.83,0.15059879848642344
29374.831,0.15059861892241125
29374.832,0.15059843901258105
29374.833,0.15059825849940528
29374.834,0.15059807792042765
29374.835,0.1505978968524452
29374.836,0.15059771507861044
29374.837,0.15059753353499855
29374.838,0.15059735183972264
29374.839,0.15059717020568938
29374.84,0.15059698952515144
29374.841,0.15059681028689176
29374.842,0.15059663205243984
29374.843,0.15059645480714537
29374.844,0.1505962790560475
29374.845,0.15059610445483637
29374.846,0.15059593114824868
29374.847,0.15059575930540525
29374.848,0.1505955892830613
29374.849,0.1505954214435436
29374.85,0.15059525627083267
29374.851,0.15059509360023612
29374.852,0.1505949334906829
29374.853,0.15059477646569097
29374.854,0.15059462259977166
29374.855,0.15059447103054543
29374.856,0.1505943227099594
29374.857,0.15059417760112837
29374.858,0.15059403622525117
29374.859,0.15059389795431766
29374.86,0.15059376312163986
29374.861,0.15059363217756716
29374.862,0.15059350438705385
29374.863,0.15059337898637123
29374.864,0.15059325704142382
29374.865,0.15059313791030862
29374.866,0.1505930221524488
29374.867,0.15059290938661396
29374.868,0.15059279929979807
29374.869,0.15059269205551573
29374.87,0.15059258753178978
29374.871,0.15059248573816256
29374.872,0.15059238567228417
29374.873,0.1505922879111254
29374.874,0.15059219234072158
29374.875,0.1505920982878788
29374.876,0.15059200575054285
29374.877,0.15059191465634475
29374.878,0.15059182468828686
29374.879,0.15059173457059521
29374.88,0.15059164469089364
29374.881,0.15059155496833423
29374.882,0.1505914655671557
29374.883,0.1505913758581424
29374.884,0.15059128562539775
29374.885,0.15059119434222804
29374.886,0.15059110214952798
29374.887,0.15059100900619946
29374.888,0.15059091408605926
29374.889,0.15059081744321892
29374.89,0.15059071980757766
29374.891,0.15059062086532118
29374.892,0.1505905198214473
29374.893,0.15059041644529897
29374.894,0.15059031073572154
29374.895,0.15059020215800137
29374.896,0.15059009033346923
29374.897,0.15058997557416912
29374.898,0.15058985830053384
29374.899,0.15058973812811566
29374.9,0.15058961508765994
29374.901,0.15058948913474957
29374.902,0.150589360334049
29374.903,0.1505892289069639
29374.904,0.15058909490624087
29374.905,0.150588958284581
29374.906,0.1505888188402013
29374.907,0.150588677226932
29374.908,0.15058853329326802
29374.909,0.15058838757383852
29374.91,0.15058823983992556
29374.911,0.15058809049433225
29374.912,0.15058793933354295
29374.913,0.15058778663908837
29374.914,0.1505876324121404
29374.915,0.15058747700341074
29374.916,0.15058732065247674
29374.917,0.1505871638430959
29374.918,0.15058700687617607
29374.919,0.15058684976473022
29374.92,0.15058669315154088
29374.921,0.15058653684101256
29374.922,0.15058638082914236
29374.923,0.15058622605801272
29374.924,0.1505860728584825
29374.925,0.15058592102988566
29374.926,0.1505857706303302
29374.927,0.15058562258662164
29374.928,0.15058547644385104
29374.929,0.15058533202748542
29374.93,0.1505851901379293
29374.931,0.15058505085280366
29374.932,0.15058491459579482
29374.933,0.15058478177946852
29374.934,0.15058465259747794
29374.935,0.1505845272676116
29374.936,0.15058440582772212
29374.937,0.15058428859714587
29374.938,0.15058417539752308
29374.939,0.1505840661010656
29374.94,0.1505839616824663
29374.941,0.15058386230048149
29374.942,0.1505837675380698
29374.943,0.15058367773030387
29374.944,0.1505835934593941
29374.945,0.15058351406132953
29374.946,0.15058343950152533
29374.947,0.1505833698633072
29374.948,0.1505833053724655
29374.949,0.1505832458898944
29374.95,0.15058319164118023
29374.951,0.15058314260366332
29374.952,0.15058309886561633
29374.953,0.15058306012678263
29374.954,0.15058302686369107
29374.955,0.15058299912773593
29374.956,0.15058297666889273
29374.957,0.15058296012550895
29374.958,0.15058294963391883
29374.959,0.1505829442918606
29374.96,0.15058294503694442
29374.961,0.15058295196016933
29374.962,0.15058296403100407
29374.963,0.15058298119958197
29374.964,0.15058300391072027
29374.965,0.15058303160569353
29374.966,0.15058306504424823
29374.967,0.1505831039937418
29374.968,0.15058314887761823
29374.969,0.15058319937430187
29374.97,0.1505832555409524
29374.971,0.15058331732801364
29374.972,0.15058338447149006
29374.973,0.15058345773076415
29374.974,0.15058353708303615
29374.975,0.15058362238763467
29374.976,0.150583713925073
29374.977,0.15058381173113872
29374.978,0.15058391527852033
29374.979,0.15058402427841627
29374.98,0.15058413951828745
29374.981,0.15058426056257054
29374.982,0.1505843875678307
29374.983,0.15058452009008064
29374.984,0.1505846590424622
29374.985,0.15058480427225018
29374.986,0.15058495564284377
29374.987,0.15058511302708122
29374.988,0.15058527588241927
29374.989,0.15058544455057024
29374.99,0.15058561981645557
29374.991,0.15058580114295664
29374.992,0.15058598811420848
29374.993,0.1505861809426937
29374.994,0.15058637993926938
29374.995,0.1505865846408389
29374.996,0.15058679482956874
29374.997,0.15058701072805217
29374.998,0.15058723241828018
29374.999,0.15058745923708525
29375.0,0.15058769139971395
29375.001,0.15058792887974753
29375.002,0.1505881714844323
29375.003,0.15058841900905467
29375.004,0.15058867113443955
29375.005,0.15058892766053594
29375.006,0.15058918844104568
29375.007,0.15058945378860306
29375.008,0.15058972340988264
29375.009,0.15058999690306193
29375.01,0.15059027368867484
29375.011,0.15059055446087696
29375.012,0.15059083830859682
29375.013,0.1505911247738612
29375.014,0.15059141389856529
29375.015,0.15059170590372709
29375.016,0.15059200051644137
29375.017,0.1505922974026367
29375.018,0.1505925967589502
29375.019,0.15059289796604752
29375.02,0.15059320127234713
29375.021,0.15059350592074564
29375.022,0.15059381191610416
29375.023,0.15059411945425905
29375.024,0.15059442856515248
29375.025,0.1505947388750635
29375.026,0.15059505016254962
29375.027,0.1505953625701846
29375.028,0.15059567582089775
29375.029,0.1505959895062744
29375.03,0.15059630375750493
29375.031,0.1505966180946535
29375.032,0.15059693301834023
29375.033,0.15059724843709318
29375.034,0.15059756440689928
29375.035,0.15059788075969435
29375.036,0.15059819766923044
29375.037,0.15059851590650208
29375.038,0.15059883515408232
29375.039,0.1505991548703891
29375.04,0.1505994760841444
29375.041,0.15059979887650343
29375.042,0.15060012337567422
29375.043,0.1506004496938824
29375.044,0.1506007776790522
29375.045,0.15060110745760658
29375.046,0.15060143888056632
29375.047,0.15060177258355437
29375.048,0.15060210888312542
29375.049,0.1506024473354411
29375.05,0.15060278855700218
29375.051,0.15060313295153585
29375.052,0.15060348064096987
29375.053,0.15060383159554014
29375.054,0.15060418622596355
29375.055,0.15060454406401425
29375.056,0.150604905128539
29375.057,0.1506052702377683
29375.058,0.1506056393949405
29375.059,0.150606012779592
29375.06,0.15060639085317723
29375.061,0.15060677376627596
29375.062,0.15060716101029947
29375.063,0.15060755247773375
29375.064,0.15060794842892228
29375.065,0.15060834914481475
29375.066,0.1506087549568392
29375.067,0.15060916550436185
29375.068,0.1506095808160117
29375.069,0.15061000026826085
29375.07,0.150610424556766
29375.071,0.15061085338312505
29375.072,0.1506112863118888
29375.073,0.15061172351238508
29375.074,0.15061216526271398
29375.075,0.1506126115967861
29375.076,0.15061306228022822
29375.077,0.15061351712678397
29375.078,0.15061397567248774
29375.079,0.15061443783633446
29375.08,0.15061490332551625
29375.081,0.1506153718874693
29375.082,0.15061584364982952
29375.083,0.15061631833072342
29375.084,0.15061679597819805
29375.085,0.15061727601787828
29375.086,0.15061775798053106
29375.087,0.15061824224108403
29375.088,0.15061872812504928
29375.089,0.1506192156456474
29375.09,0.15061970497340257
29375.091,0.1506201960817402
29375.092,0.1506206884917271
29375.093,0.15062118242510633
29375.094,0.15062167754400865
29375.095,0.15062217327951305
29375.096,0.15062266903624733
29375.097,0.15062316471579934
29375.098,0.15062366015439987
29375.099,0.15062415498381115
29375.1,0.15062464973052903
29375.101,0.1506251437588167
29375.102,0.15062563683828517
29375.103,0.1506261289443628
29375.104,0.1506266199881404
29375.105,0.1506271095473873
29375.106,0.15062759764721226
29375.107,0.15062808419218418
29375.108,0.1506285692705392
29375.109,0.15062905256495357
29375.11,0.150629534042581
29375.111,0.15063001427998918
29375.112,0.15063049208597026
29375.113,0.15063096713792126
29375.114,0.15063143971357623
29375.115,0.15063190933735776
29375.116,0.15063237588988443
29375.117,0.15063283936249006
29375.118,0.15063329959814548
29375.119,0.15063375614007438
29375.12,0.15063420961393267
29375.121,0.15063465970022508
29375.122,0.15063510616949016
29375.123,0.15063554906128118
29375.124,0.15063598874833714
29375.125,0.15063642469165245
29375.126,0.15063685675436736
29375.127,0.15063728505549093
29375.128,0.15063770934192283
29375.129,0.15063812943719943
29375.13,0.1506385448817196
29375.131,0.15063895558437765
29375.132,0.15063936177982784
29375.133,0.15063976314681535
29375.134,0.15064015990830953
29375.135,0.1506405518852758
29375.136,0.15064093866227396
29375.137,0.15064132047909554
29375.138,0.15064169679543785
29375.139,0.150642067570178
29375.14,0.1506424335954324
29375.141,0.15064279461760885
29375.142,0.15064315038829007
29375.143,0.15064350057357473
29375.144,0.15064384504939043
29375.145,0.1506441836446534
29375.146,0.15064451624044878
29375.147,0.15064484273410914
29375.148,0.1506451631532986
29375.149,0.15064547745455115
29375.15,0.1506457859802023
29375.151,0.1506460882207721
29375.152,0.1506463841311076
29375.153,0.15064667354799546
29375.154,0.15064695697582767
29375.155,0.1506472340448266
29375.156,0.15064750462290888
29375.157,0.15064776921308873
29375.158,0.15064802800160995
29375.159,0.15064828023506813
29375.16,0.1506485261372655
29375.161,0.15064876563542323
29375.162,0.15064899827174877
29375.163,0.15064922406515677
29375.164,0.15064944338508537
29375.165,0.15064965620686693
29375.166,0.15064986236778216
29375.167,0.15065006164236872
29375.168,0.15065025427611436
29375.169,0.15065044029160382
29375.17,0.15065062041770616
29375.171,0.15065079411759988
29375.172,0.15065096139616105
29375.173,0.15065112281287726
29375.174,0.15065127855167074
29375.175,0.15065142836595655
29375.176,0.15065157217230551
29375.177,0.15065171056481524
29375.178,0.1506518434573729
29375.179,0.15065197089964127
29375.18,0.1506520925190162
29375.181,0.15065220858908027
29375.182,0.15065231933127335
29375.183,0.15065242467282153
29375.184,0.1506525252584661
29375.185,0.15065262123348971
29375.186,0.1506527123803165
29375.187,0.15065279927857617
29375.188,0.15065288163979532
29375.189,0.15065295952582514
29375.19,0.15065303352144116
29375.191,0.15065310418338834
29375.192,0.15065317067866016
29375.193,0.15065323317254625
29375.194,0.15065329188906557
29375.195,0.15065334650778553
29375.196,0.15065339724826218
29375.197,0.15065344477598697
29375.198,0.1506534887221712
29375.199,0.1506535292893546
29375.2,0.15065356656140153
29375.201,0.15065359981132467
29375.202,0.1506536299372177
29375.203,0.15065365712440368
29375.204,0.15065368124170872
29375.205,0.15065370225805527
29375.206,0.15065372034504912
29375.207,0.1506537353914226
29375.208,0.15065374757169167
29375.209,0.15065375684498852
29375.21,0.15065376313814816
29375.211,0.15065376641231584
29375.212,0.15065376592977026
29375.213,0.15065376165197866
29375.214,0.1506537537703989
29375.215,0.15065374216616215
29375.216,0.150653726996501
29375.217,0.15065370804084252
29375.218,0.15065368520006167
29375.219,0.15065365865293662
29375.22,0.15065362836937474
29375.221,0.15065359419734906
29375.222,0.15065355537119773
29375.223,0.1506535124136393
29375.224,0.15065346538205213
29375.225,0.15065341402300492
29375.226,0.15065335821900774
29375.227,0.15065329790994816
29375.228,0.15065323273466322
29375.229,0.15065316205797985
29375.23,0.15065308580436212
29375.231,0.15065300413662108
29375.232,0.15065291714974116
29375.233,0.1506528248741748
29375.234,0.15065272723461437
29375.235,0.15065262375714758
29375.236,0.15065251426184653
29375.237,0.15065239905390962
29375.238,0.15065227767022152
29375.239,0.15065214987178585
29375.24,0.15065201616392881
29375.241,0.15065187655368079
29375.242,0.15065173057661568
29375.243,0.150651577907094
29375.244,0.1506514188078232
29375.245,0.15065125320130923
29375.246,0.15065108059770096
29375.247,0.15065090093889374
29375.248,0.15065071454878545
29375.249,0.1506505213572843
29375.25,0.15065032123965447
29375.251,0.15065011389628324
29375.252,0.15064989962362146
29375.253,0.15064967852654437
29375.254,0.15064945061596563
29375.255,0.15064921510752027
29375.256,0.15064897246796524
29375.257,0.15064872332593346
29375.258,0.1506484676586046
29375.259,0.15064820515925942
29375.26,0.15064793615822406
29375.261,0.15064766094395027
29375.262,0.1506473789495381
29375.263,0.15064709004604776
29375.264,0.1506467944033738
29375.265,0.15064649224039267
29375.266,0.15064618349259648
29375.267,0.15064586871537375
29375.268,0.1506455483813211
29375.269,0.1506452221789714
29375.27,0.15064489061092234
29375.271,0.15064455358897622
29375.272,0.15064421107757797
29375.273,0.1506438635692286
29375.274,0.1506435113788821
29375.275,0.15064315464622816
29375.276,0.15064279367139802
29375.277,0.1506424287425416
29375.278,0.15064206024352153
29375.279,0.150641687816546
29375.28,0.15064131155483507
29375.281,0.15064093207700097
29375.282,0.1506405500786911
29375.283,0.1506401652860816
29375.284,0.15063977837238865
29375.285,0.1506393891762415
29375.286,0.1506389979222309
29375.287,0.1506386053831574
29375.288,0.1506382117791651
29375.289,0.15063781702457846
29375.29,0.15063742226967328
29375.291,0.1506370273419708
29375.292,0.15063663202435765
29375.293,0.1506362369313472
29375.294,0.15063584255579845
29375.295,0.15063544839404513
29375.296,0.1506350548730979
29375.297,0.15063466222546526
29375.298,0.15063427037856683
29375.299,0.15063387984695675
29375.3,0.15063349103873364
29375.301,0.15063310378536512
29375.302,0.15063271864207164
29375.303,0.1506323354209015
29375.304,0.15063195385175493
29375.305,0.15063157401700455
29375.306,0.1506311958198257
29375.307,0.15063082001250683
29375.308,0.15063044668365685
29375.309,0.1506300758070961
29375.31,0.15062970723534133
29375.311,0.15062934118439097
29375.312,0.1506289768469136
29375.313,0.1506286139583045
29375.314,0.15062825337344551
29375.315,0.15062789497481838
29375.316,0.15062753835675768
29375.317,0.15062718326074373
29375.318,0.15062683022306766
29375.319,0.15062647889718128
29375.32,0.15062612922149313
29375.321,0.15062578107131727
29375.322,0.15062543382451424
29375.323,0.15062508791190313
29375.324,0.15062474320734515
29375.325,0.1506243991304571
29375.326,0.15062405536636408
29375.327,0.15062371194145233
29375.328,0.15062336810188054
29375.329,0.15062302396388558
29375.33,0.15062267976868035
29375.331,0.15062233496031968
29375.332,0.1506219892838109
29375.333,0.1506216429983975
29375.334,0.15062129566088336
29375.335,0.15062094712577165
29375.336,0.1506205974604183
29375.337,0.15062024677572874
29375.338,0.15061989469159023
29375.339,0.15061954109022652
29375.34,0.15061918632010846
29375.341,0.15061883024428924
29375.342,0.15061847226359842
29375.343,0.1506181124026103
29375.344,0.15061775091592122
29375.345,0.15061738731302923
29375.346,0.150617021003893
29375.347,0.15061665250701867
29375.348,0.1506162816932949
29375.349,0.1506159083269868
29375.35,0.15061553238236405
29375.351,0.1506151537585911
29375.352,0.15061477272911591
29375.353,0.15061438930773005
29375.354,0.1506140032936998
29375.355,0.15061361456829991
29375.356,0.15061322338603483
29375.357,0.15061283025509825
29375.358,0.15061243451544615
29375.359,0.15061203613250027
29375.36,0.1506116353226428
29375.361,0.15061123218339978
29375.362,0.15061082587548208
29375.363,0.15061041673808598
29375.364,0.15061000505995675
29375.365,0.15060959084994774
29375.366,0.15060917395964718
29375.367,0.15060875465546358
29375.368,0.1506083330803385
29375.369,0.15060790881171704
29375.37,0.15060748248562872
29375.371,0.1506070536761464
29375.372,0.15060662254932125
29375.373,0.15060618946796803
29375.374,0.1506057546169226
29375.375,0.15060531796829926
29375.376,0.1506048796661799
29375.377,0.15060443982821162
29375.378,0.15060399826175033
29375.379,0.15060355426429692
29375.38,0.15060310841178065
29375.381,0.15060266082706497
29375.382,0.15060221195361406
29375.383,0.15060176182080176
29375.384,0.15060131082443043
29375.385,0.15060085905345097
29375.386,0.15060040614264594
29375.387,0.15059995212002328
29375.388,0.15059949704480535
29375.389,0.15059904080230802
29375.39,0.1505985841545981
29375.391,0.15059812692557709
29375.392,0.15059766922142342
29375.393,0.15059721102184323
29375.394,0.15059675239057382
29375.395,0.15059629343991227
29375.396,0.15059583389894546
29375.397,0.15059537391786604
29375.398,0.15059491349297172
29375.399,0.1505944527559454
29375.4,0.15059399167984505
29375.401,0.15059353024347555
29375.402,0.15059306865568034
29375.403,0.15059260701965574
29375.404,0.15059214525400752
29375.405,0.15059168327658284
29375.406,0.1505912214781429
29375.407,0.15059076002349903
29375.408,0.15059029886314382
29375.409,0.1505898375538044
29375.41,0.15058937603358027
29375.411,0.15058891441526998
29375.412,0.15058845226176185
29375.413,0.15058798978242877
29375.414,0.15058752726630736
29375.415,0.15058706412843162
29375.416,0.15058660060515602
29375.417,0.15058613676665863
29375.418,0.15058567279116677
29375.419,0.15058520799036074
29375.42,0.15058474253754017
29375.421,0.15058427637270524
29375.422,0.15058380908050584
29375.423,0.15058334128134424
29375.424,0.15058287328980427
29375.425,0.15058240464436334
29375.426,0.15058193501646006
29375.427,0.15058146487124754
29375.428,0.1505809938687469
29375.429,0.1505805222219589
29375.43,0.15058004957487872
29375.431,0.15057957583233347
29375.432,0.15057910125932922
29375.433,0.15057862631971947
29375.434,0.15057815057610424
29375.435,0.15057767405533024
29375.436,0.15057719668759784
29375.437,0.15057671875359716
29375.438,0.15057624010087609
29375.439,0.15057576076488563
29375.44,0.150575281111204
29375.441,0.15057480123967407
29375.442,0.15057432095418083
29375.443,0.1505738403523384
29375.444,0.15057335957794696
29375.445,0.1505728784002973
29375.446,0.15057239667945105
29375.447,0.15057191488837654
29375.448,0.15057143306069776
29375.449,0.15057095143115706
29375.45,0.15057047001409024
29375.451,0.1505699891601736
29375.452,0.15056950876175357
29375.453,0.1505690292101942
29375.454,0.15056855071264552
29375.455,0.1505680725508877
29375.456,0.15056759541908366
29375.457,0.15056711964848082
29375.458,0.15056664494315375
29375.459,0.1505661715599264
29375.46,0.15056569950395549
29375.461,0.1505652291038926
29375.462,0.1505647596145755
29375.463,0.15056429130915708
29375.464,0.1505638244840959
29375.465,0.1505633588885293
29375.466,0.15056289506591553
29375.467,0.15056243308147998
29375.468,0.15056197322660905
29375.469,0.1505615149107125
29375.47,0.1505610586921127
29375.471,0.15056060435038826
29375.472,0.15056015175733684
29375.473,0.15055970126641577
29375.474,0.15055925282156057
29375.475,0.15055880611065034
29375.476,0.15055836112064902
29375.477,0.15055791770491128
29375.478,0.15055747552216117
29375.479,0.1505570341114157
29375.48,0.15055659397454127
29375.481,0.15055615481765108
29375.482,0.15055571699090323
29375.483,0.15055527968785123
29375.484,0.15055484307177122
29375.485,0.1505544069945611
29375.486,0.15055397159487774
29375.487,0.15055353677207528
29375.488,0.15055310242178377
29375.489,0.15055266822202043
29375.49,0.15055223402049123
29375.491,0.15055179972536464
29375.492,0.15055136516227163
29375.493,0.1505509298982626
29375.494,0.15055049400853016
29375.495,0.15055005696803025
29375.496,0.1505496182318637
29375.497,0.15054917797108305
29375.498,0.15054873599247676
29375.499,0.1505482922838789
29375.5,0.1505478464769078
29375.501,0.15054739859176644
29375.502,0.15054694847873756
29375.503,0.15054649598973327
29375.504,0.15054604109063635
29375.505,0.15054558322918457
29375.506,0.15054512238618276
29375.507,0.15054465888905572
29375.508,0.15054419263007554
29375.509,0.15054372272654953
29375.51,0.15054324938384334
29375.511,0.15054277259499674
29375.512,0.1505422918490459
29375.513,0.15054180655384475
29375.514,0.15054131716650884
29375.515,0.15054082352945533
29375.516,0.15054032559056565
29375.517,0.15053982335931398
29375.518,0.15053931692765307
29375.519,0.15053880610405426
29375.52,0.1505382913005348
29375.521,0.1505377725261204
29375.522,0.15053724916902653
29375.523,0.15053672168687202
29375.524,0.15053619007064628
29375.525,0.15053565386606652
29375.526,0.15053511333875164
29375.527,0.15053456892834974
29375.528,0.15053402034852567
29375.529,0.15053346732990308
29375.53,0.1505329102547501
29375.531,0.15053234929284717
29375.532,0.15053178450395646
29375.533,0.150531216154497
29375.534,0.1505306443156175
29375.535,0.15053006893622703
29375.536,0.15052949047613728
29375.537,0.15052890908582223
29375.538,0.15052832467831367
29375.539,0.15052773738379124
29375.54,0.1505271482858329
29375.541,0.15052655742057558
29375.542,0.15052596455442113
29375.543,0.1505253700500248
29375.544,0.15052477419471819
29375.545,0.15052417710842583
29375.546,0.15052357861317486
29375.547,0.15052297936907066
29375.548,0.15052237970489993
29375.549,0.15052177985281684
29375.55,0.15052117989362873
29375.551,0.15052058002828866
29375.552,0.15051998036845823
29375.553,0.15051938144870844
29375.554,0.1505187835673144
29375.555,0.15051818593680968
29375.556,0.15051758981483712
29375.557,0.15051699536311355
29375.558,0.15051640311407327
29375.559,0.15051581284231558
29375.56,0.15051522463452927
29375.561,0.15051463916430727
29375.562,0.15051405594703618
29375.563,0.15051347492129827
29375.564,0.15051289670436596
29375.565,0.15051232132564482
29375.566,0.15051174886663332
29375.567,0.15051117931795305
29375.568,0.1505106130610256
29375.569,0.1505100497640411
29375.57,0.15050948987755935
29375.571,0.15050893338716584
29375.572,0.15050837980687864
29375.573,0.15050782958827183
29375.574,0.15050728297341565
29375.575,0.1505067400460261
29375.576,0.15050620037271265
29375.577,0.15050566436611518
29375.578,0.1505051316792082
29375.579,0.15050460204784585
29375.58,0.1505040758531497
29375.581,0.1505035523435909
29375.582,0.15050303194604187
29375.583,0.1505025144604124
29375.584,0.15050200022772423
29375.585,0.15050148880249842
29375.586,0.15050098001983506
29375.587,0.1505004733588957
29375.588,0.15049996902418783
29375.589,0.15049946697535835
29375.59,0.1504989670952835
29375.591,0.1504984696607988
29375.592,0.15049797410191446
29375.593,0.15049748008633754
29375.594,0.15049698808485273
29375.595,0.15049649773282972
29375.596,0.1504960087550462
29375.597,0.15049552114301024
29375.598,0.15049503500471229
29375.599,0.1504945501895418
29375.6,0.1504940666735689
29375.601,0.15049358462982781
29375.602,0.15049310408522895
29375.603,0.15049262494352017
29375.604,0.15049214719387918
29375.605,0.15049167085180007
29375.606,0.15049119597607477
29375.607,0.15049072283476628
29375.608,0.1504902509038234
29375.609,0.15048978002241484
29375.61,0.15048931062482038
29375.611,0.15048884289705663
29375.612,0.15048837618384295
29375.613,0.15048791057975183
29375.614,0.1504874470167249
29375.615,0.15048698503446517
29375.616,0.15048652488310504
29375.617,0.15048606655806307
29375.618,0.15048561000933586
29375.619,0.15048515514949695
29375.62,0.150484702244124
29375.621,0.15048425099141077
29375.622,0.15048380110252238
29375.623,0.1504833530229078
29375.624,0.15048290705916384
29375.625,0.1504824631106677
29375.626,0.15048202122820464
29375.627,0.15048158130478018
29375.628,0.15048114339190105
29375.629,0.15048070699485339
29375.63,0.15048027187417423
29375.631,0.1504798380901703
29375.632,0.150479405609796
29375.633,0.15047897429085902
29375.634,0.15047854421878648
29375.635,0.15047811500367086
29375.636,0.1504776869901584
29375.637,0.15047725980614338
29375.638,0.15047683322141453
29375.639,0.15047640670026716
29375.64,0.15047598055701028
29375.641,0.15047555421102207
29375.642,0.15047512691812634
29375.643,0.15047469883576114
29375.644,0.15047426956836935
29375.645,0.15047383876622022
29375.646,0.1504734056726302
29375.647,0.15047297019138353
29375.648,0.15047253211450212
29375.649,0.15047209095876873
29375.65,0.1504716467012409
29375.651,0.15047119897491393
29375.652,0.15047074771309224
29375.653,0.15047029261375441
29375.654,0.15046983329513838
29375.655,0.15046936886988443
29375.656,0.15046889999884394
29375.657,0.1504684261752874
29375.658,0.1504679470392714
29375.659,0.15046746177628464
29375.66,0.15046697024630476
29375.661,0.15046647262470877
29375.662,0.15046596760096578
29375.663,0.15046545475413017
29375.664,0.1504649349125721
29375.665,0.1504644072867756
29375.666,0.15046387177918197
29375.667,0.15046332835755868
29375.668,0.15046277680652437
29375.669,0.15046221660950693
29375.67,0.15046164804308662
29375.671,0.1504610709353484
29375.672,0.15046048458983358
29375.673,0.15045988959339462
29375.674,0.15045928644224443
29375.675,0.15045867403856097
29375.676,0.1504580526234611
29375.677,0.15045742263611953
29375.678,0.1504567831815237
29375.679,0.15045613427782353
29375.68,0.15045547583595564
29375.681,0.15045480843161818
29375.682,0.15045413209126532
29375.683,0.15045344661038962
29375.684,0.15045275215135318
29375.685,0.15045204870146378
29375.686,0.15045133626343737
29375.687,0.1504506150639642
29375.688,0.15044988538524273
29375.689,0.15044914729423137
29375.69,0.15044840082074354
29375.691,0.15044764666850186
29375.692,0.1504468844582703
29375.693,0.1504461145653697
29375.694,0.1504453374768191
29375.695,0.15044455246173355
29375.696,0.15044375954468936
29375.697,0.15044295940587452
29375.698,0.15044215257859667
29375.699,0.15044133900840534
29375.7,0.15044051912712406
29375.701,0.15043969327920012
29375.702,0.1504388614436313
29375.703,0.15043802374063833
29375.704,0.15043718054097485
29375.705,0.15043633174205767
29375.706,0.15043547724605635
29375.707,0.15043461774824143
29375.708,0.15043375373106194
29375.709,0.15043288502020513
29375.71,0.15043201189564637
29375.711,0.1504311349286067
29375.712,0.15043025344638536
29375.713,0.15042936807423654
29375.714,0.15042847949382804
29375.715,0.15042758734945452
29375.716,0.15042669208644155
29375.717,0.1504257940933785
29375.718,0.15042489382713517
29375.719,0.15042399119267746
29375.72,0.15042308677568164
29375.721,0.1504221808646011
29375.722,0.15042127365653177
29375.723,0.1504203654128269
29375.724,0.15041945663573225
29375.725,0.15041854740643468
29375.726,0.1504176378008381
29375.727,0.15041672798683317
29375.728,0.15041581820669284
29375.729,0.1504149085054943
29375.73,0.15041399900718302
29375.731,0.15041309085970087
29375.732,0.15041218408321352
29375.733,0.15041127886817945
29375.734,0.15041037545011662
29375.735,0.15040947382089392
29375.736,0.15040857457208057
29375.737,0.15040767787210998
29375.738,0.1504067841288165
29375.739,0.15040589327160667
29375.74,0.1504050059574695
29375.741,0.1504041222320959
29375.742,0.1504032418574918
29375.743,0.1504023655180459
29375.744,0.15040149318395937
29375.745,0.15040062474224877
29375.746,0.1503997602123401
29375.747,0.15039890032471095
29375.748,0.1503980453514025
29375.749,0.15039719500215445
29375.75,0.15039634956117168
29375.751,0.15039550892645318
29375.752,0.1503946730430523
29375.753,0.15039384213098692
29375.754,0.15039301613848507
29375.755,0.15039219493625905
29375.756,0.15039137881923403
29375.757,0.15039056755941163
29375.758,0.1503897615100074
29375.759,0.15038896000596388
29375.76,0.1503881630027625
29375.761,0.1503873706533555
29375.762,0.1503865818966788
29375.763,0.1503857971903129
29375.764,0.15038501691498896
29375.765,0.1503842402410308
29375.766,0.15038346742071843
29375.767,0.15038269843631777
29375.768,0.15038193295984925
29375.769,0.15038117070745577
29375.77,0.15038041183570666
29375.771,0.15037965569758632
29375.772,0.15037890195073422
29375.773,0.15037815109034333
29375.774,0.1503774029249226
29375.775,0.1503766566979981
29375.776,0.150375912545467
29375.777,0.15037516965159142
29375.778,0.15037442762296108
29375.779,0.15037368630254733
29375.78,0.15037294549981228
29375.781,0.15037220521564995
29375.782,0.1503714646298797
29375.783,0.15037072403726548
29375.784,0.15036998327129278
29375.785,0.15036924193269746
29375.786,0.1503684998823044
29375.787,0.15036775701422234
29375.788,0.15036701323928048
29375.789,0.15036626790266994
29375.79,0.1503655211066202
29375.791,0.15036477283851019
29375.792,0.1503640223813603
29375.793,0.15036326974985162
29375.794,0.15036251493825953
29375.795,0.15036175728278822
29375.796,0.15036099674529188
29375.797,0.15036023316362504
29375.798,0.15035946654945181
29375.799,0.15035869651716977
29375.8,0.15035792313204333
29375.801,0.15035714628358776
29375.802,0.15035636552084794
29375.803,0.15035558126092152
29375.804,0.15035479331535867
29375.805,0.15035400115568984
29375.806,0.15035320555013154
29375.807,0.15035240628184549
29375.808,0.15035160338575068
29375.809,0.15035079621718345
29375.81,0.1503499848978542
29375.811,0.1503491697868385
29375.812,0.15034834996444066
29375.813,0.1503475257556735
29375.814,0.1503466971090786
29375.815,0.15034586399242703
29375.816,0.15034502668595345
29375.817,0.15034418530577348
29375.818,0.15034333974324715
29375.819,0.15034248948312784
29375.82,0.15034163530445394
29375.821,0.15034077704227378
29375.822,0.1503399144681722
29375.823,0.15033904790749672
29375.824,0.1503381780560212
29375.825,0.15033730469087922
29375.826,0.15033642771260078
29375.827,0.15033554722419606
29375.828,0.15033466296280423
29375.829,0.15033377494919586
29375.83,0.15033288315627297
29375.831,0.15033198817219354
29375.832,0.15033108975259202
29375.833,0.15033018790170552
29375.834,0.1503292828607778
29375.835,0.15032837499272905
29375.836,0.15032746430832225
29375.837,0.15032655026814465
29375.838,0.15032563319803036
29375.839,0.1503247128182165
29375.84,0.150323789864796
29375.841,0.15032286463527797
29375.842,0.15032193672513317
29375.843,0.15032100631427603
29375.844,0.15032007336727488
29375.845,0.15031913762751156
29375.846,0.15031819902085908
29375.847,0.15031725780733782
29375.848,0.15031631348558933
29375.849,0.15031536638852325
29375.85,0.15031441661488726
29375.851,0.15031346419629374
29375.852,0.15031250883178657
29375.853,0.15031155080547196
29375.854,0.15031059000084931
29375.855,0.15030962593554567
29375.856,0.15030865894715711
29375.857,0.15030768900256736
29375.858,0.15030671614788546
29375.859,0.15030573980286108
29375.86,0.1503047596916718
29375.861,0.1503037761482383
29375.862,0.15030278866515784
29375.863,0.15030179726604526
29375.864,0.15030080156759976
29375.865,0.15029980147158534
29375.866,0.1502987969214088
29375.867,0.15029778789019202
29375.868,0.1502967740964896
29375.869,0.15029575519559749
29375.87,0.15029473105620544
29375.871,0.15029370143860796
29375.872,0.1502926659985347
29375.873,0.15029162475900437
29375.874,0.15029057761047127
29375.875,0.15028952411125954
29375.876,0.15028846368307203
29375.877,0.15028739621591486
29375.878,0.15028632167722578
29375.879,0.15028523961093584
29375.88,0.15028414981373078
29375.881,0.1502830525547027
29375.882,0.15028194767761505
29375.883,0.1502808349344199
29375.884,0.15027971399674162
29375.885,0.15027858477403452
29375.886,0.15027744696911682
29375.887,0.15027630068958522
29375.888,0.15027514573608688
29375.889,0.15027398177416856
29375.89,0.15027280920075908
29375.891,0.15027162809054215
29375.892,0.15027043813071111
29375.893,0.15026923894680547
29375.894,0.15026803067873365
29375.895,0.15026681306077436
29375.896,0.15026558614796956
29375.897,0.15026435009898287
29375.898,0.1502631051870197
29375.899,0.150261851297685
29375.9,0.1502605884964454
29375.901,0.15025931709006757
29375.902,0.1502580371177223
29375.903,0.15025674875093825
29375.904,0.15025545206458818
29375.905,0.15025414677112497
29375.906,0.15025283351001908
29375.907,0.15025151185646612
29375.908,0.15025018257910655
29375.909,0.15024884512581282
29375.91,0.15024750012113158
29375.911,0.15024614750423781
29375.912,0.15024478713647516
29375.913,0.15024341960991766
29375.914,0.1502420450512584
29375.915,0.15024066401253713
29375.916,0.1502392763375453
29375.917,0.15023788220618878
29375.918,0.1502364818194099
29375.919,0.1502350753562588
29375.92,0.15023366352099143
29375.921,0.15023224572274227
29375.922,0.1502308224864783
29375.923,0.1502293939578561
29375.924,0.1502279602323265
29375.925,0.15022652141708082
29375.926,0.1502250775027438
29375.927,0.15022362853601326
29375.928,0.1502221744621732
29375.929,0.15022071560308173
29375.93,0.150219252021893
29375.931,0.15021778407990166
29375.932,0.15021631154748827
29375.933,0.15021483472669753
29375.934,0.15021335391737517
29375.935,0.15021186915107967
29375.936,0.15021038013398075
29375.937,0.15020888719428163
29375.938,0.15020739071386505
29375.939,0.15020589016667188
29375.94,0.1502043863081192
29375.941,0.15020287880601818
29375.942,0.15020136720289387
29375.943,0.15019985176648504
29375.944,0.1501983325326322
29375.945,0.1501968091219627
29375.946,0.1501952815083467
29375.947,0.1501937502115655
29375.948,0.15019221492536072
29375.949,0.1501906757917643
29375.95,0.1501891326586711
29375.951,0.1501875858490162
29375.952,0.1501860353094191
29375.953,0.15018448158642725
29375.954,0.15018292433879066
29375.955,0.15018136319818387
29375.956,0.15017979856686794
29375.957,0.15017823054450757
29375.958,0.15017665912465827
29375.959,0.1501750839806132
29375.96,0.1501735050209826
29375.961,0.15017192301799895
29375.962,0.15017033723015194
29375.963,0.15016874775154426
29375.964,0.15016715521903262
29375.965,0.1501655594101116
29375.966,0.15016396066038537
29375.967,0.15016235931853034
29375.968,0.1501607547286214
29375.969,0.15015914727055568
29375.97,0.1501575375234537
29375.971,0.15015592546532688
29375.972,0.1501543111938769
29375.973,0.150152694830012
29375.974,0.15015107697194915
29375.975,0.15014945719226605
29375.976,0.15014783557386405
29375.977,0.1501462126056494
29375.978,0.15014458832355082
29375.979,0.15014296259014853
29375.98,0.15014133592664933
29375.981,0.15013970890141048
29375.982,0.1501380811912114
29375.983,0.15013645315657265
29375.984,0.15013482512943788
29375.985,0.1501331972618227
29375.986,0.15013156975638844
29375.987,0.1501299430735529
29375.988,0.15012831707620447
29375.989,0.15012669207934884
29375.99,0.15012506842369347
29375.991,0.15012344635354435
29375.992,0.15012182561669365
29375.993,0.15012020634954776
29375.994,0.15011858909007617
29375.995,0.1501169737880135
29375.996,0.15011536025742525
29375.997,0.15011374860225252
29375.998,0.15011213916908422
29375.999,0.15011053205471525
29376.0,0.1501089274391327
29376.001,0.15010732533320773
29376.002,0.15010572568959887
29376.003,0.15010412854453087
29376.004,0.15010253393561612
29376.005,0.15010094166235763
29376.006,0.15009935201936755
29376.007,0.15009776515026582
29376.008,0.15009618097853947
29376.009,0.150094599015037
29376.01,0.15009301948384313
29376.011,0.1500914420715615
29376.012,0.15008986656030465
29376.013,0.1500882927854497
29376.014,0.15008672042342186
29376.015,0.1500851497877404
29376.016,0.15008358059776203
29376.017,0.1500820127427967
29376.018,0.15008044617714714
29376.019,0.1500788806479628
29376.02,0.15007731599094395
29376.021,0.15007575181508306
29376.022,0.15007418821560742
29376.023,0.1500726248254426
29376.024,0.15007106164777032
29376.025,0.1500694982759992
29376.026,0.1500679342247273
29376.027,0.1500663695793557
29376.028,0.15006480373343195
29376.029,0.15006323638949778
29376.03,0.15006166742638155
29376.031,0.15006009673790244
29376.032,0.15005852387666976
29376.033,0.15005694893250976
29376.034,0.1500553717050315
29376.035,0.1500537918977323
29376.036,0.15005220913269773
29376.037,0.15005062358241153
29376.038,0.15004903490678204
29376.039,0.1500474426696927
29376.04,0.15004584705479762
29376.041,0.15004424777156358
29376.042,0.15004264452471527
29376.043,0.15004103685336054
29376.044,0.15003942472999676
29376.045,0.15003780793919083
29376.046,0.15003618643530825
29376.047,0.1500345599986728
29376.048,0.1500329286473455
29376.049,0.1500312924852419
29376.05,0.1500296517548389
29376.051,0.15002800638227784
29376.052,0.1500263558504546
29376.053,0.1500247004981639
29376.054,0.15002303982317283
29376.055,0.1500213739403092
29376.056,0.15001970316749713
29376.057,0.15001802751591514
29376.058,0.15001634688093204
29376.059,0.15001466113060866
29376.06,0.15001297016927742
29376.061,0.15001127444595816
29376.062,0.1500095731915497
29376.063,0.15000786665478438
29376.064,0.1500061553146013
29376.065,0.15000443903068042
29376.066,0.1500027184839723
29376.067,0.1500009932006905
29376.068,0.1499992635469237
29376.069,0.1499975301193757
29376.07,0.14999579271079783
29376.071,0.14999405166971497
29376.072,0.1499923069712309
29376.073,0.1499905588180012
29376.074,0.14998880795999103
29376.075,0.1499870537449463
29376.076,0.14998529668292607
29376.077,0.14998353702132233
29376.078,0.14998177453396203
29376.079,0.14998000919980853
29376.08,0.1499782414772618
29376.081,0.14997647174579073
29376.082,0.14997470030114382
29376.083,0.1499729275681594
29376.084,0.14997115379150988
29376.085,0.14996937935462012
29376.086,0.1499676044975879
29376.087,0.14996582968403935
29376.088,0.14996405506177465
29376.089,0.14996228078555957
29376.09,0.14996050716898496
29376.091,0.14995873475920848
29376.092,0.1499569632217612
29376.093,0.1499551927961499
29376.094,0.14995342412380053
29376.095,0.14995165702243546
29376.096,0.14994989190281421
29376.097,0.14994812908932476
29376.098,0.14994636917687737
29376.099,0.14994461230665596
29376.1,0.14994285888923348
29376.101,0.14994110909307773
29376.102,0.14993936321444074
29376.103,0.14993762177396242
29376.104,0.14993588503712618
29376.105,0.14993415283780184
29376.106,0.1499324255957941
29376.107,0.14993070371141098
29376.108,0.1499289870459221
29376.109,0.14992727585077223
29376.11,0.14992557023454467
29376.111,0.1499238704555672
29376.112,0.14992217635285346
29376.113,0.14992048814127204
29376.114,0.14991880609321634
29376.115,0.14991713050412842
29376.116,0.14991546154257487
29376.117,0.14991379942647276
29376.118,0.14991214410360726
29376.119,0.14991049561673214
29376.12,0.14990885422011543
29376.121,0.14990722009426263
29376.122,0.14990559306455817
29376.123,0.14990397354885632
29376.124,0.14990236158287537
29376.125,0.14990075678578033
29376.126,0.14989915917262664
29376.127,0.1498975686438182
29376.128,0.14989598473982596
29376.129,0.1498944075343361
29376.13,0.14989283712834414
29376.131,0.14989127350345216
29376.132,0.14988971654038685
29376.133,0.14988816641175182
29376.134,0.14988662311845233
29376.135,0.1498850866051848
29376.136,0.14988355658320382
29376.137,0.14988203357313867
29376.138,0.14988051693248738
29376.139,0.14987900670898188
29376.14,0.14987750338515066
29376.141,0.1498760066733909
29376.142,0.14987451619260928
29376.143,0.14987303194437762
29376.144,0.1498715541094861
29376.145,0.1498700822033365
29376.146,0.149868615621467
29376.147,0.1498671548793148
29376.148,0.14986570004826497
29376.149,0.14986425085616117
29376.15,0.1498628073348471
29376.151,0.14986136942532444
29376.152,0.14985993742534243
29376.153,0.14985851148836213
29376.154,0.14985709128140456
29376.155,0.14985567661697566
29376.156,0.1498542675629192
29376.157,0.14985286416724103
29376.158,0.1498514667062526
29376.159,0.14985007491554497
29376.16,0.14984868862289155
29376.161,0.1498473081756519
29376.162,0.14984593308577868
29376.163,0.14984456346785122
29376.164,0.14984319937701163
29376.165,0.14984184118862012
29376.166,0.1498404885623368
29376.167,0.1498391415542241
29376.168,0.1498378005050073
29376.169,0.14983646518874752
29376.17,0.149835135723403
29376.171,0.14983381212730884
29376.172,0.1498324939711879
29376.173,0.14983118169814655
29376.174,0.14982987555613675
29376.175,0.14982857531256225
29376.176,0.14982728070150733
29376.177,0.1498259915200083
29376.178,0.14982470755660196
29376.179,0.14982342886680378
29376.18,0.14982215580730862
29376.181,0.14982088818718858
29376.182,0.1498196259965558
29376.183,0.14981836891011652
29376.184,0.1498171172673507
29376.185,0.1498158710163783
29376.186,0.1498146296467976
29376.187,0.14981339336555574
29376.188,0.1498121615859539
29376.189,0.14981093422516656
29376.19,0.14980971149090985
29376.191,0.1498084932237097
29376.192,0.1498072787487274
29376.193,0.14980606814493025
29376.194,0.14980486127712436
29376.195,0.14980365723531627
29376.196,0.1498024557242249
29376.197,0.14980125667257038
29376.198,0.14980006003270327
29376.199,0.14979886529908237
29376.2,0.1497976724081736
29376.201,0.14979648098688536
29376.202,0.14979529078059153
29376.203,0.14979410141950814
29376.204,0.14979291260102426
29376.205,0.14979172369150773
29376.206,0.14979053488622823
29376.207,0.14978934602568
29376.208,0.14978815662824496
29376.209,0.14978696612265313
29376.21,0.14978577394053988
29376.211,0.14978457971827508
29376.212,0.1497833829122869
29376.213,0.1497821831929351
29376.214,0.14978098048062718
29376.215,0.14977977467370457
29376.216,0.14977856543799237
29376.217,0.149777352475253
29376.218,0.14977613515302354
29376.219,0.14977491335800502
29376.22,0.1497736867693111
29376.221,0.14977245518004376
29376.222,0.1497712179474562
29376.223,0.1497699753394676
29376.224,0.14976872684695072
29376.225,0.1497674721783492
29376.226,0.14976621120598033
29376.227,0.1497649435296721
29376.228,0.14976366873005392
29376.229,0.1497623864433022
29376.23,0.1497610971627
29376.231,0.14975980069311565
29376.232,0.14975849668815558
29376.233,0.14975718517854422
29376.234,0.14975586634021487
29376.235,0.14975453985456869
29376.236,0.14975320544707665
29376.237,0.14975186345099414
29376.238,0.14975051341354692
29376.239,0.14974915558680962
29376.24,0.1497477899465294
29376.241,0.14974641630158722
29376.242,0.14974503429665448
29376.243,0.14974364391094697
29376.244,0.14974224510450992
29376.245,0.1497408378172976
29376.246,0.1497394219816899
29376.247,0.14973799832344378
29376.248,0.14973656649421987
29376.249,0.1497351268574491
29376.25,0.1497336795657594
29376.251,0.14973222459977645
29376.252,0.1497307619402988
29376.253,0.14972929145617098
29376.254,0.1497278133908268
29376.255,0.14972632754315657
29376.256,0.14972483441947756
29376.257,0.14972333426279005
29376.258,0.14972182728752634
29376.259,0.14972031275622422
29376.26,0.1497187909037442
29376.261,0.14971726208227784
29376.262,0.14971572586253462
29376.263,0.1497141821277107
29376.264,0.14971263155066358
29376.265,0.14971107453048565
29376.266,0.14970951058423274
29376.267,0.1497079405201596
29376.268,0.14970636415187782
29376.269,0.14970478159818496
29376.27,0.14970319318090686
29376.271,0.1497015989533379
29376.272,0.14969999883790533
29376.273,0.14969839316305744
29376.274,0.14969678217827645
29376.275,0.14969516543637684
29376.276,0.14969354294257797
29376.277,0.14969191504565435
29376.278,0.1496902815133587
29376.279,0.14968864237048618
29376.28,0.1496869977879658
29376.281,0.14968534792433558
29376.282,0.1496836931671894
29376.283,0.14968203368904226
29376.284,0.14968036985754946
29376.285,0.14967870122380803
29376.286,0.1496770277667607
29376.287,0.1496753501782998
29376.288,0.149673668007387
29376.289,0.14967198170197785
29376.29,0.14967029143192498
29376.291,0.14966859732383794
29376.292,0.14966689936428243
29376.293,0.14966519782030369
29376.294,0.1496634926586191
29376.295,0.1496617835366526
29376.296,0.149660070836521
29376.297,0.1496583551119293
29376.298,0.1496566361298422
29376.299,0.14965491431393177
29376.3,0.14965318991366447
29376.301,0.14965146309686536
29376.302,0.14964973404437282
29376.303,0.14964800293330738
29376.304,0.14964626992943636
29376.305,0.1496445351003213
29376.306,0.14964279881754264
29376.307,0.14964106113131267
29376.308,0.14963932204448258
29376.309,0.14963758158397752
29376.31,0.14963583988720752
29376.311,0.14963409748463133
29376.312,0.14963235414400475
29376.313,0.14963061001034209
29376.314,0.14962886541065767
29376.315,0.149627120729104
29376.316,0.14962537586321067
29376.317,0.14962363128075723
29376.318,0.149621886959771
29376.319,0.14962014338856694
29376.32,0.14961840090295894
29376.321,0.1496166596041697
29376.322,0.14961491932771387
29376.323,0.14961318063696807
29376.324,0.14961144357315706
29376.325,0.14960970810311133
29376.326,0.1496079741523668
29376.327,0.1496062420027569
29376.328,0.14960451182903897
29376.329,0.1496027834050403
29376.33,0.14960105733659987
29376.331,0.1495993332467795
29376.332,0.14959761180960218
29376.333,0.14959589320298539
29376.334,0.14959417758119978
29376.335,0.14959246490171696
29376.336,0.14959075524064516
29376.337,0.14958904891193284
29376.338,0.14958734595572334
29376.339,0.1495856463342691
29376.34,0.14958395044472209
29376.341,0.14958225829600466
29376.342,0.14958056962271005
29376.343,0.14957888495336158
29376.344,0.14957720389309195
29376.345,0.14957552649216257
29376.346,0.14957385257320338
29376.347,0.14957218246543985
29376.348,0.14957051641719735
29376.349,0.14956885455103314
29376.35,0.14956719677721197
29376.351,0.14956554311076978
29376.352,0.14956389382920776
29376.353,0.1495622492850965
29376.354,0.14956060927617476
29376.355,0.1495589737759937
29376.356,0.1495573431755457
29376.357,0.14955571753377195
29376.358,0.14955409702077618
29376.359,0.1495524810358287
29376.36,0.14955087001408224
29376.361,0.14954926384705297
29376.362,0.14954766188105606
29376.363,0.14954606455738553
29376.364,0.14954447230196874
29376.365,0.14954288528679024
29376.366,0.14954130349933237
29376.367,0.14953972719303882
29376.368,0.14953815614394844
29376.369,0.14953659051281434
29376.37,0.14953503055353715
29376.371,0.14953347609514392
29376.372,0.14953192687173897
29376.373,0.14953038343251757
29376.374,0.14952884596672442
29376.375,0.1495273138634829
29376.376,0.14952578753979884
29376.377,0.14952426715399866
29376.378,0.14952275247455935
29376.379,0.14952124358733163
29376.38,0.14951974068068108
29376.381,0.14951824343932205
29376.382,0.1495167523806426
29376.383,0.14951526752407812
29376.384,0.1495137890170379
29376.385,0.14951231687325042
29376.386,0.14951085114235382
29376.387,0.14950939226850624
29376.388,0.14950793987392758
29376.389,0.1495064943551978
29376.39,0.14950505603383782
29376.391,0.14950362488787888
29376.392,0.14950220051525104
29376.393,0.1495007828787075
29376.394,0.14949937192228832
29376.395,0.14949796751602912
29376.396,0.14949656985941023
29376.397,0.14949517898284975
29376.398,0.14949379509114805
29376.399,0.14949241852225942
29376.4,0.14949104919524914
29376.401,0.14948968744819274
29376.402,0.14948833298455452
29376.403,0.1494869859696973
29376.404,0.1494856464612341
29376.405,0.14948431451852706
29376.406,0.14948298969948817
29376.407,0.14948167248516434
29376.408,0.1494803628446316
29376.409,0.1494790605983194
29376.41,0.14947776581658306
29376.411,0.14947647849813608
29376.412,0.14947519818005742
29376.413,0.14947392508788013
29376.414,0.1494726591164052
29376.415,0.14947140044797871
29376.416,0.1494701491166824
29376.417,0.14946890508645405
29376.418,0.1494676679992063
29376.419,0.1494664380893692
29376.42,0.14946521542043617
29376.421,0.14946399965348725
29376.422,0.1494627907304161
29376.423,0.1494615891932049
29376.424,0.14946039482499993
29376.425,0.14945920720736428
29376.426,0.14945802631675403
29376.427,0.14945685214265722
29376.428,0.14945568414821983
29376.429,0.14945452210111718
29376.43,0.14945336602874004
29376.431,0.14945221591745442
29376.432,0.1494510716729844
29376.433,0.14944993289647415
29376.434,0.1494487996782041
29376.435,0.14944767195069955
29376.436,0.14944654928593118
29376.437,0.1494454319891615
29376.438,0.14944431949840078
29376.439,0.14944321162549723
29376.44,0.14944210841033806
29376.441,0.14944100974451524
29376.442,0.1494399151279075
29376.443,0.14943882450678894
29376.444,0.1494377374432429
29376.445,0.14943665351753257
29376.446,0.14943557245320216
29376.447,0.14943449434049383
29376.448,0.14943341889264553
29376.449,0.14943234561646757
29376.45,0.14943127451353233
29376.451,0.14943020533948864
29376.452,0.14942913788141737
29376.453,0.1494280719616354
29376.454,0.1494270072631855
29376.455,0.1494259433641366
29376.456,0.14942488021078942
29376.457,0.14942381777415945
29376.458,0.1494227557828457
29376.459,0.14942169348064036
29376.46,0.14942063102874686
29376.461,0.1494195682368963
29376.462,0.14941850458084485
29376.463,0.14941743998730553
29376.464,0.14941637406495847
29376.465,0.14941530690721336
29376.466,0.14941423787169156
29376.467,0.14941316699038332
29376.468,0.14941209404590333
29376.469,0.14941101893200695
29376.47,0.149409941734535
29376.471,0.14940886219674895
29376.472,0.14940777986381581
29376.473,0.14940669509788235
29376.474,0.1494056078071455
29376.475,0.14940451776702962
29376.476,0.14940342486719674
29376.477,0.14940232881216736
29376.478,0.14940122903757694
29376.479,0.14940012563647626
29376.48,0.1493990189391928
29376.481,0.1493979088742768
29376.482,0.14939679627940175
29376.483,0.1493956805512233
29376.484,0.14939456191166137
29376.485,0.14939344010819425
29376.486,0.1493923150558053
29376.487,0.14939118727413483
29376.488,0.1493900563417842
29376.489,0.14938892251815952
29376.49,0.14938778626086247
29376.491,0.14938664741446037
29376.492,0.14938550581079538
29376.493,0.14938436172835018
29376.494,0.14938321532813112
29376.495,0.1493820664419022
29376.496,0.14938091508849585
29376.497,0.14937976179841336
29376.498,0.14937860697736402
29376.499,0.14937745045581394
29376.5,0.14937629237958877
29376.501,0.14937513304175873
29376.502,0.14937397223251192
29376.503,0.1493728105032796
29376.504,0.14937164786072307
29376.505,0.1493704842687294
29376.506,0.1493693199961587
29376.507,0.14936815572289075
29376.508,0.1493669911639153
29376.509,0.149365826441633
29376.51,0.14936466159150372
29376.511,0.1493634969754892
29376.512,0.1493623323869408
29376.513,0.14936116744225325
29376.514,0.14936000284538592
29376.515,0.14935883905940683
29376.516,0.14935767604196676
29376.517,0.14935651407684034
29376.518,0.14935535339762754
29376.519,0.14935419402514802
29376.52,0.1493530361726779
29376.521,0.14935187960602778
29376.522,0.1493507244973948
29376.523,0.14934957116243822
29376.524,0.14934841957033523
29376.525,0.14934726973671505
29376.526,0.14934612166973668
29376.527,0.14934497561811752
29376.528,0.14934383126057565
29376.529,0.14934268868808584
29376.53,0.14934154803799107
29376.531,0.14934040995487927
29376.532,0.1493392745130728
29376.533,0.1493381417775538
29376.534,0.14933701181042786
29376.535,0.14933588478919002
29376.536,0.14933476037976368
29376.537,0.14933363923360207
29376.538,0.14933252105295874
29376.539,0.1493314058556363
29376.54,0.1493302941879095
29376.541,0.14932918617150928
29376.542,0.14932808144357437
29376.543,0.1493269804479965
29376.544,0.1493258829135943
29376.545,0.14932478895787238
29376.546,0.14932369861081532
29376.547,0.14932261213957473
29376.548,0.14932152967562642
29376.549,0.14932045140068753
29376.55,0.14931937757857697
29376.551,0.14931830823223335
29376.552,0.14931724334361526
29376.553,0.14931618315804115
29376.554,0.1493151277830085
29376.555,0.14931407715282577
29376.556,0.14931303160919993
29376.557,0.14931199107679774
29376.558,0.1493109556710992
29376.559,0.14930992481485247
29376.56,0.1493088988126043
29376.561,0.14930787758190683
29376.562,0.14930686067376217
29376.563,0.1493058480547015
29376.564,0.14930483980031575
29376.565,0.14930383616747123
29376.566,0.14930283703523603
29376.567,0.14930184257322085
29376.568,0.14930085211226485
29376.569,0.14929986596000616
29376.57,0.14929888430968863
29376.571,0.14929790665449674
29376.572,0.1492969324602232
29376.573,0.14929596262219094
29376.574,0.1492949967506298
29376.575,0.149294034352472
29376.576,0.14929307515233375
29376.577,0.14929211898541248
29376.578,0.14929116549398821
29376.579,0.14929021474430798
29376.58,0.14928926642194706
29376.581,0.14928832013162632
29376.582,0.14928737604345574
29376.583,0.1492864335543559
29376.584,0.14928549267586727
29376.585,0.14928455298409926
29376.586,0.14928361442014002
29376.587,0.14928267717730095
29376.588,0.14928174076161813
29376.589,0.149280805177234
29376.59,0.1492798703346105
29376.591,0.1492789359530074
29376.592,0.14927800169445013
29376.593,0.14927706752915273
29376.594,0.14927613331112333
29376.595,0.1492751986147682
29376.596,0.14927426309486416
29376.597,0.1492733269858232
29376.598,0.14927239005611603
29376.599,0.14927145208598838
29376.6,0.14927051319072923
29376.601,0.14926957356513956
29376.602,0.14926863300592205
29376.603,0.1492676918836523
29376.604,0.14926674984922877
29376.605,0.14926580660550912
29376.606,0.14926486239433626
29376.607,0.1492639176179236
29376.608,0.14926297245998257
29376.609,0.14926202663624366
29376.61,0.14926107999459837
29376.611,0.14926013317448597
29376.612,0.14925918534199814
29376.613,0.14925823663876991
29376.614,0.14925728798431337
29376.615,0.1492563392915321
29376.616,0.14925539062006854
29376.617,0.14925444248470307
29376.618,0.14925349465125648
29376.619,0.14925254703676816
29376.62,0.1492516003333398
29376.621,0.14925065454396694
29376.622,0.14924970987954136
29376.623,0.14924876654121202
29376.624,0.14924782473116704
29376.625,0.14924688394825977
29376.626,0.1492459448972777
29376.627,0.149245007764825
29376.628,0.1492440724102887
29376.629,0.14924313906807635
29376.63,0.14924220783601946
29376.631,0.14924127882992758
29376.632,0.14924035215347894
29376.633,0.14923942780229144
29376.634,0.14923850630456892
29376.635,0.14923758741844526
29376.636,0.14923667117151299
29376.637,0.14923575825042162
29376.638,0.14923484836341677
29376.639,0.1492339417546742
29376.64,0.14923303889516634
29376.641,0.1492321394228766
29376.642,0.14923124320511158
29376.643,0.14923035031067272
29376.644,0.14922946067000195
29376.645,0.1492285740429993
29376.646,0.14922769025917973
29376.647,0.14922680978072625
29376.648,0.149225932835658
29376.649,0.1492250592701738
29376.65,0.1492241890547914
29376.651,0.14922332223643922
29376.652,0.14922245857839653
29376.653,0.14922159835476267
29376.654,0.1492207414798785
29376.655,0.14921988736953842
29376.656,0.14921903615213228
29376.657,0.1492181881829307
29376.658,0.1492173432983319
29376.659,0.14921650094893402
29376.66,0.14921566132682496
29376.661,0.14921482441466996
29376.662,0.14921398987934098
29376.663,0.14921315738412458
29376.664,0.14921232693940728
29376.665,0.14921149909062423
29376.666,0.14921067366525015
29376.667,0.14920985058381311
29376.668,0.14920902988310483
29376.669,0.14920821157870193
29376.67,0.14920739549127643
29376.671,0.14920658133815606
29376.672,0.1492057690431551
29376.673,0.14920495898354252
29376.674,0.1492041505281157
29376.675,0.14920334374273803
29376.676,0.1492025389116463
29376.677,0.14920173565665099
29376.678,0.14920093391700345
29376.679,0.14920013374697427
29376.68,0.149199335094446
29376.681,0.1491985378147987
29376.682,0.14919774206372816
29376.683,0.1491969476823716
29376.684,0.14919615498038435
29376.685,0.14919536375792103
29376.686,0.1491945739456561
29376.687,0.1491937859807267
29376.688,0.1491929991863159
29376.689,0.14919221370116725
29376.69,0.1491914297417397
29376.691,0.14919064720514494
29376.692,0.14918986566076095
29376.693,0.14918908554403423
29376.694,0.1491883068975943
29376.695,0.14918752946931507
29376.696,0.1491867530133698
29376.697,0.14918597796582825
29376.698,0.14918520413109762
29376.699,0.14918443134032905
29376.7,0.14918366009186526
29376.701,0.14918289050563957
29376.702,0.14918212230093414
29376.703,0.14918135570184518
29376.704,0.1491805908717145
29376.705,0.14917982770175373
29376.706,0.14917906675777512
29376.707,0.14917830797571044
29376.708,0.14917755136140556
29376.709,0.14917679653739838
29376.71,0.1491760438093897
29376.711,0.14917529363878262
29376.712,0.14917454508189038
29376.713,0.14917379865745997
29376.714,0.14917305457648541
29376.715,0.14917231304085934
29376.716,0.1491715740522965
29376.717,0.14917083774283746
29376.718,0.14917010414626988
29376.719,0.14916937325696736
29376.72,0.1491686457219684
29376.721,0.14916792141298052
29376.722,0.14916720009367931
29376.723,0.14916648283111916
29376.724,0.14916576965073897
29376.725,0.14916506059881887
29376.726,0.14916435621675142
29376.727,0.1491636558209315
29376.728,0.14916295980518443
29376.729,0.14916226810517502
29376.73,0.1491615809230444
29376.731,0.14916089837310448
29376.732,0.14916022097965773
29376.733,0.1491595487546546
29376.734,0.14915888205461764
29376.735,0.14915822080341312
29376.736,0.14915756503864624
29376.737,0.1491569153472458
29376.738,0.1491562715538244
29376.739,0.14915563389802566
29376.74,0.14915500239595544
29376.741,0.14915437728514755
29376.742,0.1491537585361657
29376.743,0.14915314611684524
29376.744,0.14915254040331116
29376.745,0.14915194111651134
29376.746,0.1491513486836687
29376.747,0.14915076314654296
29376.748,0.14915018436045238
29376.749,0.14914961206114022
29376.75,0.14914904657743772
29376.751,0.1491484880342057
29376.752,0.1491479363296783
29376.753,0.14914739126869833
29376.754,0.14914685273809805
29376.755,0.14914632044995133
29376.756,0.14914579467489994
29376.757,0.14914527560853666
29376.758,0.1491447628407883
29376.759,0.14914425598411918
29376.76,0.14914375517138306
29376.761,0.14914326085155596
29376.762,0.14914277221059952
29376.763,0.14914228878760574
29376.764,0.1491418108753995
29376.765,0.14914133850584863
29376.766,0.14914087126912554
29376.767,0.1491404089164485
29376.768,0.14913995106811448
29376.769,0.14913949764622195
29376.77,0.1491390486929319
29376.771,0.1491386038347347
29376.772,0.14913816240320324
29376.773,0.14913772464056382
29376.774,0.1491372900608057
29376.775,0.14913685879039723
29376.776,0.14913643056143347
29376.777,0.14913600466665794
29376.778,0.14913558081543613
29376.779,0.14913515881017841
29376.78,0.14913473826837328
29376.781,0.149134318803156
29376.782,0.1491339005423386
29376.783,0.14913348304174917
29376.784,0.14913306653555913
29376.785,0.14913265038375706
29376.786,0.1491322344976175
29376.787,0.14913181869873463
29376.788,0.14913140247248566
29376.789,0.14913098595731905
29376.79,0.14913056884693232
29376.791,0.14913015075787914
29376.792,0.14912973146500352
29376.793,0.14912931127717138
29376.794,0.14912888983777264
29376.795,0.14912846660414075
29376.796,0.14912804118316741
29376.797,0.14912761425790289
29376.798,0.14912718582466475
29376.799,0.14912675543481743
29376.8,0.1491263235441902
29376.801,0.14912588961357467
29376.802,0.14912545355464848
29376.803,0.1491250154569359
29376.804,0.1491245755154838
29376.805,0.14912413307230377
29376.806,0.14912368847865085
29376.807,0.14912324172023309
29376.808,0.14912279311354742
29376.809,0.14912234222492907
29376.81,0.14912188927852654
29376.811,0.14912143452894605
29376.812,0.1491209774918871
29376.813,0.14912051865617806
29376.814,0.14912005820075652
29376.815,0.14911959608516562
29376.816,0.1491191324626384
29376.817,0.14911866734153814
29376.818,0.14911820123842265
29376.819,0.1491177340141336
29376.82,0.1491172660054498
29376.821,0.14911679701941363
29376.822,0.14911632726119742
29376.823,0.1491158571927827
29376.824,0.1491153862641242
29376.825,0.14911491526612988
29376.826,0.1491144438813592
29376.827,0.14911397223865105
29376.828,0.1491135006853608
29376.829,0.14911302891662878
29376.83,0.1491125572068722
29376.831,0.14911208580607735
29376.832,0.1491116150205535
29376.833,0.1491111448832492
29376.834,0.14911067564596378
29376.835,0.14911020736146832
29376.836,0.14910974019103562
29376.837,0.14910927459827852
29376.838,0.14910881054507918
29376.839,0.1491083478311318
29376.84,0.14910788672058767
29376.841,0.14910742731725293
29376.842,0.14910696960389508
29376.843,0.14910651359049626
29376.844,0.14910605962171028
29376.845,0.149105607597123
29376.846,0.1491051572259537
29376.847,0.14910470873040912
29376.848,0.1491042622734758
29376.849,0.14910381746528817
29376.85,0.14910337488787342
29376.851,0.14910293448756867
29376.852,0.14910249632825506
29376.853,0.1491020605785675
29376.854,0.1491016274775142
29376.855,0.14910119693775684
29376.856,0.149100769219235
29376.857,0.14910034439666914
29376.858,0.14909992235600608
29376.859,0.14909950300304528
29376.86,0.1490990866288516
29376.861,0.14909867354343864
29376.862,0.14909826279109267
29376.863,0.1490978543833323
29376.864,0.14909744859480012
29376.865,0.14909704603149992
29376.866,0.14909664628750233
29376.867,0.1490962493380768
29376.868,0.14909585553919352
29376.869,0.14909546469463564
29376.87,0.14909507686369378
29376.871,0.1490946921232151
29376.872,0.14909431025498182
29376.873,0.1490939321514146
29376.874,0.1490935579734486
29376.875,0.1490931873164538
29376.876,0.1490928198312026
29376.877,0.14909245540588867
29376.878,0.14909209432577342
29376.879,0.14909173652236227
29376.88,0.14909138176469441
29376.881,0.14909103011067515
29376.882,0.14909068188700197
29376.883,0.14909033693235707
29376.884,0.14908999546616508
29376.885,0.14908965705520216
29376.886,0.14908932184945925
29376.887,0.14908898964619122
29376.888,0.1490886605402685
29376.889,0.14908833440671979
29376.89,0.14908801141320774
29376.891,0.14908769182333317
29376.892,0.14908737555893395
29376.893,0.1490870624892323
29376.894,0.14908675245364578
29376.895,0.1490864448071816
29376.896,0.1490861394635993
29376.897,0.1490858368506318
29376.898,0.14908553635713584
29376.899,0.1490852378065391
29376.9,0.14908494167975817
29376.901,0.1490846476077392
29376.902,0.14908435538699089
29376.903,0.14908406496675017
29376.904,0.14908377629088754
29376.905,0.1490834888560179
29376.906,0.14908320294210592
29376.907,0.14908291862850812
29376.908,0.14908263566607924
29376.909,0.14908235363973604
29376.91,0.14908207257562306
29376.911,0.14908179226455084
29376.912,0.14908151209277595
29376.913,0.14908123183882285
29376.914,0.14908095131196805
29376.915,0.14908067055275995
29376.916,0.14908038952848124
29376.917,0.14908010799639765
29376.918,0.1490798260593537
29376.919,0.1490795429793613
29376.92,0.14907925909193256
29376.921,0.1490789744466703
29376.922,0.14907868851342762
29376.923,0.1490784015186252
29376.924,0.14907811333167453
29376.925,0.1490778238826696
29376.926,0.1490775326629522
29376.927,0.14907724005897935
29376.928,0.14907694583855302
29376.929,0.1490766496762152
29376.93,0.1490763517990269
29376.931,0.14907605187321918
29376.932,0.14907575018568542
29376.933,0.1490754465218429
29376.934,0.1490751409265399
29376.935,0.1490748332174146
29376.936,0.14907452318649833
29376.937,0.14907421095710546
29376.938,0.14907389652861666
29376.939,0.14907357956665387
29376.94,0.14907326061341813
29376.941,0.14907293934852098
29376.942,0.1490726158787432
29376.943,0.14907228983666954
29376.944,0.14907196173199108
29376.945,0.14907163148163446
29376.946,0.14907129850587011
29376.947,0.14907096347797674
29376.948,0.14907062622209655
29376.949,0.14907028668376707
29376.95,0.1490699457027306
29376.951,0.14906960262138466
29376.952,0.14906925747487973
29376.953,0.14906891031493677
29376.954,0.14906856109324335
29376.955,0.14906820989192457
29376.956,0.14906785690591598
29376.957,0.1490675023849834
29376.958,0.1490671465704233
29376.959,0.14906678914851543
29376.96,0.14906643022407742
29376.961,0.14906607043806505
29376.962,0.14906570897418228
29376.963,0.14906534608073244
29376.964,0.14906498210714403
29376.965,0.1490646175777727
29376.966,0.1490642520970113
29376.967,0.1490638861052165
29376.968,0.1490635198003567
29376.969,0.14906315297668896
29376.97,0.14906278635954326
29376.971,0.14906241972904208
29376.972,0.1490620529998809
29376.973,0.14906168668323566
29376.974,0.14906132081155762
29376.975,0.14906095523507892
29376.976,0.14906059053053047
29376.977,0.1490602269543546
29376.978,0.14905986455715642
29376.979,0.14905950311013447
29376.98,0.14905914292765926
29376.981,0.1490587841794451
29376.982,0.14905842736633712
29376.983,0.1490580724852059
29376.984,0.14905771990884276
29376.985,0.14905736981147055
29376.986,0.1490570221580036
29376.987,0.14905667726846927
29376.988,0.14905633552197808
29376.989,0.14905599694896773
29376.99,0.14905566188628905
29376.991,0.14905533040547034
29376.992,0.14905500235898123
29376.993,0.14905467787936005
29376.994,0.14905435742772902
29376.995,0.14905404075166825
29376.996,0.149053727959504
29376.997,0.14905341946489986
29376.998,0.14905311526062728
29376.999,0.14905281533662668
29377.0,0.14905251993868485
29377.001,0.1490522288757591
29377.002,0.14905194218574502
29377.003,0.14905166032479525
29377.004,0.14905138309760807
29377.005,0.1490511105275195
29377.006,0.14905084266949856
29377.007,0.14905057967731078
29377.008,0.14905032138211036
29377.009,0.14905006784891633
29377.01,0.1490498190380111
29377.011,0.14904957497416588
29377.012,0.14904933533042597
29377.013,0.14904910020765758
29377.014,0.1490488694600308
29377.015,0.14904864338331045
29377.016,0.14904842186335704
29377.017,0.14904820485257614
29377.018,0.14904799205454175
29377.019,0.14904778329877894
29377.02,0.14904757905504787
29377.021,0.1490473788325152
29377.022,0.14904718227691224
29377.023,0.1490469901958701
29377.024,0.14904680222493716
29377.025,0.14904661832714386
29377.026,0.14904643825192404
29377.027,0.14904626182484423
29377.028,0.1490460888743285
29377.029,0.14904591901584702
29377.03,0.14904575219833546
29377.031,0.1490455884199461
29377.032,0.14904542778633226
29377.033,0.14904527011859725
29377.034,0.14904511548989818
29377.035,0.14904496370534417
29377.036,0.14904481449205653
29377.037,0.1490446682583731
29377.038,0.1490445248170092
29377.039,0.14904438411921053
29377.04,0.14904424644483846
29377.041,0.14904411173181403
29377.042,0.1490439798851758
29377.043,0.14904385064346032
29377.044,0.1490437247161602
29377.045,0.14904360141863507
29377.046,0.14904348040198165
29377.047,0.14904336190952286
29377.048,0.14904324588863993
29377.049,0.14904313254715765
29377.05,0.14904302188535315
29377.051,0.1490429136908577
29377.052,0.1490428078439556
29377.053,0.14904270475720494
29377.054,0.14904260435388242
29377.055,0.149042506481729
29377.056,0.14904241112147087
29377.057,0.14904231847493843
29377.058,0.14904222858153746
29377.059,0.14904214098480587
29377.06,0.14904205575043317
29377.061,0.14904197359297958
29377.062,0.14904189344230467
29377.063,0.14904181554386314
29377.064,0.14904174008383025
29377.065,0.1490416669204418
29377.066,0.1490415959534766
29377.067,0.14904152727188114
29377.068,0.14904146102101098
29377.069,0.14904139691395857
29377.07,0.14904133496143343
29377.071,0.14904127500103576
29377.072,0.1490412169734084
29377.073,0.14904116095032802
29377.074,0.14904110710161272
29377.075,0.14904105493814437
29377.076,0.14904100452038166
29377.077,0.14904095598120154
29377.078,0.14904090896776953
29377.079,0.1490408633857254
29377.08,0.1490408191200642
29377.081,0.14904077641508853
29377.082,0.14904073531909248
29377.083,0.14904069558761626
29377.084,0.14904065697468344
29377.085,0.14904061941768662
29377.086,0.14904058290329583
29377.087,0.14904054752819385
29377.088,0.14904051301802126
29377.089,0.14904047924690908
29377.09,0.14904044633892122
29377.091,0.1490404142357841
29377.092,0.14904038272243128
29377.093,0.14904035172291322
29377.094,0.1490403216578871
29377.095,0.14904029180625408
29377.096,0.14904026207648033
29377.097,0.149040232646468
29377.098,0.14904020361170006
29377.099,0.14904017481198312
29377.1,0.1490401462476392
29377.101,0.14904011789174168
29377.102,0.14904008987600553
29377.103,0.14904006230278097
29377.104,0.14904003536222116
29377.105,0.14904000889063
29377.106,0.14903998294069362
29377.107,0.14903995759724042
29377.108,0.14903993305974336
29377.109,0.14903990919120136
29377.11,0.14903988595675702
29377.111,0.1490398635882175
29377.112,0.14903984161498549
29377.113,0.14903982014778208
29377.114,0.1490397992927372
29377.115,0.14903977945143138
29377.116,0.14903976025976504
29377.117,0.14903974148550045
29377.118,0.14903972370588822
29377.119,0.14903970678444484
29377.12,0.14903969107111356
29377.121,0.1490396760652594
29377.122,0.1490396619029569
29377.123,0.14903964908833983
29377.124,0.14903963732622688
29377.125,0.1490396266199521
29377.126,0.14903961704070234
29377.127,0.1490396086667501
29377.128,0.14903960128364896
29377.129,0.14903959488071847
29377.13,0.14903958946821896
29377.131,0.14903958496249978
29377.132,0.14903958152252164
29377.133,0.1490395792881125
29377.134,0.14903957798519174
29377.135,0.1490395777768352
29377.136,0.14903957827419384
29377.137,0.14903957988452673
29377.138,0.1490395822635217
29377.139,0.14903958535951975
29377.14,0.1490395894927586
29377.141,0.14903959451507306
29377.142,0.14903959999316874
29377.143,0.1490396061041841
29377.144,0.1490396130172422
29377.145,0.1490396200215167
29377.146,0.14903962707452936
29377.147,0.1490396342087722
29377.148,0.14903964141550996
29377.149,0.14903964836329997
29377.15,0.14903965503720373
29377.151,0.14903966139180233
29377.152,0.1490396675250688
29377.153,0.1490396737279284
29377.154,0.1490396799030801
29377.155,0.14903968552689603
29377.156,0.1490396907182483
29377.157,0.14903969582538962
29377.158,0.1490397008573709
29377.159,0.1490397054148474
29377.16,0.14903970962389565
29377.161,0.1490397139557542
29377.162,0.14903971763739318
29377.163,0.14903972090167927
29377.164,0.14903972382613181
29377.165,0.14903972643418087
29377.166,0.14903972936240634
29377.167,0.14903973253590222
29377.168,0.14903973601252274
29377.169,0.14903973969106638
29377.17,0.14903974382264656
29377.171,0.14903974864321695
29377.172,0.1490397538889311
29377.173,0.14903976018281306
29377.174,0.1490397680934787
29377.175,0.14903977746901578
29377.176,0.14903978862051476
29377.177,0.14903980171389047
29377.178,0.1490398164018445
29377.179,0.1490398328850933
29377.18,0.1490398512943002
29377.181,0.14903987201738314
29377.182,0.1490398949550088
29377.183,0.1490399204109081
29377.184,0.14903994846768598
29377.185,0.14903997951927558
29377.186,0.14904001356716592
29377.187,0.14904005075240565
29377.188,0.1490400912521233
29377.189,0.14904013520872267
29377.19,0.14904018280791073
29377.191,0.1490402343677269
29377.192,0.14904029002644234
29377.193,0.14904034974302877
29377.194,0.1490404138722064
29377.195,0.1490404818488099
29377.196,0.14904055384465983
29377.197,0.1490406301610536
29377.198,0.1490407108394429
29377.199,0.14904079570210854
29377.2,0.14904088488500003
29377.201,0.14904097867264443
29377.202,0.1490410768028416
29377.203,0.1490411793996681
29377.204,0.14904128638440114
29377.205,0.1490413970553831
29377.206,0.14904151191693107
29377.207,0.149041631279543
29377.208,0.14904175491016083
29377.209,0.14904188222951553
29377.21,0.14904201336688905
29377.211,0.14904214862483814
29377.212,0.1490422877786792
29377.213,0.14904243038776402
29377.214,0.1490425766541605
29377.215,0.14904272624726556
29377.216,0.14904287934233268
29377.217,0.14904303585357767
29377.218,0.1490431961434757
29377.219,0.14904335948593497
29377.22,0.1490435260257141
29377.221,0.14904369563225242
29377.222,0.14904386795730457
29377.223,0.14904404335359653
29377.224,0.14904422171472637
29377.225,0.14904440238291886
29377.226,0.149044586003134
29377.227,0.1490447725154901
29377.228,0.1490449616029447
29377.229,0.14904515331929336
29377.23,0.14904534753874937
29377.231,0.14904554438128315
29377.232,0.14904574409537125
29377.233,0.1490459465206952
29377.234,0.14904615165177781
29377.235,0.1490463594037529
29377.236,0.14904656964661755
29377.237,0.14904678308907746
29377.238,0.14904699963800452
29377.239,0.1490472194733662
29377.24,0.14904744283413993
29377.241,0.1490476694384452
29377.242,0.149047899527762
29377.243,0.14904813354111243
29377.244,0.14904837167243387
29377.245,0.1490486136884457
29377.246,0.14904885935250511
29377.247,0.1490491092384787
29377.248,0.14904936334831767
29377.249,0.14904962226126273
29377.25,0.14904988652135573
29377.251,0.1490501559385644
29377.252,0.1490504305545616
29377.253,0.14905071092682928
29377.254,0.14905099718280249
29377.255,0.1490512889484626
29377.256,0.1490515871074633
29377.257,0.14905189220630805
29377.258,0.14905220436823277
29377.259,0.14905252353967186
29377.26,0.14905284993760895
29377.261,0.14905318436703519
29377.262,0.14905352628022478
29377.263,0.1490538758079868
29377.264,0.14905423336610804
29377.265,0.14905459938831805
29377.266,0.14905497421655622
29377.267,0.1490553576894821
29377.268,0.14905574989977005
29377.269,0.14905615080839796
29377.27,0.14905656064187026
29377.271,0.14905697971973955
29377.272,0.14905740770046821
29377.273,0.14905784533187225
29377.274,0.14905829273985383
29377.275,0.1490587496047662
29377.276,0.1490592161581995
29377.277,0.14905969238880734
29377.278,0.14906017813405628
29377.279,0.14906067356032526
29377.28,0.1490611785381327
29377.281,0.14906169303692718
29377.282,0.14906221716456883
29377.283,0.14906275082284814
29377.284,0.14906329393882659
29377.285,0.14906384634707215
29377.286,0.14906440779083757
29377.287,0.14906497853462705
29377.288,0.14906555852345316
29377.289,0.14906614727051942
29377.29,0.14906674484195984
29377.291,0.1490673513806498
29377.292,0.14906796652316986
29377.293,0.14906858978961351
29377.294,0.14906922184649493
29377.295,0.14906986239876363
29377.296,0.1490705109733178
29377.297,0.14907116786962846
29377.298,0.14907183283004452
29377.299,0.14907250550850545
29377.3,0.14907318591144064
29377.301,0.14907387411428236
29377.302,0.14907457010858854
29377.303,0.14907527395552134
29377.304,0.14907598548073803
29377.305,0.14907670451458815
29377.306,0.14907743131247223
29377.307,0.14907816600948867
29377.308,0.14907890840043045
29377.309,0.14907965857762123
29377.31,0.14908041685028534
29377.311,0.14908118367959644
29377.312,0.14908195820260656
29377.313,0.1490827401238419
29377.314,0.1490835301063762
29377.315,0.14908432798752835
29377.316,0.1490851341429825
29377.317,0.1490859484247331
29377.318,0.14908677088538805
29377.319,0.1490876013308845
29377.32,0.1490884403678208
29377.321,0.1490892881248813
29377.322,0.14909014414971553
29377.323,0.14909100903356665
29377.324,0.1490918828522249
29377.325,0.14909276578088926
29377.326,0.1490936584073363
29377.327,0.1490945601924994
29377.328,0.14909547102769755
29377.329,0.14909639100674185
29377.33,0.1490973202561494
29377.331,0.14909825877305494
29377.332,0.14909920655933315
29377.333,0.1491001637212577
29377.334,0.14910112990672011
29377.335,0.14910210512249036
29377.336,0.14910308954639118
29377.337,0.1491040831892916
29377.338,0.14910508573864567
29377.339,0.14910609738601713
29377.34,0.14910711797160622
29377.341,0.1491081475708822
29377.342,0.14910918619602037
29377.343,0.1491102334793574
29377.344,0.14911128959364978
29377.345,0.1491123541004121
29377.346,0.1491134267264886
29377.347,0.14911450783539598
29377.348,0.14911559726156717
29377.349,0.14911669476513484
29377.35,0.14911779997218075
29377.351,0.14911891288759077
29377.352,0.14912003323027495
29377.353,0.14912116146667606
29377.354,0.14912229704282232
29377.355,0.14912343929356175
29377.356,0.1491245888793572
29377.357,0.14912574599523246
29377.358,0.1491269100202457
29377.359,0.14912808106730235
29377.36,0.14912925926700032
29377.361,0.14913044511403048
29377.362,0.14913163774402272
29377.363,0.14913283730237645
29377.364,0.14913404382570258
29377.365,0.14913525724004056
29377.366,0.14913647744012853
29377.367,0.1491377043127251
29377.368,0.1491389382738785
29377.369,0.14914017926806938
29377.37,0.14914142777225273
29377.371,0.14914268397531
29377.372,0.14914394734237083
29377.373,0.14914521876844014
29377.374,0.14914649813132444
29377.375,0.14914778556174896
29377.376,0.1491490813887079
29377.377,0.14915038581274165
29377.378,0.14915169886527768
29377.379,0.14915302073551104
29377.38,0.14915435140136782
29377.381,0.14915569110995597
29377.382,0.149157040066951
29377.383,0.1491583984815753
29377.384,0.1491597666781395
29377.385,0.14916114478104048
29377.386,0.1491625324783614
29377.387,0.14916393045623486
29377.388,0.14916533875047175
29377.389,0.1491667568088353
29377.39,0.14916818568529835
29377.391,0.1491696257340528
29377.392,0.1491710768881208
29377.393,0.14917253961678345
29377.394,0.14917401413421771
29377.395,0.14917549982134518
29377.396,0.14917699648777374
29377.397,0.14917850464591578
29377.398,0.14918002385979648
29377.399,0.1491815541169692
29377.4,0.1491830957723427
29377.401,0.14918464866887562
29377.402,0.14918621274422011
29377.403,0.14918778797713553
29377.404,0.14918937429739684
29377.405,0.14919097126654216
29377.406,0.14919257911670292
29377.407,0.1491941981293371
29377.408,0.1491958280717613
29377.409,0.149197468538383
29377.41,0.1491991192621527
29377.411,0.14920078054448163
29377.412,0.1492024513275552
29377.413,0.14920413165200483
29377.414,0.14920582133024976
29377.415,0.14920751978599234
29377.416,0.14920922701655634
29377.417,0.1492109428077045
29377.418,0.1492126667650312
29377.419,0.14921439852483515
29377.42,0.14921613842781603
29377.421,0.14921788567468522
29377.422,0.14921963958972795
29377.423,0.14922140017468583
29377.424,0.14922316726223828
29377.425,0.1492249405238547
29377.426,0.14922671946649174
29377.427,0.14922850391962966
29377.428,0.1492302934095318
29377.429,0.14923208749309705
29377.43,0.14923388575595903
29377.431,0.14923568777530083
29377.432,0.149237493215501
29377.433,0.1492393017913398
29377.434,0.1492411130843548
29377.435,0.149242927094816
29377.436,0.1492447433403529
29377.437,0.14924656161268246
29377.438,0.1492483816994532
29377.439,0.14925020313593135
29377.44,0.14925202553547445
29377.441,0.14925384895475738
29377.442,0.14925567281946717
29377.443,0.14925749698311835
29377.444,0.14925932171285672
29377.445,0.14926114649736524
29377.446,0.14926297097556404
29377.447,0.1492647950673454
29377.448,0.14926661838446026
29377.449,0.1492684407199464
29377.45,0.14927026186441866
29377.451,0.1492720820615863
29377.452,0.14927390028609225
29377.453,0.14927571690998112
29377.454,0.1492775320419145
29377.455,0.14927934507139215
29377.456,0.14928115679580323
29377.457,0.14928296690293752
29377.458,0.14928477543899898
29377.459,0.14928658250859336
29377.46,0.1492883881407377
29377.461,0.14929019246236944
29377.462,0.14929199476539173
29377.463,0.14929379530878809
29377.464,0.14929559396653413
29377.465,0.14929739068344866
29377.466,0.14929918585586724
29377.467,0.14930097915774687
29377.468,0.14930277115478724
29377.469,0.1493045611683684
29377.47,0.1493063495428008
29377.471,0.1493081362818918
29377.472,0.14930992094671308
29377.473,0.14931170420431997
29377.474,0.1493134862725699
29377.475,0.14931526741407408
29377.476,0.14931704712054464
29377.477,0.14931882552220818
29377.478,0.14932060276618525
29377.479,0.14932237881840454
29377.48,0.1493241530795879
29377.481,0.14932592569388245
29377.482,0.1493276966482268
29377.483,0.14932946589760518
29377.484,0.149331233426522
29377.485,0.14933299921157375
29377.486,0.14933476315292205
29377.487,0.14933652534549918
29377.488,0.14933828581617592
29377.489,0.14934004429077755
29377.49,0.14934180129034758
29377.491,0.14934355658337525
29377.492,0.14934531002538293
29377.493,0.1493470615570438
29377.494,0.1493488111700464
29377.495,0.149350558824105
29377.496,0.14935230406684236
29377.497,0.14935404706403582
29377.498,0.14935578767612417
29377.499,0.14935752600019284
29377.5,0.14935926184093043
29377.501,0.14936099507219033
29377.502,0.14936272586074686
29377.503,0.14936445397768208
29377.504,0.14936617921601086
29377.505,0.14936790134121497
29377.506,0.14936962060007603
29377.507,0.14937133742179878
29377.508,0.14937305146711505
29377.509,0.14937476250407924
29377.51,0.1493764706050881
29377.511,0.1493781766097677
29377.512,0.14937987982323728
29377.513,0.14938157995245083
29377.514,0.14938327701335696
29377.515,0.14938497093442604
29377.516,0.1493866621651376
29377.517,0.14938835034242617
29377.518,0.14939003546745627
29377.519,0.1493917177490931
29377.52,0.14939339706941293
29377.521,0.14939507333055302
29377.522,0.14939674624796317
29377.523,0.14939841631908266
29377.524,0.14940008378834171
29377.525,0.1494017489853871
29377.526,0.14940341184711256
29377.527,0.14940507229431352
29377.528,0.14940673039553465
29377.529,0.1494083863667845
29377.53,0.14941004033587163
29377.531,0.14941169221711975
29377.532,0.149413341398417
29377.533,0.14941498800583633
29377.534,0.14941663220648602
29377.535,0.14941827405662014
29377.536,0.14941991342251526
29377.537,0.14942155072491384
29377.538,0.14942318595543408
29377.539,0.14942481898881993
29377.54,0.1494264501258787
29377.541,0.14942807945839426
29377.542,0.1494297069193065
29377.543,0.14943133290049648
29377.544,0.14943295732294185
29377.545,0.14943458019735884
29377.546,0.14943620103233007
29377.547,0.14943782029468022
29377.548,0.14943943799424006
29377.549,0.14944105427152976
29377.55,0.1494426690128001
29377.551,0.1494442828904956
29377.552,0.14944589535509467
29377.553,0.149447507081758
29377.554,0.14944911852905216
29377.555,0.14945072893731387
29377.556,0.1494523391603514
29377.557,0.1494539495017496
29377.558,0.14945556031035856
29377.559,0.14945717158601604
29377.56,0.14945878371182617
29377.561,0.14946039694835256
29377.562,0.14946201124600847
29377.563,0.14946362673971508
29377.564,0.14946524396492278
29377.565,0.14946686291613223
29377.566,0.1494684838256313
29377.567,0.14947010676456912
29377.568,0.1494717325220525
29377.569,0.1494733609156927
29377.57,0.14947499251838237
29377.571,0.14947662763506628
29377.572,0.14947826587198865
29377.573,0.14947990835855993
29377.574,0.14948155542026595
29377.575,0.14948320685863767
29377.576,0.1494848630377297
29377.577,0.14948652476435573
29377.578,0.1494881921961418
29377.579,0.14948986506909046
29377.58,0.1494915435010076
29377.581,0.1494932276846946
29377.582,0.14949491790566047
29377.583,0.1494966142148755
29377.584,0.14949831682597003
29377.585,0.149500026008066
29377.586,0.14950174148383844
29377.587,0.1495034632746228
29377.588,0.14950519213140148
29377.589,0.14950692739201027
29377.59,0.149508669256168
29377.591,0.14951041797428608
29377.592,0.14951217320471066
29377.593,0.14951393478022365
29377.594,0.14951570310072
29377.595,0.14951747754001615
29377.596,0.14951925789626336
29377.597,0.14952104415402404
29377.598,0.14952283574772096
29377.599,0.14952463230606425
29377.6,0.14952643331187096
29377.601,0.14952823881860136
29377.602,0.14953004886863513
29377.603,0.14953186306315847
29377.604,0.14953368135181408
29377.605,0.1495355032099259
29377.606,0.14953732823274146
29377.607,0.14953915650966118
29377.608,0.1495409874428561
29377.609,0.14954282090412316
29377.61,0.14954465665822447
29377.611,0.149546494844377
29377.612,0.14954833424565442
29377.613,0.14955017419486652
29377.614,0.1495520146041375
29377.615,0.14955385544091665
29377.616,0.14955569648685899
29377.617,0.14955753716451206
29377.618,0.1495593770386666
29377.619,0.14956121583345067
29377.62,0.14956305332766068
29377.621,0.14956488956024516
29377.622,0.14956672356021186
29377.623,0.14956855561922278
29377.624,0.14957038591699026
29377.625,0.1495722141644412
29377.626,0.14957404005009176
29377.627,0.1495758634078606
29377.628,0.14957768419596298
29377.629,0.14957950185070545
29377.63,0.1495813159241928
29377.631,0.1495831258632644
29377.632,0.14958493204319032
29377.633,0.14958673459154875
29377.634,0.14958853323205465
29377.635,0.14959032790476778
29377.636,0.14959211841562564
29377.637,0.14959390490972888
29377.638,0.149595687175793
29377.639,0.14959746477888314
29377.64,0.14959923802868516
29377.641,0.14960100723310485
29377.642,0.1496027723528235
29377.643,0.1496045333467132
29377.644,0.14960629029914496
29377.645,0.14960804322221055
29377.646,0.14960979128130222
29377.647,0.1496115350334543
29377.648,0.14961327441107067
29377.649,0.14961500919066054
29377.65,0.1496167393058647
29377.651,0.1496184647060841
29377.652,0.14962018536229985
29377.653,0.14962190180274348
29377.654,0.14962361386312376
29377.655,0.1496253207439824
29377.656,0.1496270230405619
29377.657,0.14962872095905091
29377.658,0.14963041455647672
29377.659,0.14963210368450222
29377.66,0.14963378841981134
29377.661,0.14963546895229596
29377.662,0.1496371451720327
29377.663,0.14963881676486593
29377.664,0.1496404840582885
29377.665,0.14964214686725427
29377.666,0.14964380537269453
29377.667,0.14964545927958756
29377.668,0.14964710908780246
29377.669,0.14964875421172436
29377.67,0.14965039506828753
29377.671,0.14965203182327788
29377.672,0.14965366409194703
29377.673,0.14965529265376817
29377.674,0.14965691729117955
29377.675,0.1496585378511389
29377.676,0.14966015480192263
29377.677,0.1496617679743723
29377.678,0.14966337730997992
29377.679,0.14966498285648447
29377.68,0.1496665846814503
29377.681,0.14966818274102953
29377.682,0.14966977719928315
29377.683,0.14967136817514878
29377.684,0.14967295583193
29377.685,0.14967453998838126
29377.686,0.14967612052758397
29377.687,0.1496776977728493
29377.688,0.1496792720586494
29377.689,0.14968084297763068
29377.69,0.14968241101716448
29377.691,0.1496839763673015
29377.692,0.1496855386916892
29377.693,0.1496870978834427
29377.694,0.14968865436135292
29377.695,0.14969020814992376
29377.696,0.1496917592389007
29377.697,0.1496933076565032
29377.698,0.14969485340638267
29377.699,0.1496963971303545
29377.7,0.1496979385830319
29377.701,0.14969947799188887
29377.702,0.14970101520180026
29377.703,0.14970254998685778
29377.704,0.14970408252715894
29377.705,0.14970561239805807
29377.706,0.14970713980532643
29377.707,0.14970866528095758
29377.708,0.14971018878736475
29377.709,0.14971171019070698
29377.71,0.14971322940795512
29377.711,0.1497147469388031
29377.712,0.14971626220750356
29377.713,0.14971777522096855
29377.714,0.14971928593586836
29377.715,0.1497207945613592
29377.716,0.14972230029055658
29377.717,0.14972380342362845
29377.718,0.1497253041465482
29377.719,0.1497268024598298
29377.72,0.14972829837832724
29377.721,0.14972979170254375
29377.722,0.1497312820093517
29377.723,0.14973276985602704
29377.724,0.14973425517957942
29377.725,0.14973573757723585
29377.726,0.14973721718735358
29377.727,0.1497386939980101
29377.728,0.14974016782617958
29377.729,0.14974163827201978
29377.73,0.14974310510894182
29377.731,0.14974456832210228
29377.732,0.14974602810951737
29377.733,0.14974748388481685
29377.734,0.1497489358563519
29377.735,0.14975038406059502
29377.736,0.14975182793298067
29377.737,0.1497532677500049
29377.738,0.14975470314766995
29377.739,0.14975613367266927
29377.74,0.1497575597351439
29377.741,0.14975898107456725
29377.742,0.1497603972116669
29377.743,0.14976180818447488
29377.744,0.1497632141968495
29377.745,0.1497646146282451
29377.746,0.14976600930551143
29377.747,0.14976739851776627
29377.748,0.14976878154848425
29377.749,0.14977015828233317
29377.75,0.14977152869109184
29377.751,0.14977289270590802
29377.752,0.14977425019954055
29377.753,0.1497756013031212
29377.754,0.14977694552674123
29377.755,0.14977828258672618
29377.756,0.14977961294059886
29377.757,0.14978093698364764
29377.758,0.14978225453728458
29377.759,0.14978356494584083
29377.76,0.1497848682898836
29377.761,0.1497861645942019
29377.762,0.14978745375251162
29377.763,0.14978873537460927
29377.764,0.14979000971123163
29377.765,0.1497912765674319
29377.766,0.14979253578616006
29377.767,0.14979378769891233
29377.768,0.1497950327441439
29377.769,0.1497962703869722
29377.77,0.1497975010722397
29377.771,0.1497987243433709
29377.772,0.14979994014721254
29377.773,0.14980114883861317
29377.774,0.14980235078147738
29377.775,0.14980354583623376
29377.776,0.14980473458446314
29377.777,0.14980591694737647
29377.778,0.14980709314618018
29377.779,0.14980826299049607
29377.78,0.14980942644601136
29377.781,0.14981058372613879
29377.782,0.1498117349775105
29377.783,0.14981288059287498
29377.784,0.14981402040011157
29377.785,0.1498151546433829
29377.786,0.14981628369163472
29377.787,0.1498174078606362
29377.788,0.14981852731332265
29377.789,0.1498196420041725
29377.79,0.14982075250378438
29377.791,0.14982185924978042
29377.792,0.14982296206295118
29377.793,0.14982406123507844
29377.794,0.14982515782155786
29377.795,0.14982625185229717
29377.796,0.14982734254747074
29377.797,0.14982843058485026
29377.798,0.1498295158331982
29377.799,0.14983059855524652
29377.8,0.149831678631048
29377.801,0.14983275674661828
29377.802,0.1498338328958645
29377.803,0.14983490748967868
29377.804,0.1498359810674983
29377.805,0.14983705304183317
29377.806,0.14983812432010524
29377.807,0.14983919518169456
29377.808,0.14984026575199397
29377.809,0.14984133598787677
29377.81,0.1498424064074195
29377.811,0.14984347708347553
29377.812,0.1498445478502735
29377.813,0.14984561854142192
29377.814,0.14984668933056977
29377.815,0.1498477609038847
29377.816,0.14984883325460002
29377.817,0.1498499067753009
29377.818,0.14985098137241692
29377.819,0.14985205691548525
29377.82,0.14985313384891658
29377.821,0.1498542122780181
29377.822,0.14985529171916137
29377.823,0.14985637284469683
29377.824,0.1498574556651082
29377.825,0.14985854043361518
29377.826,0.149859627237989
29377.827,0.14986071630796108
29377.828,0.14986180755593217
29377.829,0.14986290084960813
29377.83,0.14986399647714513
29377.831,0.14986509437310175
29377.832,0.14986619456565275
29377.833,0.1498672968199929
29377.834,0.14986840145336228
29377.835,0.14986950825208264
29377.836,0.14987061727037607
29377.837,0.1498717290125086
29377.838,0.14987284343765295
29377.839,0.1498739603590663
29377.84,0.1498750800541506
29377.841,0.14987620255241912
29377.842,0.14987732788221328
29377.843,0.14987845587103749
29377.844,0.14987958701824494
29377.845,0.14988072088408105
29377.846,0.14988185763240683
29377.847,0.14988299745720787
29377.848,0.14988414022946198
29377.849,0.14988528628802325
29377.85,0.14988643519739736
29377.851,0.14988758736459784
29377.852,0.14988874283371775
29377.853,0.14988990162722388
29377.854,0.1498910634362691
29377.855,0.14989222843152974
29377.856,0.14989339697192328
29377.857,0.14989456925679648
29377.858,0.1498957452258095
29377.859,0.14989692453247158
29377.86,0.14989810763767783
29377.861,0.14989929497525553
29377.862,0.14990048653353336
29377.863,0.14990168185582933
29377.864,0.1499028813701868
29377.865,0.14990408529340868
29377.866,0.14990529338586212
29377.867,0.14990650617439913
29377.868,0.14990772347816733
29377.869,0.14990894524319476
29377.87,0.1499101721645531
29377.871,0.14991140433807323
29377.872,0.14991264205979946
29377.873,0.14991388570374548
29377.874,0.14991513559947023
29377.875,0.14991639146180993
29377.876,0.14991765383931033
29377.877,0.14991892291002623
29377.878,0.1499201988651063
29377.879,0.14992148142499764
29377.88,0.14992277096265233
29377.881,0.14992406742678654
29377.882,0.149925371213384
29377.883,0.14992668249159777
29377.884,0.14992800161372918
29377.885,0.14992932915765836
29377.886,0.1499306648248277
29377.887,0.14993200891697503
29377.888,0.14993336158002915
29377.889,0.149934722584852
29377.89,0.14993609266864083
29377.891,0.14993747215666553
29377.892,0.14993886075203672
29377.893,0.1499402590465398
29377.894,0.14994166748882623
29377.895,0.14994308569866333
29377.896,0.14994451330797146
29377.897,0.14994595095244587
29377.898,0.14994739808905322
29377.899,0.14994885529830368
29377.9,0.14995032293173777
29377.901,0.14995180075643752
29377.902,0.14995328831039262
29377.903,0.1499547862775901
29377.904,0.149956294462847
29377.905,0.14995781237243203
29377.906,0.1499593405873121
29377.907,0.14996087878447867
29377.908,0.14996242711476943
29377.909,0.1499639853894688
29377.91,0.1499655534606693
29377.911,0.1499671316549122
29377.912,0.14996871979331267
29377.913,0.14997031711988815
29377.914,0.14997192376805357
29377.915,0.1499735398994556
29377.916,0.14997516506952968
29377.917,0.14997679903035344
29377.918,0.1499784419109484
29377.919,0.1499800931432658
29377.92,0.14998175282428136
29377.921,0.14998342089749453
29377.922,0.1499850966276975
29377.923,0.14998678048729946
29377.924,0.14998847243494828
29377.925,0.14999017199922984
29377.926,0.1499918792639248
29377.927,0.14999359410812035
29377.928,0.14999531604096955
29377.929,0.14999704462613092
29377.93,0.14999877973743955
29377.931,0.15000052079950357
29377.932,0.15000226790233512
29377.933,0.150004020962997
29377.934,0.15000578039459248
29377.935,0.15000754574429379
29377.936,0.1500093165904915
29377.937,0.15001109324058878
29377.938,0.1500128754163908
29377.939,0.150014662370309
29377.94,0.15001645442293907
29377.941,0.15001825206684766
29377.942,0.15002005477369584
29377.943,0.1500218625171926
29377.944,0.15002367587675766
29377.945,0.15002549422922704
29377.946,0.150027317194236
29377.947,0.15002914480635343
29377.948,0.15003097692714618
29377.949,0.15003281304405236
29377.95,0.1500346531194377
29377.951,0.15003649755871742
29377.952,0.15003834586000545
29377.953,0.1500401980047683
29377.954,0.15004205442098767
29377.955,0.1500439147269372
29377.956,0.150045778616004
29377.957,0.15004764650036398
29377.958,0.150049518231438
29377.959,0.1500513934842705
29377.96,0.15005327276856453
29377.961,0.1500551567880261
29377.962,0.1500570441072234
29377.963,0.15005893425544126
29377.964,0.1500608277405461
29377.965,0.15006272405249993
29377.966,0.15006462276681215
29377.967,0.15006652460496805
29377.968,0.1500684289698459
29377.969,0.1500703359096912
29377.97,0.1500722456515302
29377.971,0.15007415760824866
29377.972,0.15007607135867898
29377.973,0.15007798653370916
29377.974,0.15007990380517844
29377.975,0.15008182274030923
29377.976,0.15008374347906794
29377.977,0.15008566573598464
29377.978,0.15008758897259605
29377.979,0.15008951270555296
29377.98,0.15009143735719035
29377.981,0.1500933623648319
29377.982,0.15009528750150852
29377.983,0.15009721216212796
29377.984,0.15009913640145173
29377.985,0.15010105975668978
29377.986,0.15010298136338934
29377.987,0.1501049017354266
29377.988,0.15010682064729525
29377.989,0.15010873717362028
29377.99,0.1501106516356343
29377.991,0.1501125636956136
29377.992,0.15011447279939233
29377.993,0.1501163789467477
29377.994,0.15011828178460887
29377.995,0.15012018082798523
29377.996,0.15012207537744965
29377.997,0.1501239653514073
29377.998,0.15012585020295555
29377.999,0.15012772987116962
29378.0,0.15012960370953887
29378.001,0.15013147113863592
29378.002,0.15013333186308736
29378.003,0.15013518602559198
29378.004,0.1501370333328098
29378.005,0.15013887286759015
29378.006,0.15014070433418275
29378.007,0.15014252775218245
29378.008,0.1501443430691212
29378.009,0.15014615001906803
29378.01,0.1501479482071023
29378.011,0.15014973782634378
29378.012,0.15015151761486956
29378.013,0.15015328680568613
29378.014,0.15015504565109256
29378.015,0.15015679426149678
29378.016,0.1501585321619083
29378.017,0.15016025893982082
29378.018,0.15016197471980786
29378.019,0.15016367882134843
29378.02,0.15016537131313257
29378.021,0.15016705211427
29378.022,0.15016872051246483
29378.023,0.15017037706875258
29378.024,0.15017202175247635
29378.025,0.1501736542713049
29378.026,0.15017527470658495
29378.027,0.15017688297850695
29378.028,0.15017847875130028
29378.029,0.15018006198536255
29378.03,0.1501816325645199
29378.031,0.15018319070496494
29378.032,0.15018473630361318
29378.033,0.15018626946521035
29378.034,0.15018779005472155
29378.035,0.15018929806957562
29378.036,0.15019079352485123
29378.037,0.1501922770762498
29378.038,0.15019374831118626
29378.039,0.1501952073700514
29378.04,0.1501966546622839
29378.041,0.15019809036668427
29378.042,0.1501995143347868
29378.043,0.15020092726040646
29378.044,0.15020232967149116
29378.045,0.15020372100541196
29378.046,0.15020510150743965
29378.047,0.15020647165247855
29378.048,0.15020783112823308
29378.049,0.15020918035524677
29378.05,0.15021052009244093
29378.051,0.1502118502753041
29378.052,0.15021317083104802
29378.053,0.15021448235189389
29378.054,0.15021578516217116
29378.055,0.1502170789417084
29378.056,0.15021836427434604
29378.057,0.15021964174424665
29378.058,0.15022091169532725
29378.059,0.15022217417359554
29378.06,0.15022342929473428
29378.061,0.15022467780316012
29378.062,0.15022591913989689
29378.063,0.1502271540406377
29378.064,0.15022838310545053
29378.065,0.1502296062947391
29378.066,0.15023082408912844
29378.067,0.15023203722683304
29378.068,0.15023324513159006
29378.069,0.15023444808687147
29378.07,0.15023564669520573
29378.071,0.15023684078697064
29378.072,0.15023803067363103
29378.073,0.1502392173427602
29378.074,0.15024040133418384
29378.075,0.15024158219983533
29378.076,0.1502427605730493
29378.077,0.1502439369674652
29378.078,0.15024511141257843
29378.079,0.15024628402506252
29378.08,0.15024745516064944
29378.081,0.1502486247133917
29378.082,0.1502497931340835
29378.083,0.15025096078349626
29378.084,0.15025212826728018
29378.085,0.1502532958754457
29378.086,0.15025446376502866
29378.087,0.15025563269675157
29378.088,0.15025680261933622
29378.089,0.1502579734588873
29378.09,0.15025914607431584
29378.091,0.1502603209586709
29378.092,0.15026149817476922
29378.093,0.1502626779671345
29378.094,0.15026386078658896
29378.095,0.15026504657897313
29378.096,0.15026623554888907
29378.097,0.15026742810969856
29378.098,0.15026862447247355
29378.099,0.15026982503322509
29378.1,0.15027102989725782
29378.101,0.1502722392480583
29378.102,0.1502734533234023
29378.103,0.15027467252203405
29378.104,0.15027589723761736
29378.105,0.15027712688561418
29378.106,0.15027836235172398
29378.107,0.15027960403781468
29378.108,0.15028085220955373
29378.109,0.15028210682028478
29378.11,0.15028336791709318
29378.111,0.150284636089135
29378.112,0.15028591075234565
29378.113,0.15028719217693812
29378.114,0.1502884809302193
29378.115,0.15028977717047623
29378.116,0.1502910805851193
29378.117,0.15029239099956188
29378.118,0.15029370870585404
29378.119,0.15029503375440129
29378.12,0.15029636615585554
29378.121,0.15029770609123544
29378.122,0.15029905300996074
29378.123,0.15030040726635666
29378.124,0.1503017687411946
29378.125,0.15030313764602155
29378.126,0.1503045136991564
29378.127,0.15030589729537708
29378.128,0.15030728787269837
29378.129,0.15030868535865965
29378.13,0.15031008964274098
29378.131,0.15031150066557114
29378.132,0.15031291786016243
29378.133,0.1503143412905244
29378.134,0.15031577088568476
29378.135,0.15031720639414511
29378.136,0.150318647248067
29378.137,0.15032009360788687
29378.138,0.15032154563154634
29378.139,0.1503230023992277
29378.14,0.150324463924143
29378.141,0.1503259302908013
29378.142,0.15032740126900512
29378.143,0.1503288765922704
29378.144,0.150330356292664
29378.145,0.1503318396329769
29378.146,0.15033332618278433
29378.147,0.1503348155482377
29378.148,0.15033630726952024
29378.149,0.1503378012495238
29378.15,0.15033929699898202
29378.151,0.15034079408780976
29378.152,0.15034229265047452
29378.153,0.1503437923570716
29378.154,0.15034529298374333
29378.155,0.15034679388425107
29378.156,0.15034829459420557
29378.157,0.15034979522104622
29378.158,0.15035129580424886
29378.159,0.15035279574936167
29378.16,0.15035429491706312
29378.161,0.15035579347508507
29378.162,0.15035729026309813
29378.163,0.1503587845732868
29378.164,0.15036027615617548
29378.165,0.15036176469658144
29378.166,0.15036325014862645
29378.167,0.15036473246046564
29378.168,0.15036621097257163
29378.169,0.1503676855047236
29378.17,0.15036915617688285
29378.171,0.1503706223032102
29378.172,0.15037208356140136
29378.173,0.15037353990580046
29378.174,0.15037499099045074
29378.175,0.15037643672204712
29378.176,0.15037787685613557
29378.177,0.15037931139345997
29378.178,0.15038074008830374
29378.179,0.15038216264900078
29378.18,0.1503835785950137
29378.181,0.15038498779689227
29378.182,0.15038639030691758
29378.183,0.15038778603485395
29378.184,0.1503891749910135
29378.185,0.15039055675001697
29378.186,0.15039193117972915
29378.187,0.1503932982874809
29378.188,0.15039465803306892
29378.189,0.15039600992274435
29378.19,0.15039735472581656
29378.191,0.15039869248899532
29378.192,0.15040002283231207
29378.193,0.1504013457958861
29378.194,0.15040266194901752
29378.195,0.15040397081910084
29378.196,0.15040527219071398
29378.197,0.1504065663202045
29378.198,0.15040785327547826
29378.199,0.15040913328910413
29378.2,0.15041040651024332
29378.201,0.1504116731497958
29378.202,0.15041293326712
29378.203,0.1504141870913352
29378.204,0.15041543489333078
29378.205,0.15041667679185505
29378.206,0.15041791322562187
29378.207,0.15041914409829854
29378.208,0.15042036996680594
29378.209,0.15042159054075638
29378.21,0.15042280609908457
29378.211,0.15042401718818124
29378.212,0.15042522345614454
29378.213,0.15042642560196293
29378.214,0.1504276234214878
29378.215,0.1504288173065025
29378.216,0.15043000726239644
29378.217,0.15043119346902004
29378.218,0.15043237622406655
29378.219,0.15043355528389357
29378.22,0.15043473076539265
29378.221,0.1504359033423497
29378.222,0.15043707249197993
29378.223,0.15043823872994513
29378.224,0.15043940223483906
29378.225,0.1504405631710374
29378.226,0.15044172129360922
29378.227,0.1504428769254838
29378.228,0.1504440297078318
29378.229,0.15044517932431606
29378.23,0.15044632609816752
29378.231,0.1504474696160611
29378.232,0.15044861028025325
29378.233,0.1504497478609908
29378.234,0.15045088251186073
29378.235,0.15045201378782305
29378.236,0.15045314160027248
29378.237,0.150454266090503
29378.238,0.15045538703325861
29378.239,0.15045650355612056
29378.24,0.15045761638799188
29378.241,0.150458725636171
29378.242,0.15045983104479094
29378.243,0.15046093251080192
29378.244,0.15046203012457768
29378.245,0.15046312295197115
29378.246,0.1504642108390488
29378.247,0.15046529398743202
29378.248,0.15046637193699453
29378.249,0.1504674446039801
29378.25,0.15046851206938122
29378.251,0.15046957393521795
29378.252,0.1504706303486023
29378.253,0.15047168077585452
29378.254,0.15047272562306538
29378.255,0.1504737639689983
29378.256,0.15047479606469963
29378.257,0.15047582233460302
29378.258,0.15047684275536988
29378.259,0.1504778567061463
29378.26,0.15047886422001647
29378.261,0.1504798655419502
29378.262,0.15048086007500458
29378.263,0.1504818476476658
29378.264,0.15048282836298535
29378.265,0.1504838025377315
29378.266,0.15048476993142734
29378.267,0.1504857302260318
29378.268,0.15048668333890425
29378.269,0.15048762943392033
29378.27,0.1504885688626067
29378.271,0.15048950128190688
29378.272,0.15049042640660476
29378.273,0.1504913449264049
29378.274,0.1504922568099992
29378.275,0.15049316186770373
29378.276,0.15049406033291404
29378.277,0.15049495243332184
29378.278,0.1504958378598293
29378.279,0.15049671602423148
29378.28,0.15049758734755597
29378.281,0.1504984524639237
29378.282,0.15049931134644698
29378.283,0.1505001639128142
29378.284,0.15050101000753466
29378.285,0.1505018499973686
29378.286,0.15050268388254862
29378.287,0.15050351160513267
29378.288,0.15050433330270238
29378.289,0.15050514883745855
29378.29,0.15050595875671016
29378.291,0.15050676308988942
29378.292,0.15050756159988352
29378.293,0.15050835470116522
29378.294,0.15050914270565116
29378.295,0.15050992536410907
29378.296,0.1505107028657411
29378.297,0.15051147580891167
29378.298,0.15051224395895454
29378.299,0.150513007118608
29378.3,0.15051376565380167
29378.301,0.1505145199348361
29378.302,0.1505152700178323
29378.303,0.1505160164557744
29378.304,0.15051675910646845
29378.305,0.15051749769803996
29378.306,0.15051823238766895
29378.307,0.15051896394857628
29378.308,0.15051969266067508
29378.309,0.15052041846367153
29378.31,0.15052114188137528
29378.311,0.1505218627426019
29378.312,0.15052258083057393
29378.313,0.15052329637442502
29378.314,0.15052400926721557
29378.315,0.1505247203031612
29378.316,0.15052542927523782
29378.317,0.15052613676293725
29378.318,0.15052684251397402
29378.319,0.1505275465551634
29378.32,0.1505282497410157
29378.321,0.15052895174939648
29378.322,0.1505296522542196
29378.323,0.15053035198272216
29378.324,0.15053105117537147
29378.325,0.15053174993056495
29378.326,0.15053244813125213
29378.327,0.1505331458507996
29378.328,0.1505338431184867
29378.329,0.1505345398973342
29378.33,0.1505352367870711
29378.331,0.1505359332443212
29378.332,0.1505366296295019
29378.333,0.15053732544603446
29378.334,0.150538021178135
29378.335,0.15053871705018085
29378.336,0.1505394130580391
29378.337,0.1505401092572961
29378.338,0.1505408054905364
29378.339,0.15054150153076873
29378.34,0.1505421978286591
29378.341,0.15054289445698604
29378.342,0.15054359069614348
29378.343,0.1505442869581712
29378.344,0.15054498323241366
29378.345,0.15054567926081514
29378.346,0.1505463751047947
29378.347,0.15054707097548048
29378.348,0.15054776671822465
29378.349,0.1505484623402159
29378.35,0.15054915818031342
29378.351,0.1505498539727509
29378.352,0.1505505497601848
29378.353,0.15055124541258735
29378.354,0.15055194146436973
29378.355,0.1505526370654381
29378.356,0.15055333282018327
29378.357,0.15055402889942904
29378.358,0.15055472505218842
29378.359,0.15055542102519326
29378.36,0.15055611717727638
29378.361,0.15055681372335555
29378.362,0.15055751049830682
29378.363,0.15055820736513328
29378.364,0.15055890465403954
29378.365,0.15055960246901415
29378.366,0.15056030071619544
29378.367,0.15056099977019116
29378.368,0.1505616998075698
29378.369,0.15056240066056956
29378.37,0.15056310251726865
29378.371,0.15056380541602193
29378.372,0.15056450908941643
29378.373,0.15056521430262357
29378.374,0.1505659212006715
29378.375,0.15056662965839845
29378.376,0.15056734036518685
29378.377,0.15056805301172047
29378.378,0.15056876760869456
29378.379,0.1505694843480887
29378.38,0.15057020370869537
29378.381,0.1505709254382096
29378.382,0.15057164959284378
29378.383,0.15057237623657643
29378.384,0.15057310574049027
29378.385,0.15057383850804598
29378.386,0.15057457403101257
29378.387,0.1505753128644681
29378.388,0.15057605534922266
29378.389,0.15057680119687564
29378.39,0.15057755070513312
29378.391,0.15057830395611704
29378.392,0.15057906068236532
29378.393,0.15057982128297387
29378.394,0.150580586208349
29378.395,0.1505813552000718
29378.396,0.15058212824488587
29378.397,0.15058290537822983
29378.398,0.1505836865220261
29378.399,0.15058447170033834
29378.4,0.15058526158399071
29378.401,0.15058605589711482
29378.402,0.15058685444963701
29378.403,0.15058765768299043
29378.404,0.15058846525199165
29378.405,0.1505892772923742
29378.406,0.1505900940007382
29378.407,0.15059091546820935
29378.408,0.1505917415171321
29378.409,0.15059257242011945
29378.41,0.15059340812212602
29378.411,0.15059424842874122
29378.412,0.15059509391683054
29378.413,0.1505959441877697
29378.414,0.15059679970936918
29378.415,0.15059766028385582
29378.416,0.15059852555798228
29378.417,0.15059939583530957
29378.418,0.1506002708832061
29378.419,0.15060115086040235
29378.42,0.1506020358879798
29378.421,0.15060292587477758
29378.422,0.1506038205853976
29378.423,0.15060472051809065
29378.424,0.15060562543893916
29378.425,0.15060653539406663
29378.426,0.15060745034031595
29378.427,0.15060837055051976
29378.428,0.15060929600427456
29378.429,0.15061022650513245
29378.43,0.1506111620536547
29378.431,0.15061210192736893
29378.432,0.15061304644811438
29378.433,0.15061399539621473
29378.434,0.15061494890035623
29378.435,0.15061590684951137
29378.436,0.150616868780751
29378.437,0.1506178347038932
29378.438,0.15061880435971217
29378.439,0.1506197778474952
29378.44,0.1506207551075454
29378.441,0.15062173595275752
29378.442,0.1506227200279687
29378.443,0.15062370763958532
29378.444,0.1506246981937837
29378.445,0.15062569162614464
29378.446,0.15062668722328765
29378.447,0.150627685000103
29378.448,0.15062868430881318
29378.449,0.15062968511390476
29378.45,0.15063068749942296
29378.451,0.1506316907980218
29378.452,0.1506326949467926
29378.453,0.15063370004359225
29378.454,0.15063470564570614
29378.455,0.15063571089897337
29378.456,0.15063671618290606
29378.457,0.1506377215120459
29378.458,0.15063872645299886
29378.459,0.15063973091884783
29378.46,0.15064073474927397
29378.461,0.150641737828121
29378.462,0.1506427395770462
29378.463,0.15064373944319265
29378.464,0.15064473727338312
29378.465,0.1506457332612564
29378.466,0.1506467274330299
29378.467,0.15064771919582243
29378.468,0.15064870856239976
29378.469,0.15064969514700435
29378.47,0.15065067881497904
29378.471,0.15065165957756999
29378.472,0.15065263718776714
29378.473,0.150653612013061
29378.474,0.1506545841319581
29378.475,0.1506555532329285
29378.476,0.15065651956014206
29378.477,0.1506574826544084
29378.478,0.15065844262302933
29378.479,0.15065939942459391
29378.48,0.15066035321145613
29378.481,0.1506613038054534
29378.482,0.15066225129493993
29378.483,0.15066319529137112
29378.484,0.15066413626586456
29378.485,0.150665074307192
29378.486,0.15066600940856684
29378.487,0.15066694201477837
29378.488,0.1506678715000237
29378.489,0.15066879798601854
29378.49,0.150669722267616
29378.491,0.15067064465309574
29378.492,0.15067156515278388
29378.493,0.15067248415522594
29378.494,0.15067340186557368
29378.495,0.15067431820753538
29378.496,0.1506752330704595
29378.497,0.15067614671171076
29378.498,0.15067705942726603
29378.499,0.15067797133298272
29378.5,0.1506788829327557
29378.501,0.15067979418109867
29378.502,0.15068070515276483
29378.503,0.1506816161080888
29378.504,0.15068252726124984
29378.505,0.15068343844899837
29378.506,0.15068435015789475
29378.507,0.15068526284499695
29378.508,0.15068617694186626
29378.509,0.1506870922118168
29378.51,0.1506880088278816
29378.511,0.15068892704899112
29378.512,0.15068984718318137
29378.513,0.15069076842215068
29378.514,0.15069169140913474
29378.515,0.15069261603321712
29378.516,0.1506935424999636
29378.517,0.15069447119441795
29378.518,0.15069540189216743
29378.519,0.15069633451838893
29378.52,0.1506972696353999
29378.521,0.15069820726114727
29378.522,0.15069914669386997
29378.523,0.15070008850530575
29378.524,0.15070103268417664
29378.525,0.15070197932309334
29378.526,0.150702928572821
29378.527,0.15070388007280225
29378.528,0.15070483355342956
29378.529,0.15070578868606807
29378.53,0.1507067451218917
29378.531,0.15070770263558217
29378.532,0.1507086616172172
29378.533,0.15070962176462924
29378.534,0.15071058320826022
29378.535,0.15071154577235465
29378.536,0.1507125090338439
29378.537,0.1507134727197224
29378.538,0.15071443664712955
29378.539,0.1507154009720304
29378.54,0.1507163652450828
29378.541,0.15071732977130758
29378.542,0.15071829460986721
29378.543,0.15071925930833963
29378.544,0.15072022381080274
29378.545,0.1507211879213083
29378.546,0.1507221509253802
29378.547,0.15072311307019984
29378.548,0.15072407418844677
29378.549,0.15072503424765954
29378.55,0.15072599284004642
29378.551,0.15072694994351538
29378.552,0.1507279056298217
29378.553,0.15072885979951897
29378.554,0.1507298119369278
29378.555,0.15073076178927666
29378.556,0.15073170989550325
29378.557,0.15073265621773507
29378.558,0.15073360079891024
29378.559,0.15073454339371337
29378.56,0.15073548402188652
29378.561,0.15073642292849396
29378.562,0.15073736003345947
29378.563,0.15073829511780484
29378.564,0.15073922839278736
29378.565,0.15074016014682867
29378.566,0.15074109003418312
29378.567,0.1507420181574474
29378.568,0.15074294489449505
29378.569,0.1507438700007989
29378.57,0.1507447940530497
29378.571,0.15074571729034456
29378.572,0.1507466393320668
29378.573,0.15074756064808156
29378.574,0.15074848149502015
29378.575,0.15074940188273517
29378.576,0.15075032235493835
29378.577,0.15075124290477362
29378.578,0.15075216362056199
29378.579,0.15075308454483277
29378.58,0.15075400612897044
29378.581,0.1507549280510601
29378.582,0.15075585061256935
29378.583,0.15075677410992547
29378.584,0.1507576987918399
29378.585,0.15075862471169468
29378.586,0.15075955190948476
29378.587,0.15076048080402982
29378.588,0.1507614112892338
29378.589,0.15076234416387096
29378.59,0.15076327941719445
29378.591,0.15076421718060548
29378.592,0.1507651571057511
29378.593,0.1507660999640981
29378.594,0.1507670459166322
29378.595,0.1507679949498408
29378.596,0.15076894649642267
29378.597,0.1507699010148187
29378.598,0.15077085852988995
29378.599,0.15077181927453867
29378.6,0.1507727834506701
29378.601,0.1507737509150384
29378.602,0.15077472174598644
29378.603,0.1507756962268634
29378.604,0.15077667454130902
29378.605,0.15077765627924855
29378.606,0.15077864184978676
29378.607,0.15077963144970466
29378.608,0.15078062545131773
29378.609,0.15078162334726236
29378.61,0.1507826255374645
29378.611,0.1507836323439945
29378.612,0.15078464356394808
29378.613,0.15078565857457715
29378.614,0.15078667824118508
29378.615,0.15078770259023178
29378.616,0.15078873159989348
29378.617,0.1507897657215351
29378.618,0.1507908044323015
29378.619,0.15079184791756672
29378.62,0.15079289650618075
29378.621,0.1507939502749838
29378.622,0.15079500870738388
29378.623,0.1507960724940323
29378.624,0.1507971420309532
29378.625,0.15079821720595984
29378.626,0.15079929795848399
29378.627,0.15080038413686506
29378.628,0.15080147601602445
29378.629,0.15080257337579828
29378.63,0.15080367658163313
29378.631,0.15080478551734375
29378.632,0.15080590020150428
29378.633,0.15080702072797872
29378.634,0.15080814727483208
29378.635,0.1508092795410031
29378.636,0.15081041774686188
29378.637,0.15081156197541748
29378.638,0.15081271225518314
29378.639,0.15081386854845097
29378.64,0.15081503034562393
29378.641,0.15081619781883127
29378.642,0.15081737092263062
29378.643,0.1508185494321445
29378.644,0.15081973382718383
29378.645,0.15082092332184852
29378.646,0.1508221176168764
29378.647,0.15082331669569005
29378.648,0.15082452028400978
29378.649,0.15082572820751833
29378.65,0.15082694053347584
29378.651,0.15082815739012878
29378.652,0.1508293778574983
29378.653,0.1508306021314174
29378.654,0.15083182986277174
29378.655,0.15083306064098742
29378.656,0.15083429453785024
29378.657,0.15083553152343843
29378.658,0.15083677107845192
29378.659,0.1508380127868201
29378.66,0.15083925683597738
29378.661,0.1508405029081484
29378.662,0.15084175055651194
29378.663,0.1508429991531522
29378.664,0.15084424879640032
29378.665,0.15084549913228237
29378.666,0.15084675020034213
29378.667,0.15084800156792527
29378.668,0.1508492525155573
29378.669,0.1508505035010588
29378.67,0.15085175448952054
29378.671,0.15085300525777698
29378.672,0.15085425555395862
29378.673,0.15085550583792498
29378.674,0.15085675622719336
29378.675,0.150858006361609
29378.676,0.1508592561886585
29378.677,0.15086050563571649
29378.678,0.15086175458661402
29378.679,0.15086300285819496
29378.68,0.1508642508523497
29378.681,0.1508654982012852
29378.682,0.15086674528169294
29378.683,0.15086799207732215
29378.684,0.1508692388257585
29378.685,0.15087048597107558
29378.686,0.15087173309107058
29378.687,0.15087298070531796
29378.688,0.15087422868795963
29378.689,0.15087547718955713
29378.69,0.15087672661078133
29378.691,0.1508779776829398
29378.692,0.15087923015006
29378.693,0.15088048486391284
29378.694,0.15088174207986285
29378.695,0.15088300138922145
29378.696,0.1508842626409347
29378.697,0.1508855268812597
29378.698,0.1508867941881176
29378.699,0.15088806474041616
29378.7,0.15088933879867714
29378.701,0.15089061624493683
29378.702,0.15089189727869062
29378.703,0.15089318216208417
29378.704,0.15089447126017905
29378.705,0.1508957644644425
29378.706,0.15089706210757092
29378.707,0.15089836486346786
29378.708,0.15089967323840384
29378.709,0.1509009867052501
29378.71,0.15090230556497727
29378.711,0.15090363012019314
29378.712,0.15090496015546556
29378.713,0.150906295636873
29378.714,0.1509076369167001
29378.715,0.15090898380344026
29378.716,0.1509103360672868
29378.717,0.1509116933202678
29378.718,0.1509130554696533
29378.719,0.15091442265887547
29378.72,0.150915795315497
29378.721,0.15091717268727775
29378.722,0.15091855417707337
29378.723,0.15091994022658162
29378.724,0.15092133078093306
29378.725,0.1509227254666154
29378.726,0.1509241238632427
29378.727,0.15092552598282502
29378.728,0.1509269311425615
29378.729,0.15092833927926097
29378.73,0.1509297498736803
29378.731,0.15093116218331248
29378.732,0.15093257631647927
29378.733,0.15093399167443175
29378.734,0.1509354079116844
29378.735,0.15093682461564092
29378.736,0.15093824149221466
29378.737,0.15093965785552016
29378.738,0.15094107344010954
29378.739,0.15094248771061797
29378.74,0.15094390034911911
29378.741,0.15094531163926347
29378.742,0.15094672099152048
29378.743,0.15094812786169354
29378.744,0.15094953198625177
29378.745,0.15095093264352108
29378.746,0.15095232943440975
29378.747,0.15095372236007462
29378.748,0.1509551108453179
29378.749,0.1509564947581841
29378.75,0.15095787386071316
29378.751,0.15095924758635682
29378.752,0.15096061537275882
29378.753,0.15096197728857289
29378.754,0.15096333313724036
29378.755,0.15096468237322186
29378.756,0.15096602549830215
29378.757,0.15096736285695683
29378.758,0.15096869391649695
29378.759,0.1509700187726422
29378.76,0.15097133693635018
29378.761,0.15097264856240145
29378.762,0.15097395359290444
29378.763,0.15097525175396545
29378.764,0.15097654315009162
29378.765,0.15097782751930455
29378.766,0.1509791050621636
29378.767,0.1509803759925777
29378.768,0.15098164063472092
29378.769,0.1509828991783703
29378.77,0.15098415150263672
29378.771,0.15098539777337422
29378.772,0.15098663760279388
29378.773,0.1509878715820683
29378.774,0.15098909990499176
29378.775,0.15099032245656782
29378.776,0.15099153979582902
29378.777,0.15099275212509242
29378.778,0.15099395968353324
29378.779,0.15099516239563948
29378.78,0.15099636056346827
29378.781,0.15099755423832878
29378.782,0.1509987438193793
29378.783,0.150999929441033
29378.784,0.15100111122809393
29378.785,0.15100228946115793
29378.786,0.1510034647712335
29378.787,0.15100463736132347
29378.788,0.15100580680112174
29378.789,0.15100697353084241
29378.79,0.15100813805241103
29378.791,0.1510093007021102
29378.792,0.15101046143460375
29378.793,0.15101162067713
29378.794,0.15101277875953734
29378.795,0.15101393546051808
29378.796,0.1510150911297333
29378.797,0.15101624641552855
29378.798,0.1510174007793159
29378.799,0.15101855389472
29378.8,0.15101970683835578
29378.801,0.15102085942438767
29378.802,0.1510220120507254
29378.803,0.15102316532369045
29378.804,0.15102431934948227
29378.805,0.15102547391537524
29378.806,0.1510266293359605
29378.807,0.15102778606480627
29378.808,0.15102894409708564
29378.809,0.1510301034159787
29378.81,0.15103126430409028
29378.811,0.15103242710657583
29378.812,0.15103359161575333
29378.813,0.15103475763518875
29378.814,0.15103592526454243
29378.815,0.15103709496058756
29378.816,0.1510382667086917
29378.817,0.151039440418154
29378.818,0.15104061677341243
29378.819,0.15104179574169954
29378.82,0.15104297740171937
29378.821,0.15104416133549134
29378.822,0.1510453477298634
29378.823,0.15104653731853238
29378.824,0.15104773039186783
29378.825,0.1510489266061024
29378.826,0.15105012606121088
29378.827,0.151051329041156
29378.828,0.1510525354578269
29378.829,0.1510537451574796
29378.83,0.15105495825705478
29378.831,0.15105617486888648
29378.832,0.151057395242527
29378.833,0.15105861894300146
29378.834,0.15105984650960805
29378.835,0.15106107753505915
29378.836,0.1510623121700313
29378.837,0.15106355036118496
29378.838,0.15106479241052348
29378.839,0.1510660376886067
29378.84,0.15106728661101224
29378.841,0.15106853995887362
29378.842,0.15106979709993082
29378.843,0.15107105816161634
29378.844,0.15107232312221802
29378.845,0.15107359169206266
29378.846,0.15107486337520365
29378.847,0.15107613831589506
29378.848,0.15107741669403604
29378.849,0.1510786983128073
29378.85,0.15107998285532453
29378.851,0.15108127022630913
29378.852,0.151082560620242
29378.853,0.15108385405531755
29378.854,0.15108515056429248
29378.855,0.1510864493901906
29378.856,0.15108775102691605
29378.857,0.15108905510377627
29378.858,0.1510903610487104
29378.859,0.15109166881730365
29378.86,0.15109297848682113
29378.861,0.1510942902547907
29378.862,0.15109560357507656
29378.863,0.15109691803442232
29378.864,0.1510982335241485
29378.865,0.1510995495539899
29378.866,0.15110086653052968
29378.867,0.15110218432710942
29378.868,0.1511035022528042
29378.869,0.1511048200688931
29378.87,0.15110613820542296
29378.871,0.15110745589623922
29378.872,0.15110877278042564
29378.873,0.1511100893450892
29378.874,0.1511114053681413
29378.875,0.15111272037839965
29378.876,0.1511140344714671
29378.877,0.15111534754670264
29378.878,0.1511166590145792
29378.879,0.15111796832202717
29378.88,0.15111927589503302
29378.881,0.1511205812990227
29378.882,0.1511218842143201
29378.883,0.15112318428341506
29378.884,0.15112448151329036
29378.885,0.1511257759189498
29378.886,0.15112706723863142
29378.887,0.15112835486494733
29378.888,0.15112963927941922
29378.889,0.15113092028534755
29378.89,0.15113219801729727
29378.891,0.15113347278256753
29378.892,0.15113474385382158
29378.893,0.15113601118337006
29378.894,0.1511372750107897
29378.895,0.15113853484946654
29378.896,0.1511397903378941
29378.897,0.15114104140056686
29378.898,0.1511422877569375
29378.899,0.15114352982672966
29378.9,0.1511447682788058
29378.901,0.15114600210193038
29378.902,0.15114723141135156
29378.903,0.15114845686367412
29378.904,0.15114967777875088
29378.905,0.15115089390123376
29378.906,0.15115210594371228
29378.907,0.15115331419987987
29378.908,0.15115451868793223
29378.909,0.15115571941988937
29378.91,0.1511569159086395
29378.911,0.15115810926113407
29378.912,0.15115929891504035
29378.913,0.15116048483021075
29378.914,0.1511616671523751
29378.915,0.15116284589504914
29378.916,0.15116402130671727
29378.917,0.15116519389884867
29378.918,0.151166363764494
29378.919,0.15116753054533325
29378.92,0.15116869456393228
29378.921,0.15116985623316678
29378.922,0.1511710154582552
29378.923,0.151172172937198
29378.924,0.15117332853868945
29378.925,0.151174482262494
29378.926,0.15117563447620014
29378.927,0.15117678557276867
29378.928,0.15117793549230407
29378.929,0.1511790841652813
29378.93,0.15118023182349938
29378.931,0.15118137809043222
29378.932,0.151182523670551
29378.933,0.15118366845758086
29378.934,0.15118481324767305
29378.935,0.15118595775720797
29378.936,0.15118710229060844
29378.937,0.15118824672239675
29378.938,0.1511893915298324
29378.939,0.15119053634442942
29378.94,0.15119168214291764
29378.941,0.15119282880862683
29378.942,0.1511939757226026
29378.943,0.1511951232601323
29378.944,0.15119627209578176
29378.945,0.15119742202412467
29378.946,0.1511985726475696
29378.947,0.1511997247860308
29378.948,0.15120087856153042
29378.949,0.15120203281392855
29378.95,0.15120318859926485
29378.951,0.15120434599017
29378.952,0.15120550486920792
29378.953,0.15120666525817947
29378.954,0.15120782723991966
29378.955,0.15120899061356854
29378.956,0.151210155876636
29378.957,0.15121132292064424
29378.958,0.15121249183609
29378.959,0.15121366265441227
29378.96,0.1512148354675495
29378.961,0.15121601051148365
29378.962,0.15121718728872746
29378.963,0.15121836549789144
29378.964,0.1512195453633712
29378.965,0.1512207269203305
29378.966,0.15122191080676903
29378.967,0.151223096121719
29378.968,0.1512242829617174
29378.969,0.1512254712538205
29378.97,0.15122666122963904
29378.971,0.15122785279928122
29378.972,0.15122904595642456
29378.973,0.1512302409990148
29378.974,0.15123143773649542
29378.975,0.15123263559191255
29378.976,0.1512338351612452
29378.977,0.15123503652656092
29378.978,0.15123623933124813
29378.979,0.15123744357938743
29378.98,0.15123864918908714
29378.981,0.15123985565377296
29378.982,0.15124106332049395
29378.983,0.15124227200740303
29378.984,0.15124348176781596
29378.985,0.15124469236641344
29378.986,0.15124590385732373
29378.987,0.15124711618952025
29378.988,0.1512483292165338
29378.989,0.15124954272707458
29378.99,0.1512507570727627
29378.991,0.1512519720508023
29378.992,0.15125318725908973
29378.993,0.15125440290064762
29378.994,0.15125561926799047
29378.995,0.15125683586627572
29378.996,0.15125805220985825
29378.997,0.15125926857112854
29378.998,0.15126048489002886
29378.999,0.15126170132134767
29379.0,0.151262917621761
29379.001,0.15126413347180895
29379.002,0.15126534897245866
29379.003,0.15126656394251997
29379.004,0.1512677782618326
29379.005,0.15126899163094473
29379.006,0.1512702044651853
29379.007,0.1512714164830561
29379.008,0.1512726276764155
29379.009,0.151273837837305
29379.01,0.15127504710457482
29379.011,0.1512762558893498
29379.012,0.1512774629407095
29379.013,0.1512786684395431
29379.014,0.1512798721644465
29379.015,0.15128107431654406
29379.016,0.15128227537502448
29379.017,0.1512834748506103
29379.018,0.1512846726521629
29379.019,0.15128586883777953
29379.02,0.15128706404153486
29379.021,0.1512882579358482
29379.022,0.15128944954526266
29379.023,0.15129063985895821
29379.024,0.15129182859318147
29379.025,0.15129301592202526
29379.026,0.15129420205317964
29379.027,0.15129538712735358
29379.028,0.15129657042537908
29379.029,0.15129775244668334
29379.03,0.15129893349304321
29379.031,0.15130011373821442
29379.032,0.15130129307383555
29379.033,0.15130247136245983
29379.034,0.15130364926441592
29379.035,0.15130482631069817
29379.036,0.15130600290629373
29379.037,0.15130717912515107
29379.038,0.15130835535605536
29379.039,0.1513095310705821
29379.04,0.15131070674968952
29379.041,0.15131188253062328
29379.042,0.1513130585999436
29379.043,0.15131423520099777
29379.044,0.15131541308869811
29379.045,0.15131659166575578
29379.046,0.15131777072098468
29379.047,0.15131895131003525
29379.048,0.1513201330837655
29379.049,0.15132131667208898
29379.05,0.1513225022115261
29379.051,0.15132368911735214
29379.052,0.15132487769818367
29379.053,0.1513260684019167
29379.054,0.15132726130535082
29379.055,0.15132845605778786
29379.056,0.15132965331991227
29379.057,0.1513308532539651
29379.058,0.15133205600651983
29379.059,0.15133326149229073
29379.06,0.1513344698514435
29379.061,0.15133568160606514
29379.062,0.15133689618167867
29379.063,0.1513381139807058
29379.064,0.15133933519519016
29379.065,0.15134055986029193
29379.066,0.15134178797178488
29379.067,0.1513430193343169
29379.068,0.15134425448083946
29379.069,0.15134549291963206
29379.07,0.151346735102631
29379.071,0.15134798057491192
29379.072,0.1513492290297455
29379.073,0.15135048115508473
29379.074,0.15135173708750183
29379.075,0.15135299634363394
29379.076,0.1513542596219322
29379.077,0.1513555266468824
29379.078,0.15135679732680982
29379.079,0.15135807144712915
29379.08,0.1513593488572384
29379.081,0.15136062976187797
29379.082,0.15136191416060843
29379.083,0.15136320185462976
29379.084,0.15136449265393945
29379.085,0.15136578666909456
29379.086,0.1513670842410025
29379.087,0.15136838518700077
29379.088,0.15136968977451606
29379.089,0.15137099743732016
29379.09,0.15137230846019603
29379.091,0.15137362275122476
29379.092,0.15137494029344623
29379.093,0.15137626111702346
29379.094,0.15137758549140087
29379.095,0.15137891251213906
29379.096,0.15138024186790275
29379.097,0.1513815742110103
29379.098,0.15138290941783525
29379.099,0.1513842474946803
29379.1,0.15138558835091576
29379.101,0.15138693180500334
29379.102,0.15138827786460482
29379.103,0.1513896267403153
29379.104,0.15139097845215124
29379.105,0.15139233231596516
29379.106,0.15139368874969536
29379.107,0.15139504749757568
29379.108,0.15139640918189579
29379.109,0.15139777310956126
29379.11,0.1513991395310112
29379.111,0.15140050841096067
29379.112,0.15140187923413523
29379.113,0.1514032518276904
29379.114,0.15140462627409035
29379.115,0.15140600306165422
29379.116,0.15140738156939898
29379.117,0.15140876159477637
29379.118,0.1514101430788956
29379.119,0.15141152572391123
29379.12,0.1514129097737774
29379.121,0.15141429459862224
29379.122,0.1514156806019517
29379.123,0.1514170680973114
29379.124,0.15141845662012868
29379.125,0.1514198462908624
29379.126,0.15142123657765524
29379.127,0.1514226276865558
29379.128,0.1514240191715574
29379.129,0.1514254110565164
29379.13,0.15142680298159733
29379.131,0.15142819449737158
29379.132,0.15142958556080907
29379.133,0.15143097657924914
29379.134,0.1514323671085116
29379.135,0.1514337567233754
29379.136,0.151435145063495
29379.137,0.1514365319387157
29379.138,0.1514379176636697
29379.139,0.15143930157883947
29379.14,0.15144068387531623
29379.141,0.15144206449640216
29379.142,0.15144344379455024
29379.143,0.15144482105083473
29379.144,0.1514461963029475
29379.145,0.15144756853368863
29379.146,0.15144893765633852
29379.147,0.15145030375680102
29379.148,0.15145166619435385
29379.149,0.15145302477839595
29379.15,0.1514543786907505
29379.151,0.15145572855211714
29379.152,0.1514570742694301
29379.153,0.15145841566184415
29379.154,0.1514597520891328
29379.155,0.15146108327693963
29379.156,0.15146240940486427
29379.157,0.15146373010866693
29379.158,0.1514650449948981
29379.159,0.1514663538421775
29379.16,0.15146765675033705
29379.161,0.15146895351077377
29379.162,0.15147024346944604
29379.163,0.15147152628468546
29379.164,0.15147280161667914
29379.165,0.15147406930878013
29379.166,0.15147532934884206
29379.167,0.15147658140954787
29379.168,0.15147782527802386
29379.169,0.15147906059698474
29379.17,0.1514802875467603
29379.171,0.15148150550741626
29379.172,0.1514827144880633
29379.173,0.15148391444772097
29379.174,0.1514851049106931
29379.175,0.15148628547762505
29379.176,0.1514874565120079
29379.177,0.15148861761563454
29379.178,0.1514897685908629
29379.179,0.15149090912869892
29379.18,0.15149203936236125
29379.181,0.15149315939691224
29379.182,0.15149426850829917
29379.183,0.15149536660883958
29379.184,0.1514964538436191
29379.185,0.1514975302558785
29379.186,0.15149859582555555
29379.187,0.1514996502244655
29379.188,0.15150069347480052
29379.189,0.15150172517247187
29379.19,0.1515027458781461
29379.191,0.15150375539489103
29379.192,0.15150475364800556
29379.193,0.15150574104870282
29379.194,0.1515067179116474
29379.195,0.15150768365671954
29379.196,0.15150863824302654
29379.197,0.15150958231648498
29379.198,0.15151051546267313
29379.199,0.15151143752260093
29379.2,0.1515123489054291
29379.201,0.15151324968191754
29379.202,0.1515141396341618
29379.203,0.15151501903630793
29379.204,0.1515158876700848
29379.205,0.1515167456161586
29379.206,0.15151759334783002
29379.207,0.15151843141515736
29379.208,0.15151926002267407
29379.209,0.15152007864024886
29379.21,0.1515208877693572
29379.211,0.151521687793734
29379.212,0.15152247799513754
29379.213,0.1515232587688077
29379.214,0.1515240304935589
29379.215,0.15152479336949753
29379.216,0.15152554729164333
29379.217,0.15152629235727608
29379.218,0.15152702862474424
29379.219,0.15152775640948907
29379.22,0.15152847588947194
29379.221,0.15152918726090908
29379.222,0.1515298906581719
29379.223,0.15153058582040577
29379.224,0.15153127333555153
29379.225,0.1515319531940234
29379.226,0.15153262549274188
29379.227,0.1515332906834936
29379.228,0.15153394852492139
29379.229,0.15153459907924532
29379.23,0.15153524247586192
29379.231,0.15153587845752745
29379.232,0.15153650735373583
29379.233,0.15153712917818932
29379.234,0.15153774407573484
29379.235,0.15153835244594896
29379.236,0.15153895418247124
29379.237,0.15153954983904674
29379.238,0.15154013930737964
29379.239,0.15154072228342072
29379.24,0.15154129919216436
29379.241,0.15154187026062402
29379.242,0.15154243541200318
29379.243,0.1515429943066628
29379.244,0.15154354775576845
29379.245,0.15154409550001083
29379.246,0.15154463775760113
29379.247,0.15154517445675822
29379.248,0.15154570549099877
29379.249,0.15154623142496837
29379.25,0.15154675234169415
29379.251,0.151547268450857
29379.252,0.15154777975010442
29379.253,0.151548286471659
29379.254,0.15154878846130393
29379.255,0.15154928612102256
29379.256,0.15154977931104463
29379.257,0.151550268113055
29379.258,0.15155075260533288
29379.259,0.15155123298367879
29379.26,0.1515517092582449
29379.261,0.15155218197487674
29379.262,0.15155265093885667
29379.263,0.1515531160660143
29379.264,0.1515535775861801
29379.265,0.15155403536911688
29379.266,0.15155448963037477
29379.267,0.15155494039489834
29379.268,0.15155538710441613
29379.269,0.15155583020835317
29379.27,0.15155627008305328
29379.271,0.1515567065599368
29379.272,0.151557139738113
29379.273,0.15155756992330413
29379.274,0.15155799723880875
29379.275,0.15155842162286215
29379.276,0.1515588431251319
29379.277,0.15155926194820757
29379.278,0.15155967816350613
29379.279,0.15156009124513797
29379.28,0.15156050129445953
29379.281,0.15156090835987807
29379.282,0.15156131231734088
29379.283,0.15156171332616425
29379.284,0.1515621118283776
29379.285,0.15156250731660728
29379.286,0.1515629000597435
29379.287,0.15156328979738248
29379.288,0.1515636765901107
29379.289,0.15156406065702216
29379.29,0.1515644420470886
29379.291,0.15156482070994826
29379.292,0.15156519666758483
29379.293,0.1515655698734898
29379.294,0.1515659403756034
29379.295,0.15156630746670618
29379.296,0.151566671001094
29379.297,0.15156703154540366
29379.298,0.15156738895119354
29379.299,0.1515677428932669
29379.3,0.151568093278762
29379.301,0.15156844008875905
29379.302,0.15156878314706274
29379.303,0.15156912308424314
29379.304,0.1515694596042534
29379.305,0.15156979226439085
29379.306,0.1515701213283463
29379.307,0.151570446655806
29379.308,0.15157076829844746
29379.309,0.15157108597930868
29379.31,0.15157139933499986
29379.311,0.15157170853243604
29379.312,0.1515720129604861
29379.313,0.15157231271914454
29379.314,0.15157260774928102
29379.315,0.15157289812385097
29379.316,0.151573183462187
29379.317,0.15157346367144234
29379.318,0.15157373900674184
29379.319,0.15157400921375191
29379.32,0.15157427412060814
29379.321,0.1515745333317231
29379.322,0.1515747866856098
29379.323,0.1515750338070549
29379.324,0.1515752750756676
29379.325,0.15157551042182071
29379.326,0.15157573945222053
29379.327,0.15157596232915072
29379.328,0.1515761788751289
29379.329,0.1515763886529524
29379.33,0.151576591816175
29379.331,0.15157678839715463
29379.332,0.15157697835179987
29379.333,0.15157716158945467
29379.334,0.15157733795246
29379.335,0.15157750753231444
29379.336,0.1515776697992251
29379.337,0.15157782492363284
29379.338,0.151577973179135
29379.339,0.15157811427193751
29379.34,0.15157824870156505
29379.341,0.1515783766760235
29379.342,0.15157849808019427
29379.343,0.1515786128039332
29379.344,0.1515787211994832
29379.345,0.15157882322017358
29379.346,0.15157891868160503
29379.347,0.151579008238972
29379.348,0.15157909197618388
29379.349,0.15157917016485606
29379.35,0.15157924264003603
29379.351,0.15157930923496882
29379.352,0.1515793704352642
29379.353,0.15157942645914646
29379.354,0.15157947763964372
29379.355,0.15157952383648612
29379.356,0.1515795652489238
29379.357,0.15157960256061268
29379.358,0.15157963599650853
29379.359,0.15157966585217705
29379.36,0.1515796923375254
29379.361,0.1515797156777491
29379.362,0.15157973563931032
29379.363,0.1515797525772321
29379.364,0.1515797663653096
29379.365,0.15157977759746716
29379.366,0.15157978675999087
29379.367,0.1515797937826225
29379.368,0.1515797989991121
29379.369,0.1515798032182458
29379.37,0.15157980616876074
29379.371,0.1515798078261307
29379.372,0.1515798084412346
29379.373,0.15157980839540333
29379.374,0.15157980754213773
29379.375,0.15157980610750502
29379.376,0.15157980434333432
29379.377,0.15157980244682753
29379.378,0.15157980003138047
29379.379,0.15157979678727088
29379.38,0.15157979327958357
29379.381,0.15157978923088625
29379.382,0.1515797846501279
29379.383,0.1515797796592322
29379.384,0.15157977421476312
29379.385,0.15157976848881866
29379.386,0.15157976274985346
29379.387,0.15157975689817213
29379.388,0.1515797508039827
29379.389,0.15157974425797943
29379.39,0.15157973707431024
29379.391,0.15157972943437598
29379.392,0.15157972104919804
29379.393,0.15157971190280237
29379.394,0.15157970229857787
29379.395,0.15157969112991765
29379.396,0.15157967860879862
29379.397,0.1515796650146986
29379.398,0.15157964960455453
29379.399,0.15157963221469337
29379.4,0.15157961367233885
29379.401,0.15157959419144046
29379.402,0.1515795729109341
29379.403,0.15157955000591106
29379.404,0.15157952516529424
29379.405,0.15157949835033216
29379.406,0.15157947027846108
29379.407,0.151579440606808
29379.408,0.15157940950272336
29379.409,0.1515793762389038
29379.41,0.15157934106729473
29379.411,0.1515793043165263
29379.412,0.15157926580302475
29379.413,0.1515792251657989
29379.414,0.15157918258785552
29379.415,0.15157913826272687
29379.416,0.1515790919860123
29379.417,0.15157904398975164
29379.418,0.15157899434515407
29379.419,0.15157894304205174
29379.42,0.15157888999412245
29379.421,0.15157883566271566
29379.422,0.1515787807582349
29379.423,0.15157872436887548
29379.424,0.1515786673924011
29379.425,0.15157860958573827
29379.426,0.15157855113782523
29379.427,0.15157849228802156
29379.428,0.1515784328533663
29379.429,0.15157837269642707
29379.43,0.15157831233222535
29379.431,0.15157825171171854
29379.432,0.15157819104475534
29379.433,0.15157813059140623
29379.434,0.15157807030327397
29379.435,0.1515780107454597
29379.436,0.1515779517223083
29379.437,0.15157789356813017
29379.438,0.15157783656536153
29379.439,0.1515777806588847
29379.44,0.15157772648932127
29379.441,0.15157767394618588
29379.442,0.1515776225970681
29379.443,0.15157757272036265
29379.444,0.15157752520741122
29379.445,0.15157747929829238
29379.446,0.15157743488481798
29379.447,0.15157739208753895
29379.448,0.15157735080858917
29379.449,0.15157731094940355
29379.45,0.15157727315112773
29379.451,0.15157723683959887
29379.452,0.15157720255311713
29379.453,0.1515771699825702
29379.454,0.15157713895525826
29379.455,0.15157710905738975
29379.456,0.15157708081976476
29379.457,0.1515770541134483
29379.458,0.15157702874869172
29379.459,0.151577004746349
29379.46,0.15157698186152352
29379.461,0.1515769599219754
29379.462,0.15157693905330646
29379.463,0.15157691833363426
29379.464,0.1515768980306314
29379.465,0.15157687810973605
29379.466,0.1515768583414315
29379.467,0.15157683820510648
29379.468,0.15157681768410647
29379.469,0.15157679617051145
29379.47,0.151576773730116
29379.471,0.15157675001366644
29379.472,0.15157672481927753
29379.473,0.15157669767596746
29379.474,0.1515766687240232
29379.475,0.15157663792622025
29379.476,0.15157660508588686
29379.477,0.15157656985906662
29379.478,0.1515765316403836
29379.479,0.15157649022273673
29379.48,0.15157644544510537
29379.481,0.15157639704683398
29379.482,0.15157634481581775
29379.483,0.15157628817940771
29379.484,0.15157622705836182
29379.485,0.15157616117412934
29379.486,0.15157608965241126
29379.487,0.15157601268798035
29379.488,0.1515759299395758
29379.489,0.15157584122914985
29379.49,0.1515757465080206
29379.491,0.1515756456357386
29379.492,0.15157553787469907
29379.493,0.15157542339798452
29379.494,0.1515753021048285
29379.495,0.1515751731629161
29379.496,0.15157503664618313
29379.497,0.1515748924058152
29379.498,0.15157474007762559
29379.499,0.1515745796886018
29379.5,0.1515744112940261
29379.501,0.15157423398277592
29379.502,0.15157404724764043
29379.503,0.15157385174740376
29379.504,0.15157364716611896
29379.505,0.1515734330287067
29379.506,0.1515732093624375
29379.507,0.15157297608947012
29379.508,0.15157273313474046
29379.509,0.1515724797554129
29379.51,0.15157221626414363
29379.511,0.15157194219326067
29379.512,0.15157165711519544
29379.513,0.15157136096883825
29379.514,0.15157105392278092
29379.515,0.15157073605393465
29379.516,0.15157040656726176
29379.517,0.15157006614005084
29379.518,0.1515697142844071
29379.519,0.15156935053787718
29379.52,0.15156897496010277
29379.521,0.15156858773596116
29379.522,0.15156818819137224
29379.523,0.15156777561495818
29379.524,0.15156735101877147
29379.525,0.15156691417561463
29379.526,0.15156646460341203
29379.527,0.15156600223216038
29379.528,0.1515655270000654
29379.529,0.1515650384777763
29379.53,0.15156453695765226
29379.531,0.15156402239186523
29379.532,0.15156349467622776
29379.533,0.15156295403186773
29379.534,0.15156240058881354
29379.535,0.15156183431571896
29379.536,0.15156125482173696
29379.537,0.15156066184283887
29379.538,0.1515600558464418
29379.539,0.1515594368360348
29379.54,0.1515588048655502
29379.541,0.15155816007396597
29379.542,0.15155750233966597
29379.543,0.15155683219002458
29379.544,0.15155614995231634
29379.545,0.15155545472562254
29379.546,0.15155474679043154
29379.547,0.15155402620880545
29379.548,0.1515532935068988
29379.549,0.1515525489332598
29379.55,0.1515517928926221
29379.551,0.1515510250101275
29379.552,0.1515502459818508
29379.553,0.15154945615419127
29379.554,0.15154865535359224
29379.555,0.1515478436750022
29379.556,0.15154702168121684
29379.557,0.15154618977779258
29379.558,0.15154534830758223
29379.559,0.15154449723668623
29379.56,0.1515436365619865
29379.561,0.151542766901786
29379.562,0.15154188821139564
29379.563,0.1515410006921483
29379.564,0.1515401049562614
29379.565,0.15153920110833896
29379.566,0.15153828967940972
29379.567,0.15153737096354217
29379.568,0.15153644547380593
29379.569,0.15153551331269127
29379.57,0.15153457498051962
29379.571,0.15153363058952793
29379.572,0.15153268065446518
29379.573,0.15153172538283188
29379.574,0.1515307659522525
29379.575,0.15152980213086775
29379.576,0.15152883375638104
29379.577,0.15152786097596607
29379.578,0.15152688407157683
29379.579,0.1515259035938468
29379.58,0.15152492011305543
29379.581,0.15152393386658947
29379.582,0.15152294523579232
29379.583,0.1515219547354161
29379.584,0.15152096293839137
29379.585,0.15151997015285631
29379.586,0.15151897679135753
29379.587,0.15151798327615754
29379.588,0.15151698960536625
29379.589,0.1515159959696719
29379.59,0.15151500293479644
29379.591,0.15151401073581328
29379.592,0.1515130192850211
29379.593,0.15151202919740392
29379.594,0.15151104069439836
29379.595,0.15151005373722634
29379.596,0.15150906869777078
29379.597,0.15150808597446297
29379.598,0.15150710587895913
29379.599,0.15150612919466566
29379.6,0.15150515607954643
29379.601,0.1515041867509025
29379.602,0.1515032209617625
29379.603,0.15150225954429633
29379.604,0.1515013025396216
29379.605,0.1515003496480443
29379.606,0.15149940149604288
29379.607,0.15149845849568447
29379.608,0.15149752014508294
29379.609,0.1514965866880382
29379.61,0.1514956583226874
29379.611,0.15149473511146783
29379.612,0.15149381723628436
29379.613,0.15149290482131902
29379.614,0.1514919977643543
29379.615,0.15149109591058907
29379.616,0.15149019970080654
29379.617,0.15148930920563228
29379.618,0.15148842409312188
29379.619,0.15148754455209382
29379.62,0.1514866708809394
29379.621,0.15148580281666837
29379.622,0.15148494006214008
29379.623,0.15148408235523006
29379.624,0.15148322993317506
29379.625,0.15148238293038752
29379.626,0.15148154082139578
29379.627,0.15148070375159456
29379.628,0.15147987135619273
29379.629,0.15147904376395174
29379.63,0.15147822077432935
29379.631,0.15147740195872042
29379.632,0.1514765873185735
29379.633,0.15147577704391782
29379.634,0.15147497062278015
29379.635,0.15147416798582933
29379.636,0.15147336902756195
29379.637,0.1514725738631234
29379.638,0.1514717824440282
29379.639,0.15147099450283832
29379.64,0.1514702096678431
29379.641,0.1514694279120116
29379.642,0.15146864867994797
29379.643,0.15146787229160547
29379.644,0.15146709838826675
29379.645,0.15146632650602124
29379.646,0.1514655569730134
29379.647,0.15146478989738055
29379.648,0.1514640252756302
29379.649,0.1514632628303098
29379.65,0.1514625025097235
29379.651,0.15146174437198548
29379.652,0.1514609882559514
29379.653,0.15146023427902283
29379.654,0.1514594822349744
29379.655,0.1514587324732256
29379.656,0.1514579851188505
29379.657,0.1514572402622889
29379.658,0.15145649744729414
29379.659,0.1514557563729833
29379.66,0.1514550172907177
29379.661,0.15145428029910596
29379.662,0.15145354497342498
29379.663,0.15145281175309713
29379.664,0.15145208070040717
29379.665,0.1514513520550634
29379.666,0.15145062586854569
29379.667,0.15144990207489492
29379.668,0.15144918049089914
29379.669,0.15144846104711068
29379.67,0.15144774447161813
29379.671,0.15144703051397582
29379.672,0.15144631919616197
29379.673,0.1514456106083636
29379.674,0.1514449049785874
29379.675,0.15144420201521358
29379.676,0.15144350168548493
29379.677,0.15144280428761578
29379.678,0.15144210982118442
29379.679,0.15144141833148161
29379.68,0.15144072963298397
29379.681,0.15144004378211115
29379.682,0.15143936088222293
29379.683,0.15143868089099874
29379.684,0.1514380040899782
29379.685,0.15143733016070587
29379.686,0.15143665894220554
29379.687,0.1514359909252855
29379.688,0.15143532609057014
29379.689,0.15143466421074647
29379.69,0.15143400555344144
29379.691,0.1514333498904009
29379.692,0.15143269707635168
29379.693,0.15143204759928205
29379.694,0.15143140156608342
29379.695,0.15143075814188003
29379.696,0.15143011715315438
29379.697,0.15142947879559565
29379.698,0.1514288432374875
29379.699,0.15142821025725917
29379.7,0.1514275798132455
29379.701,0.1514269519746738
29379.702,0.15142632630687053
29379.703,0.15142570375477443
29379.704,0.15142508358701162
29379.705,0.15142446527296619
29379.706,0.15142384920910212
29379.707,0.15142323577664388
29379.708,0.15142262464390047
29379.709,0.15142201580094394
29379.71,0.15142140885512453
29379.711,0.1514208039548053
29379.712,0.15142020079696678
29379.713,0.15141959917489403
29379.714,0.15141899900774394
29379.715,0.15141840040699897
29379.716,0.15141780362881832
29379.717,0.1514172078699517
29379.718,0.1514166134763021
29379.719,0.15141601965257123
29379.72,0.15141542659850343
29379.721,0.1514148342765383
29379.722,0.15141424277712692
29379.723,0.15141365234970106
29379.724,0.1514130630681472
29379.725,0.1514124748791274
29379.726,0.15141188725840893
29379.727,0.15141130018793963
29379.728,0.15141071365428424
29379.729,0.15141012759088915
29379.73,0.15140954172089616
29379.731,0.15140895634660312
29379.732,0.1514083713096628
29379.733,0.1514077864341351
29379.734,0.15140720203145436
29379.735,0.15140661824065646
29379.736,0.15140603437386405
29379.737,0.15140545115606932
29379.738,0.15140486866700073
29379.739,0.15140428693882615
29379.74,0.15140370588804294
29379.741,0.15140312615402346
29379.742,0.15140254752822052
29379.743,0.1514019702571735
29379.744,0.15140139439057929
29379.745,0.15140081997727708
29379.746,0.1514002468755242
29379.747,0.15139967552770972
29379.748,0.1513991061100297
29379.749,0.15139853901046899
29379.75,0.15139797460392138
29379.751,0.15139741242077137
29379.752,0.1513968528023637
29379.753,0.15139629631406273
29379.754,0.15139574355985982
29379.755,0.15139519403827031
29379.756,0.15139464830057708
29379.757,0.15139410690002278
29379.758,0.1513935698576687
29379.759,0.15139303778687677
29379.76,0.15139251113715743
29379.761,0.15139198993203357
29379.762,0.15139147457132623
29379.763,0.15139096490206327
29379.764,0.15139046130085684
29379.765,0.15138996398844726
29379.766,0.1513894730555803
29379.767,0.15138898891094493
29379.768,0.15138851190952632
29379.769,0.1513880420190443
29379.77,0.15138757992577703
29379.771,0.15138712551058683
29379.772,0.15138667876865564
29379.773,0.15138623958751798
29379.774,0.15138580906873514
29379.775,0.15138538676695032
29379.776,0.15138497270032672
29379.777,0.15138456708846884
29379.778,0.15138417015880312
29379.779,0.15138378164762142
29379.78,0.15138340154766133
29379.781,0.15138302977490187
29379.782,0.15138266632587194
29379.783,0.15138231136756336
29379.784,0.15138196477015575
29379.785,0.15138162608193967
29379.786,0.15138129546517062
29379.787,0.15138097239517584
29379.788,0.15138065679536977
29379.789,0.15138034810467033
29379.79,0.15138004632657082
29379.791,0.1513797510657766
29379.792,0.1513794621262493
29379.793,0.15137917929972067
29379.794,0.15137890203807708
29379.795,0.1513786295267013
29379.796,0.15137836185557754
29379.797,0.15137809860387785
29379.798,0.15137783984702005
29379.799,0.15137758499059709
29379.8,0.15137733361807112
29379.801,0.15137708535594355
29379.802,0.15137683970687035
29379.803,0.15137659668772863
29379.804,0.15137635546277628
29379.805,0.15137611556840608
29379.806,0.151375876992306
29379.807,0.15137563981111193
29379.808,0.1513754028678184
29379.809,0.1513751659465976
29379.81,0.1513749286869145
29379.811,0.15137469142265975
29379.812,0.15137445337313463
29379.813,0.1513742141368618
29379.814,0.15137397391782542
29379.815,0.15137373204232574
29379.816,0.1513734883196767
29379.817,0.15137324261864288
29379.818,0.15137299512122457
29379.819,0.1513727452052108
29379.82,0.1513724935644907
29379.821,0.15137223989309057
29379.822,0.1513719836698064
29379.823,0.15137172485489772
29379.824,0.15137146336355017
29379.825,0.15137119981087924
29379.826,0.15137093376624733
29379.827,0.1513706654202071
29379.828,0.15137039461049967
29379.829,0.15137012156338514
29379.83,0.15136984621977476
29379.831,0.1513695687818034
29379.832,0.15136928936207045
29379.833,0.15136900860108776
29379.834,0.15136872647034955
29379.835,0.151368443011403
29379.836,0.15136815804955503
29379.837,0.15136787295700085
29379.838,0.15136758714888926
29379.839,0.1513673008022587
29379.84,0.15136701417329604
29379.841,0.1513667278502364
29379.842,0.15136644167396604
29379.843,0.1513661560088268
29379.844,0.15136587136912602
29379.845,0.1513655874221638
29379.846,0.15136530435498738
29379.847,0.15136502243051575
29379.848,0.15136474216845508
29379.849,0.15136446337106718
29379.85,0.1513641867230181
29379.851,0.15136391213943934
29379.852,0.15136364027419763
29379.853,0.15136337175717204
29379.854,0.15136310624343352
29379.855,0.15136284342596773
29379.856,0.15136258403895672
29379.857,0.1513623281969795
29379.858,0.15136207558249606
29379.859,0.1513618264158122
29379.86,0.15136158019603135
29379.861,0.151361337302111
29379.862,0.15136109778460652
29379.863,0.1513608615942811
29379.864,0.15136062895628732
29379.865,0.1513603997396286
29379.866,0.15136017387006903
29379.867,0.15135995169926142
29379.868,0.15135973245447237
29379.869,0.15135951648022952
29379.87,0.15135930397307257
29379.871,0.1513590946050346
29379.872,0.1513588881292844
29379.873,0.1513586849545815
29379.874,0.15135848537900592
29379.875,0.1513582883220206
29379.876,0.15135809403218697
29379.877,0.151357902390853
29379.878,0.1513577129413757
29379.879,0.15135752490155951
29379.88,0.1513573387796615
29379.881,0.15135715417528292
29379.882,0.1513569709085608
29379.883,0.15135678900528848
29379.884,0.1513566079053056
29379.885,0.15135642759940718
29379.886,0.15135624796030123
29379.887,0.15135606872757917
29379.888,0.15135589021491141
29379.889,0.15135571145926643
29379.89,0.1513555329470197
29379.891,0.15135535422226867
29379.892,0.15135517504510482
29379.893,0.15135499531992067
29379.894,0.15135481521602584
29379.895,0.15135463404698385
29379.896,0.15135445176472684
29379.897,0.15135426850707592
29379.898,0.15135408418663934
29379.899,0.1513538983884937
29379.9,0.15135371110524254
29379.901,0.15135352212492545
29379.902,0.1513533312239421
29379.903,0.15135313908955392
29379.904,0.1513529453139061
29379.905,0.15135274967484919
29379.906,0.15135255244509177
29379.907,0.15135235377271297
29379.908,0.15135215332221755
29379.909,0.15135195131374793
29379.91,0.15135174778110005
29379.911,0.15135154283863456
29379.912,0.15135133612550006
29379.913,0.15135112764920342
29379.914,0.15135091776979723
29379.915,0.1513507064775785
29379.916,0.15135049433424566
29379.917,0.15135028125090538
29379.918,0.15135006749013474
29379.919,0.15134985298776948
29379.92,0.15134963834551857
29379.921,0.151349423253064
29379.922,0.1513492075740749
29379.923,0.15134899205339203
29379.924,0.15134877706752325
29379.925,0.15134856249311587
29379.926,0.15134834813688394
29379.927,0.15134813491669066
29379.928,0.15134792274483536
29379.929,0.15134771148689305
29379.93,0.15134750138389372
29379.931,0.15134729274329112
29379.932,0.15134708562161864
29379.933,0.15134688026832369
29379.934,0.15134667675682223
29379.935,0.15134647559931586
29379.936,0.15134627649057425
29379.937,0.15134608040967895
29379.938,0.15134588675206737
29379.939,0.15134569577257903
29379.94,0.15134550761088691
29379.941,0.1513453224820417
29379.942,0.1513451404430344
29379.943,0.15134496147626608
29379.944,0.15134478602048274
29379.945,0.1513446136014765
29379.946,0.15134444420068466
29379.947,0.15134427813112902
29379.948,0.15134411580982873
29379.949,0.1513439568902068
29379.95,0.1513438018038873
29379.951,0.15134364994760888
29379.952,0.15134350161886126
29379.953,0.15134335699075152
29379.954,0.15134321542311857
29379.955,0.15134307663700006
29379.956,0.15134294115643132
29379.957,0.15134280916759715
29379.958,0.151342680243646
29379.959,0.1513425546023672
29379.96,0.15134243216980436
29379.961,0.15134231313360821
29379.962,0.1513421968760761
29379.963,0.15134208315214848
29379.964,0.1513419719405931
29379.965,0.15134186327092658
29379.966,0.151341757257259
29379.967,0.15134165387031398
29379.968,0.15134155294240298
29379.969,0.1513414549022493
29379.97,0.15134135947024763
29379.971,0.1513412664205557
29379.972,0.15134117584153
29379.973,0.15134108751781902
29379.974,0.15134100166099707
29379.975,0.15134091787497206
29379.976,0.15134083633104145
29379.977,0.15134075721644438
29379.978,0.15134068036437254
29379.979,0.1513406051561175
29379.98,0.15134053229459649
29379.981,0.1513404612787831
29379.982,0.1513403922900286
29379.983,0.15134032565298425
29379.984,0.15134026095783557
29379.985,0.15134019912959112
29379.986,0.15134013967028134
29379.987,0.15134008272609586
29379.988,0.1513400285430248
29379.989,0.15133997655121972
29379.99,0.15133992749473502
29379.991,0.15133988106051838
29379.992,0.15133983766948672
29379.993,0.15133979741425424
29379.994,0.1513397607373359
29379.995,0.151339726921464
29379.996,0.15133969599223596
29379.997,0.1513396681274947
29379.998,0.15133964346139192
29379.999,0.1513396218782507
29380.0,0.15133960374929065
29380.001,0.15133958913951556
29380.002,0.15133957823921046
29380.003,0.15133957104325665
29380.004,0.15133956750695088
29380.005,0.15133956718341585
29380.006,0.15133957077800034
29380.007,0.15133957846333276
29380.008,0.15133958994172056
29380.009,0.15133960518746203
29380.01,0.15133962448301533
29380.011,0.15133964753992096
29380.012,0.15133967433965592
29380.013,0.15133970447999845
29380.014,0.15133973829429115
29380.015,0.15133977574689822
29380.016,0.1513398165318738
29380.017,0.15133986069690325
29380.018,0.15133990854124177
29380.019,0.15133995924996194
29380.02,0.15134001308988707
29380.021,0.15134006998296226
29380.022,0.151340129874243
29380.023,0.1513401930744352
29380.024,0.15134025924499903
29380.025,0.15134032807494013
29380.026,0.15134039941076122
29380.027,0.1513404733388678
29380.028,0.1513405492419934
29380.029,0.1513406267442461
29380.03,0.15134070661020327
29380.031,0.15134078820997837
29380.032,0.15134087130387736
29380.033,0.151340955765194
29380.034,0.15134104162005485
29380.035,0.15134112906614094
29380.036,0.15134121747854928
29380.037,0.15134130703370657
29380.038,0.15134139727974372
29380.039,0.1513414881784326
29380.04,0.15134157995172806
29380.041,0.1513416725404866
29380.042,0.1513417659190699
29380.043,0.1513418597035346
29380.044,0.15134195407826787
29380.045,0.1513420484055066
29380.046,0.15134214296873033
29380.047,0.15134223787046114
29380.048,0.1513423329335382
29380.049,0.15134242800629638
29380.05,0.15134252296480064
29380.051,0.15134261761706735
29380.052,0.15134271206449806
29380.053,0.1513428063502239
29380.054,0.15134289967688647
29380.055,0.15134299257430484
29380.056,0.15134308560484072
29380.057,0.15134317824758783
29380.058,0.15134327050066881
29380.059,0.15134336253934313
29380.06,0.15134345399458488
29380.061,0.15134354488300922
29380.062,0.1513436353692139
29380.063,0.15134372506313432
29380.064,0.15134381446013834
29380.065,0.15134390331713077
29380.066,0.15134399179460997
29380.067,0.15134407953894494
29380.068,0.15134416674384193
29380.069,0.1513442530900613
29380.07,0.1513443389526767
29380.071,0.15134442423183636
29380.072,0.15134450885624381
29380.073,0.15134459269353612
29380.074,0.15134467598485088
29380.075,0.1513447583889661
29380.076,0.15134484028797526
29380.077,0.15134492145646175
29380.078,0.15134500160602207
29380.079,0.15134508069357436
29380.08,0.15134515942064275
29380.081,0.15134523740826758
29380.082,0.15134531470752025
29380.083,0.1513453914280369
29380.084,0.15134546764530726
29380.085,0.15134554369601202
29380.086,0.1513456187229483
29380.087,0.15134569323376842
29380.088,0.15134576719072063
29380.089,0.15134584047493208
29380.09,0.15134591353776977
29380.091,0.15134598639880392
29380.092,0.1513460591036137
29380.093,0.1513461315362237
29380.094,0.15134620441380137
29380.095,0.15134627690045122
29380.096,0.1513463491902283
29380.097,0.1513464216264604
29380.098,0.15134649491216803
29380.099,0.15134656871915617
29380.1,0.15134664364630898
29380.101,0.1513467193128651
29380.102,0.15134679569297804
29380.103,0.15134687343091896
29380.104,0.15134695252276748
29380.105,0.15134703259812549
29380.106,0.1513471145769287
29380.107,0.15134719831240975
29380.108,0.15134728402987843
29380.109,0.15134737207356017
29380.11,0.15134746222750084
29380.111,0.1513475544631808
29380.112,0.15134764912071777
29380.113,0.15134774587194547
29380.114,0.15134784527704642
29380.115,0.15134794749820593
29380.116,0.15134805240602353
29380.117,0.15134816065863843
29380.118,0.1513482720286606
29380.119,0.15134838617392365
29380.12,0.15134850363085778
29380.121,0.15134862449170977
29380.122,0.151348748627704
29380.123,0.15134887586372464
29380.124,0.15134900644411917
29380.125,0.15134914026968355
29380.126,0.15134927750809501
29380.127,0.15134941819506953
29380.128,0.15134956226065727
29380.129,0.151349708940414
29380.13,0.15134985861111425
29380.131,0.151350010957418
29380.132,0.15135016600205906
29380.133,0.15135032401317045
29380.134,0.15135048497886375
29380.135,0.15135064873282186
29380.136,0.15135081491508098
29380.137,0.1513509834644799
29380.138,0.15135115412857725
29380.139,0.15135132684684852
29380.14,0.15135150161520075
29380.141,0.15135167837401284
29380.142,0.15135185673830928
29380.143,0.15135203666276933
29380.144,0.1513522180567663
29380.145,0.1513524004574535
29380.146,0.15135258377234503
29380.147,0.15135276737088935
29380.148,0.15135295160449205
29380.149,0.15135313617454327
29380.15,0.151353321227891
29380.151,0.15135350655441693
29380.152,0.15135369217031294
29380.153,0.15135387806702455
29380.154,0.15135406405145102
29380.155,0.15135425010472517
29380.156,0.15135443585792818
29380.157,0.1513546212206361
29380.158,0.15135480611453256
29380.159,0.1513549903407722
29380.16,0.1513551738912523
29380.161,0.15135535690552027
29380.162,0.15135553919631028
29380.163,0.1513557203155869
29380.164,0.15135590053384862
29380.165,0.1513560795771364
29380.166,0.15135625778208844
29380.167,0.1513564350686192
29380.168,0.15135661146600524
29380.169,0.15135678675711528
29380.17,0.1513569611317223
29380.171,0.15135713442764195
29380.172,0.1513573064461339
29380.173,0.1513574773782863
29380.174,0.15135764708056482
29380.175,0.1513578155652893
29380.176,0.15135798279909574
29380.177,0.15135814879803
29380.178,0.15135831330188668
29380.179,0.15135847645257486
29380.18,0.1513586381917395
29380.181,0.15135879825339077
29380.182,0.15135895668145077
29380.183,0.15135911343041283
29380.184,0.15135926883967796
29380.185,0.1513594223876603
29380.186,0.1513595737743745
29380.187,0.151359723301532
29380.188,0.15135987084958233
29380.189,0.1513600163610104
29380.19,0.1513601598382207
29380.191,0.15136030132671055
29380.192,0.1513604406108676
29380.193,0.15136057750424842
29380.194,0.1513607121076736
29380.195,0.15136084372571057
29380.196,0.15136097259577944
29380.197,0.15136109849032053
29380.198,0.15136122156268447
29380.199,0.15136134104683174
29380.2,0.15136145725206468
29380.201,0.15136157008690776
29380.202,0.15136167958758384
29380.203,0.15136178561672375
29380.204,0.15136188779895268
29380.205,0.15136198611131538
29380.206,0.15136208056476796
29380.207,0.15136217136996602
29380.208,0.15136225825592978
29380.209,0.1513623411420074
29380.21,0.15136241973369116
29380.211,0.15136249454094075
29380.212,0.15136256524664377
29380.213,0.15136263138106074
29380.214,0.15136269306652947
29380.215,0.1513627503481525
29380.216,0.15136280320354234
29380.217,0.15136285155394608
29380.218,0.1513628952669019
29380.219,0.1513629341976302
29380.22,0.15136296878017966
29380.221,0.15136299901119402
29380.222,0.15136302435527743
29380.223,0.15136304513348883
29380.224,0.15136306155674323
29380.225,0.15136307367616222
29380.226,0.15136308175427865
29380.227,0.15136308580795316
29380.228,0.1513630859944048
29380.229,0.15136308202750076
29380.23,0.15136307474295066
29380.231,0.1513630637630195
29380.232,0.15136304904639433
29380.233,0.1513630311736607
29380.234,0.15136301006183903
29380.235,0.15136298595208847
29380.236,0.15136295895157878
29380.237,0.1513629291224865
29380.238,0.15136289701437788
29380.239,0.15136286273842653
29380.24,0.1513628264505195
29380.241,0.15136278836033493
29380.242,0.1513627483027324
29380.243,0.15136270685693967
29380.244,0.15136266448281968
29380.245,0.1513626212312782
29380.246,0.15136257723524085
29380.247,0.15136253278414233
29380.248,0.15136248856769002
29380.249,0.15136244415076747
29380.25,0.15136240020300626
29380.251,0.15136235645573173
29380.252,0.1513623135078231
29380.253,0.15136227145070053
29380.254,0.1513622305759464
29380.255,0.15136219045556276
29380.256,0.15136215201705525
29380.257,0.15136211563782678
29380.258,0.15136208155466227
29380.259,0.15136204966207206
29380.26,0.15136201999499993
29380.261,0.15136199286864976
29380.262,0.15136196838045474
29380.263,0.1513619464774359
29380.264,0.15136192747795715
29380.265,0.15136191178646488
29380.266,0.15136189944032727
29380.267,0.15136189013583934
29380.268,0.1513618839150169
29380.269,0.15136188086153649
29380.27,0.1513618810882388
29380.271,0.15136188453528088
29380.272,0.15136189102601952
29380.273,0.1513619006374041
29380.274,0.15136191377966537
29380.275,0.15136193031227485
29380.276,0.15136195036305158
29380.277,0.15136197396137166
29380.278,0.1513620007444289
29380.279,0.15136203046746924
29380.28,0.1513620632837885
29380.281,0.1513620989483547
29380.282,0.1513621376382964
29380.283,0.15136217912486205
29380.284,0.15136222327888638
29380.285,0.15136226961124305
29380.286,0.15136231828487373
29380.287,0.15136236934924144
29380.288,0.15136242290821045
29380.289,0.15136247845649436
29380.29,0.15136253599566735
29380.291,0.15136259541634314
29380.292,0.1513626565725828
29380.293,0.1513627195222446
29380.294,0.15136278431641678
29380.295,0.1513628508307741
29380.296,0.15136291856149361
29380.297,0.1513629875051592
29380.298,0.15136305809793207
29380.299,0.15136313007565474
29380.3,0.15136320380672827
29380.301,0.1513632787972351
29380.302,0.15136335504353965
29380.303,0.15136343243662595
29380.304,0.1513635112166332
29380.305,0.1513635910341201
29380.306,0.1513636723585406
29380.307,0.1513637553360497
29380.308,0.1513638395506104
29380.309,0.15136392499013906
29380.31,0.15136401157251647
29380.311,0.15136409956320251
29380.312,0.15136418875039745
29380.313,0.15136427913135053
29380.314,0.15136437126338104
29380.315,0.15136446529154457
29380.316,0.15136456108550309
29380.317,0.1513646590223239
29380.318,0.15136475933751187
29380.319,0.15136486172147778
29380.32,0.1513649668982797
29380.321,0.1513650744706176
29380.322,0.15136518462864887
29380.323,0.1513652976505707
29380.324,0.15136541373983523
29380.325,0.15136553286925086
29380.326,0.1513656551694358
29380.327,0.1513657808343487
29380.328,0.1513659094301953
29380.329,0.15136604113241217
29380.33,0.15136617628442567
29380.331,0.15136631476150061
29380.332,0.1513664569136019
29380.333,0.1513666027500026
29380.334,0.15136675216306344
29380.335,0.1513669052434091
29380.336,0.1513670620212305
29380.337,0.15136722247817952
29380.338,0.15136738666604976
29380.339,0.1513675546934125
29380.34,0.15136772668669338
29380.341,0.15136790275909373
29380.342,0.15136808289637546
29380.343,0.15136826711323179
29380.344,0.15136845548602326
29380.345,0.15136864757352783
29380.346,0.15136884310618967
29380.347,0.15136904224996395
29380.348,0.15136924520806877
29380.349,0.15136945157094925
29380.35,0.15136966153273657
29380.351,0.15136987491467896
29380.352,0.15137009180390912
29380.353,0.15137031170163218
29380.354,0.15137053474783033
29380.355,0.15137076038838246
29380.356,0.15137098932819681
29380.357,0.15137122137822684
29380.358,0.15137145622963266
29380.359,0.1513716937088567
29380.36,0.15137193411832417
29380.361,0.15137217731229843
29380.362,0.15137242297202982
29380.363,0.1513726708690833
29380.364,0.15137292089810125
29380.365,0.1513731732600099
29380.366,0.15137342734307072
29380.367,0.15137368327617948
29380.368,0.1513739415625974
29380.369,0.15137420187956638
29380.37,0.1513744646161935
29380.371,0.15137472938527555
29380.372,0.15137499617829187
29380.373,0.15137526523298922
29380.374,0.15137553655511557
29380.375,0.15137580993103972
29380.376,0.15137608581136905
29380.377,0.15137636403557964
29380.378,0.15137664479802035
29380.379,0.15137692778192327
29380.38,0.15137721356340647
29380.381,0.15137750170072348
29380.382,0.1513777925745846
29380.383,0.15137808632032823
29380.384,0.15137838327835068
29380.385,0.15137868372767158
29380.386,0.1513789877112215
29380.387,0.1513792955360163
29380.388,0.15137960736667777
29380.389,0.15137992290185584
29380.39,0.1513802427203631
29380.391,0.15138056718393972
29380.392,0.15138089597953727
29380.393,0.15138122980223997
29380.394,0.15138156867849056
29380.395,0.1513819123347608
29380.396,0.15138226084169107
29380.397,0.1513826148263087
29380.398,0.15138297431864428
29380.399,0.15138333936438697
29380.4,0.15138371034637155
29380.401,0.15138408717510402
29380.402,0.1513844700824444
29380.403,0.15138485925735398
29380.404,0.15138525459881122
29380.405,0.15138565614564756
29380.406,0.15138606442376454
29380.407,0.15138647926068338
29380.408,0.15138690082560005
29380.409,0.1513873288085187
29380.41,0.15138776341332397
29380.411,0.15138820496727928
29380.412,0.1513886534757904
29380.413,0.15138910842201977
29380.414,0.15138956998353154
29380.415,0.15139003800696477
29380.416,0.151390512533596
29380.417,0.15139099335474146
29380.418,0.15139147991580942
29380.419,0.151391972139332
29380.42,0.15139247019197663
29380.421,0.15139297354749817
29380.422,0.15139348224978721
29380.423,0.15139399608364715
29380.424,0.15139451530239334
29380.425,0.1513950392350656
29380.426,0.15139556797697837
29380.427,0.15139610110972976
29380.428,0.15139663841380874
29380.429,0.15139717946966558
29380.43,0.15139772421830486
29380.431,0.15139827211896154
29380.432,0.15139882304939592
29380.433,0.15139937677160156
29380.434,0.15139993357355194
29380.435,0.1514004928887847
29380.436,0.15140105442790153
29380.437,0.15140161778401084
29380.438,0.15140218293918561
29380.439,0.15140274967009507
29380.44,0.15140331754162453
29380.441,0.15140388680312195
29380.442,0.15140445715605172
29380.443,0.1514050279719915
29380.444,0.15140559972491613
29380.445,0.1514061717349077
29380.446,0.15140674368051915
29380.447,0.15140731567846108
29380.448,0.15140788761509932
29380.449,0.15140845898076263
29380.45,0.1514090300945651
29380.451,0.15140960097945164
29380.452,0.151410171280795
29380.453,0.15141074096983562
29380.454,0.15141131002249703
29380.455,0.1514118782697479
29380.456,0.15141244593074984
29380.457,0.1514130130336268
29380.458,0.15141357928062357
29380.459,0.1514141445098842
29380.46,0.15141470868995813
29380.461,0.15141527174413283
29380.462,0.15141583406244
29380.463,0.15141639506589025
29380.464,0.15141695505460842
29380.465,0.1514175142425096
29380.466,0.15141807236553406
29380.467,0.1514186297227621
29380.468,0.15141918645633382
29380.469,0.15141974218451784
29380.47,0.15142029724679137
29380.471,0.15142085126576008
29380.472,0.15142140479235922
29380.473,0.151421957472859
29380.474,0.15142250968309198
29380.475,0.1514230614198147
29380.476,0.1514236125342742
29380.477,0.15142416315384563
29380.478,0.151424713393636
29380.479,0.15142526283019048
29380.48,0.1514258117101563
29380.481,0.15142635990549294
29380.482,0.15142690764867447
29380.483,0.15142745483251932
29380.484,0.15142800155518385
29380.485,0.1514285475258767
29380.486,0.1514290928909971
29380.487,0.15142963774596974
29380.488,0.15143018187923962
29380.489,0.15143072507303457
29380.49,0.15143126779298316
29380.491,0.15143180989101554
29380.492,0.15143235107008488
29380.493,0.15143289183323164
29380.494,0.1514334320511965
29380.495,0.1514339713181556
29380.496,0.15143450982876366
29380.497,0.15143504726938273
29380.498,0.15143558363313714
29380.499,0.15143611899163717
29380.5,0.15143665306967055
29380.501,0.15143718538728612
29380.502,0.15143771604394593
29380.503,0.15143824496356786
29380.504,0.1514387715993157
29380.505,0.1514392960927828
29380.506,0.15143981849445765
29380.507,0.15144033863173423
29380.508,0.15144085652636444
29380.509,0.15144137213525213
29380.51,0.15144188553624827
29380.511,0.15144239636646165
29380.512,0.15144290414604786
29380.513,0.15144340838758807
29380.514,0.15144390946761496
29380.515,0.15144440715089386
29380.516,0.1514449013362683
29380.517,0.15144539186952521
29380.518,0.15144587900340117
29380.519,0.1514463624229604
29380.52,0.1514468423754674
29380.521,0.15144731841128095
29380.522,0.15144779066139236
29380.523,0.15144825902840087
29380.524,0.15144872346329652
29380.525,0.1514491835875519
29380.526,0.15144963971153425
29380.527,0.15145009161017187
29380.528,0.15145053949001722
29380.529,0.15145098320480008
29380.53,0.15145142339783202
29380.531,0.15145185941638387
29380.532,0.1514522918791334
29380.533,0.1514527204427359
29380.534,0.15145314544964777
29380.535,0.15145356638383634
29380.536,0.15145398365533363
29380.537,0.1514543974907007
29380.538,0.15145480828508429
29380.539,0.1514552159948772
29380.54,0.15145562102837593
29380.541,0.15145602382190587
29380.542,0.151456424061239
29380.543,0.15145682167801058
29380.544,0.15145721764876177
29380.545,0.15145761173283045
29380.546,0.15145800397938275
29380.547,0.15145839484994394
29380.548,0.1514587847717068
29380.549,0.15145917381960014
29380.55,0.15145956263068044
29380.551,0.15145995114889307
29380.552,0.15146033964901823
29380.553,0.15146072822027534
29380.554,0.15146111719866687
29380.555,0.15146150678326045
29380.556,0.1514618973690273
29380.557,0.15146228930099356
29380.558,0.1514626826187331
29380.559,0.1514630777129687
29380.56,0.1514634744763163
29380.561,0.15146387339469625
29380.562,0.15146427462867268
29380.563,0.15146467806930208
29380.564,0.15146508428275807
29380.565,0.15146549310932875
29380.566,0.1514659048519348
29380.567,0.1514663197320248
29380.568,0.1514667377909726
29380.569,0.15146715884269665
29380.57,0.15146758299438773
29380.571,0.15146801052609313
29380.572,0.15146844141469845
29380.573,0.1514688758482546
29380.574,0.1514693140279208
29380.575,0.15146975577586438
29380.576,0.15147020133811107
29380.577,0.15147065082183156
29380.578,0.1514711039722709
29380.579,0.1514715604369106
29380.58,0.1514720203398242
29380.581,0.15147248378915096
29380.582,0.15147295064513636
29380.583,0.151473421014463
29380.584,0.15147389453708554
29380.585,0.15147437100474745
29380.586,0.15147485057192864
29380.587,0.15147533307896968
29380.588,0.1514758186426157
29380.589,0.15147630665627773
29380.59,0.15147679738641837
29380.591,0.15147729094299645
29380.592,0.15147778694168915
29380.593,0.1514782851780732
29380.594,0.1514787858517674
29380.595,0.15147928823717807
29380.596,0.15147979198056036
29380.597,0.1514802972714726
29380.598,0.1514808041271368
29380.599,0.15148131215703495
29380.6,0.15148182126304635
29380.601,0.1514823311633265
29380.602,0.15148284179442134
29380.603,0.15148335281516054
29380.604,0.15148386441526354
29380.605,0.15148437635606796
29380.606,0.1514848888113546
29380.607,0.15148540138505923
29380.608,0.15148591407196163
29380.609,0.15148642655413813
29380.61,0.1514869381850638
29380.611,0.1514874490766988
29380.612,0.15148795943898297
29380.613,0.15148846851848197
29380.614,0.1514889764590936
29380.615,0.15148948312645108
29380.616,0.15148998830041563
29380.617,0.15149049157625688
29380.618,0.1514909927763558
29380.619,0.15149149160680378
29380.62,0.1514919882600005
29380.621,0.1514924821216374
29380.622,0.15149297328495756
29380.623,0.15149346159698954
29380.624,0.15149394709372188
29380.625,0.15149442942945138
29380.626,0.15149490890946793
29380.627,0.1514953851160544
29380.628,0.15149585806109628
29380.629,0.1514963270760158
29380.63,0.15149679209381864
29380.631,0.1514972526402407
29380.632,0.1514977091554672
29380.633,0.15149816115789588
29380.634,0.15149860884837085
29380.635,0.15149905177717168
29380.636,0.15149949013668532
29380.637,0.15149992393168757
29380.638,0.15150035267103373
29380.639,0.15150077647606763
29380.64,0.15150119547185234
29380.641,0.15150160944103816
29380.642,0.15150201816268913
29380.643,0.15150242160430458
29380.644,0.15150282041843313
29380.645,0.15150321405255063
29380.646,0.15150360215029865
29380.647,0.15150398501068876
29380.648,0.15150436298936784
29380.649,0.15150473567581624
29380.65,0.1515051030303272
29380.651,0.15150546491078715
29380.652,0.15150582138047033
29380.653,0.1515061723547502
29380.654,0.15150651833048234
29380.655,0.15150685873887243
29380.656,0.1515071942740939
29380.657,0.15150752495350803
29380.658,0.15150785087462468
29380.659,0.1515081721603155
29380.66,0.15150848870693936
29380.661,0.15150880084405474
29380.662,0.1515091085804926
29380.663,0.15150941168060522
29380.664,0.15150971024893023
29380.665,0.15151000438704465
29380.666,0.15151029447053227
29380.667,0.1515105805784681
29380.668,0.15151086273252176
29380.669,0.15151114100820137
29380.67,0.15151141561256862
29380.671,0.15151168650013663
29380.672,0.15151195382722027
29380.673,0.15151221776053544
29380.674,0.1515124781195184
29380.675,0.15151273549508656
29380.676,0.15151298959949724
29380.677,0.15151324037878555
29380.678,0.1515134879470086
29380.679,0.15151373209831095
29380.68,0.15151397331845015
29380.681,0.15151421134956117
29380.682,0.15151444643279596
29380.683,0.15151467866678905
29380.684,0.1515149080107698
29380.685,0.15151513466246103
29380.686,0.15151535870868277
29380.687,0.1515155802852093
29380.688,0.1515157991052661
29380.689,0.1515160150650087
29380.69,0.15151622872426976
29380.691,0.1515164399389942
29380.692,0.15151664862932449
29380.693,0.1515168549002974
29380.694,0.15151705915455607
29380.695,0.15151726097617152
29380.696,0.1515174603992702
29380.697,0.15151765761335118
29380.698,0.15151785276078444
29380.699,0.15151804572884062
29380.7,0.15151823663573877
29380.701,0.15151842493682782
29380.702,0.15151861095752767
29380.703,0.15151879526936754
29380.704,0.15151897785575155
29380.705,0.15151915821155298
29380.706,0.1515193370060661
29380.707,0.15151951410944195
29380.708,0.1515196895735133
29380.709,0.15151986347739013
29380.71,0.1515200357972921
29380.711,0.15152020677513814
29380.712,0.15152037638425747
29380.713,0.1515205441235416
29380.714,0.15152071089072972
29380.715,0.1515208764780631
29380.716,0.15152104077952117
29380.717,0.1515212038165452
29380.718,0.1515213659244076
29380.719,0.15152152700197113
29380.72,0.15152168699148177
29380.721,0.15152184602063856
29380.722,0.15152200430776155
29380.723,0.15152216187143477
29380.724,0.15152231860335003
29380.725,0.1515224744183474
29380.726,0.1515226295434545
29380.727,0.15152278366182997
29380.728,0.15152293691492708
29380.729,0.15152308924226418
29380.73,0.15152324079328575
29380.731,0.15152339123747127
29380.732,0.15152354110544045
29380.733,0.15152368998764001
29380.734,0.15152383778804196
29380.735,0.15152398472586895
29380.736,0.15152413099742884
29380.737,0.1515242762980161
29380.738,0.15152442073370914
29380.739,0.151524564344252
29380.74,0.15152470693721293
29380.741,0.15152484867136198
29380.742,0.15152498927363606
29380.743,0.1515251288275861
29380.744,0.15152526766893815
29380.745,0.1515254048850843
29380.746,0.15152554060570828
29380.747,0.15152567518009707
29380.748,0.15152580858237008
29380.749,0.15152594029356908
29380.75,0.15152607069273125
29380.751,0.1515261998243976
29380.752,0.15152632785734552
29380.753,0.1515264550745051
29380.754,0.15152658116637968
29380.755,0.15152670603400337
29380.756,0.15152683063498187
29380.757,0.1515269545242149
29380.758,0.1515270776410594
29380.759,0.1515272000266673
29380.76,0.1515273218605841
29380.761,0.15152744353212474
29380.762,0.15152756512055454
29380.763,0.15152768648845466
29380.764,0.15152780835190363
29380.765,0.1515279306748323
29380.766,0.1515280538252578
29380.767,0.1515281778469837
29380.768,0.15152830268874012
29380.769,0.15152842863585936
29380.77,0.151528556286549
29380.771,0.15152868608718098
29380.772,0.15152881844554958
29380.773,0.1515289533353048
29380.774,0.15152909134903644
29380.775,0.15152923258458612
29380.776,0.15152937705712421
29380.777,0.15152952568723774
29380.778,0.1515296783716315
29380.779,0.15152983578322027
29380.78,0.15152999825916702
29380.781,0.15153016594184301
29380.782,0.15153033937264743
29380.783,0.1515305187536404
29380.784,0.1515307044939278
29380.785,0.15153089677294823
29380.786,0.15153109613594226
29380.787,0.1515313028816262
29380.788,0.15153151732567555
29380.789,0.1515317399057132
29380.79,0.15153197095607734
29380.791,0.151532210770621
29380.792,0.1515324596272599
29380.793,0.15153271767769974
29380.794,0.15153298562168435
29380.795,0.15153326331447342
29380.796,0.1515335509587946
29380.797,0.1515338490466833
29380.798,0.15153415789347652
29380.799,0.15153447737456868
29380.8,0.15153480788061544
29380.801,0.15153514959776673
29380.802,0.15153550309712974
29380.803,0.1515358687229754
29380.804,0.15153624596243914
29380.805,0.15153663471804352
29380.806,0.15153703546247746
29380.807,0.1515374481611053
29380.808,0.15153787323144022
29380.809,0.15153831065887155
29380.81,0.15153876028130642
29380.811,0.15153922208596754
29380.812,0.15153969589226568
29380.813,0.15154018171129338
29380.814,0.15154067990185024
29380.815,0.15154119026576074
29380.816,0.1515417126181699
29380.817,0.15154224712658687
29380.818,0.1515427937310903
29380.819,0.15154335224837714
29380.82,0.15154392288540813
29380.821,0.15154450506990394
29380.822,0.15154509854465814
29380.823,0.15154570288740876
29380.824,0.15154631833516505
29380.825,0.1515469449632607
29380.826,0.15154758245058092
29380.827,0.1515482306772809
29380.828,0.1515488897353281
29380.829,0.15154955902283115
29380.83,0.15155023832238795
29380.831,0.15155092782450375
29380.832,0.15155162685930149
29380.833,0.15155233521655054
29380.834,0.15155305268593702
29380.835,0.15155377943426326
29380.836,0.15155451506917825
29380.837,0.15155525927615057
29380.838,0.1515560122283238
29380.839,0.1515567730239562
29380.84,0.15155754166494934
29380.841,0.15155831797826774
29380.842,0.1515591014806192
29380.843,0.15155989213665932
29380.844,0.15156069005487655
29380.845,0.15156149465220126
29380.846,0.15156230610464433
29380.847,0.15156312441071937
29380.848,0.15156394894996789
29380.849,0.15156477946780397
29380.85,0.15156561586953726
29380.851,0.15156645782365488
29380.852,0.15156730535881519
29380.853,0.1515681577859956
29380.854,0.1515690151332456
29380.855,0.15156987699622282
29380.856,0.1515707435129805
29380.857,0.15157161413805822
29380.858,0.15157248881898014
29380.859,0.1515733674126274
29380.86,0.15157424971903274
29380.861,0.15157513546565396
29380.862,0.15157602447535257
29380.863,0.15157691621446281
29380.864,0.15157781072339996
29380.865,0.1515787075373699
29380.866,0.15157960658687383
29380.867,0.151580507575739
29380.868,0.15158141055564742
29380.869,0.15158231534612848
29380.87,0.15158322165284488
29380.871,0.15158412906018812
29380.872,0.15158503715298685
29380.873,0.15158594557103672
29380.874,0.1515868540810243
29380.875,0.15158776263687737
29380.876,0.15158867106831678
29380.877,0.15158957938736495
29380.878,0.15159048695237665
29380.879,0.1515913938252536
29380.88,0.15159229919885928
29380.881,0.15159320306756172
29380.882,0.15159410499928438
29380.883,0.15159500499160147
29380.884,0.15159590257790795
29380.885,0.15159679790399944
29380.886,0.1515976906738277
29380.887,0.1515985805319557
29380.888,0.15159946739797173
29380.889,0.15160035064188612
29380.89,0.1516012304376998
29380.891,0.1516021068085915
29380.892,0.15160297948944057
29380.893,0.1516038486071933
29380.894,0.15160471396332426
29380.895,0.15160557503692262
29380.896,0.15160643197928347
29380.897,0.15160728416125094
29380.898,0.15160813164620282
29380.899,0.15160897471796883
29380.9,0.1516098130916161
29380.901,0.1516106467796491
29380.902,0.15161147547179823
29380.903,0.15161229978649024
29380.904,0.15161311937772262
29380.905,0.1516139338235443
29380.906,0.15161474401932606
29380.907,0.15161554986417713
29380.908,0.15161635137402837
29380.909,0.15161714855595274
29380.91,0.15161794137027532
29380.911,0.15161873018478111
29380.912,0.15161951507002996
29380.913,0.15162029623062062
29380.914,0.1516210740191996
29380.915,0.15162184850555913
29380.916,0.15162261950739042
29380.917,0.15162338762918687
29380.918,0.15162415332209947
29380.919,0.15162491624755606
29380.92,0.1516256767521071
29380.921,0.15162643497966005
29380.922,0.1516271917823515
29380.923,0.15162794714308162
29380.924,0.15162870182919158
29380.925,0.1516294558834939
29380.926,0.15163020943537966
29380.927,0.15163096311521015
29380.928,0.15163171714856524
29380.929,0.15163247146303122
29380.93,0.15163322684022815
29380.931,0.15163398331707742
29380.932,0.15163474098336024
29380.933,0.15163550056513686
29380.934,0.15163626227722568
29380.935,0.15163702658541608
29380.936,0.1516377933390943
29380.937,0.15163856289081198
29380.938,0.1516393357805461
29380.939,0.1516401118342527
29380.94,0.15164089191860872
29380.941,0.15164167650315388
29380.942,0.15164246581358623
29380.943,0.15164326026718317
29380.944,0.15164406022181548
29380.945,0.1516448653734788
29380.946,0.15164567630869463
29380.947,0.15164649271867975
29380.948,0.15164731473058665
29380.949,0.1516481427720039
29380.95,0.15164897703367958
29380.951,0.1516498176714758
29380.952,0.1516506646251363
29380.953,0.15165151805218965
29380.954,0.15165237867058065
29380.955,0.151653245373317
29380.956,0.1516541192477573
29380.957,0.15165500021267236
29380.958,0.1516558884030048
29380.959,0.15165678393686682
29380.96,0.1516576866017875
29380.961,0.15165859674275026
29380.962,0.1516595141892567
29380.963,0.15166043830544326
29380.964,0.15166136962833102
29380.965,0.15166230817499543
29380.966,0.15166325382082704
29380.967,0.15166420657465188
29380.968,0.15166516597711324
29380.969,0.15166613184545968
29380.97,0.15166710417868906
29380.971,0.1516680828449069
29380.972,0.15166906749258455
29380.973,0.1516700579399254
29380.974,0.15167105426397762
29380.975,0.15167205651995358
29380.976,0.15167306467102248
29380.977,0.1516740783869694
29380.978,0.15167509748476066
29380.979,0.15167612188353546
29380.98,0.1516771511438792
29380.981,0.15167818481211603
29380.982,0.15167922269866518
29380.983,0.15168026455643083
29380.984,0.15168131021525388
29380.985,0.15168235972489288
29380.986,0.15168341257249512
29380.987,0.1516844689109147
29380.988,0.15168552883521702
29380.989,0.15168659153760003
29380.99,0.15168765755188654
29380.991,0.15168872648045043
29380.992,0.1516897982381018
29380.993,0.1516908729332669
29380.994,0.1516919502751256
29380.995,0.1516930298773001
29380.996,0.15169411162960567
29380.997,0.15169519536032225
29380.998,0.15169628125124077
29380.999,0.15169736894208952
29381.0,0.15169845836611426
29381.001,0.151699549555605
29381.002,0.1517006424318449
29381.003,0.15170173705329743
29381.004,0.1517028331959415
29381.005,0.1517039304197151
29381.006,0.15170502969484978
29381.007,0.15170613075420167
29381.008,0.151707233735992
29381.009,0.15170833850541018
29381.01,0.1517094447385595
29381.011,0.15171055303097614
29381.012,0.15171166312920337
29381.013,0.15171277457302407
29381.014,0.1517138878817969
29381.015,0.15171500251722667
29381.016,0.15171611879749672
29381.017,0.15171723710502763
29381.018,0.15171835696274602
29381.019,0.1517194778079478
29381.02,0.15172060043659832
29381.021,0.1517217247320231
29381.022,0.15172285088054654
29381.023,0.15172397848637678
29381.024,0.15172510786305382
29381.025,0.15172623888194803
29381.026,0.15172737129014482
29381.027,0.15172850537906513
29381.028,0.151729640784508
29381.029,0.1517307773758157
29381.03,0.15173191536282177
29381.031,0.15173305418619804
29381.032,0.15173419400825644
29381.033,0.15173533468150194
29381.034,0.15173647638688076
29381.035,0.15173761874277156
29381.036,0.1517387614439884
29381.037,0.1517399047548581
29381.038,0.15174104872518407
29381.039,0.15174219262208563
29381.04,0.15174333666872736
29381.041,0.1517444807679476
29381.042,0.1517456246087732
29381.043,0.15174676804884116
29381.044,0.1517479111502339
29381.045,0.15174905348626452
29381.046,0.15175019487041733
29381.047,0.15175133495812254
29381.048,0.15175247361808125
29381.049,0.15175361085637698
29381.05,0.15175474662788663
29381.051,0.1517558808060869
29381.052,0.15175701300896402
29381.053,0.15175814321968548
29381.054,0.1517592713173127
29381.055,0.15176039668674898
29381.056,0.15176152012040678
29381.057,0.15176264091292607
29381.058,0.15176375906898873
29381.059,0.15176487454638632
29381.06,0.15176598718423465
29381.061,0.15176709714149741
29381.062,0.15176820389101184
29381.063,0.15176930757458265
29381.064,0.15177040852759746
29381.065,0.1517715062678608
29381.066,0.15177260068389703
29381.067,0.15177369140667846
29381.068,0.15177477877684695
29381.069,0.1517758628893359
29381.07,0.15177694353744103
29381.071,0.1517780208430948
29381.072,0.1517790950994466
29381.073,0.15178016608465045
29381.074,0.151781234025073
29381.075,0.15178229917910252
29381.076,0.15178336147468116
29381.077,0.15178442074357398
29381.078,0.15178547719812
29381.079,0.1517865310150452
29381.08,0.15178758204348688
29381.081,0.15178863060996067
29381.082,0.1517896769538409
29381.083,0.15179072135070534
29381.084,0.15179176409033357
29381.085,0.15179280511877402
29381.086,0.15179384434732146
29381.087,0.15179488244665937
29381.088,0.15179591935459125
29381.089,0.15179695456338493
29381.09,0.15179798965328517
29381.091,0.151799024347374
29381.092,0.15180005893774232
29381.093,0.15180109337028347
29381.094,0.15180212819295053
29381.095,0.15180316358748727
29381.096,0.1518041996303204
29381.097,0.15180523674445726
29381.098,0.1518062746965545
29381.099,0.15180731418992924
29381.1,0.1518083552926799
29381.101,0.15180939838670998
29381.102,0.15181044366652266
29381.103,0.1518114913771656
29381.104,0.15181254222645782
29381.105,0.15181359567420188
29381.106,0.1518146525542736
29381.107,0.15181571323749832
29381.108,0.15181677788474005
29381.109,0.1518178467689345
29381.11,0.15181892016341905
29381.111,0.15181999833391743
29381.112,0.15182108143501827
29381.113,0.15182216956245528
29381.114,0.15182326335159294
29381.115,0.1518243627793936
29381.116,0.15182546833655308
29381.117,0.1518265798316021
29381.118,0.15182769745394306
29381.119,0.15182882148667157
29381.12,0.1518299523956176
29381.121,0.1518310902114924
29381.122,0.15183223500679024
29381.123,0.15183338657541698
29381.124,0.15183454539236807
29381.125,0.15183571162451892
29381.126,0.15183688560114159
29381.127,0.15183806765269134
29381.128,0.15183925741153906
29381.129,0.1518404550489611
29381.13,0.1518416608078962
29381.131,0.1518428743725828
29381.132,0.1518440958163082
29381.133,0.15184532513179105
29381.134,0.15184656234681304
29381.135,0.15184780755577798
29381.136,0.15184906062014636
29381.137,0.15185032171589694
29381.138,0.1518515909305254
29381.139,0.15185286774680107
29381.14,0.15185415250348128
29381.141,0.15185544507083354
29381.142,0.15185674543833927
29381.143,0.15185805374673716
29381.144,0.151859369509889
29381.145,0.15186069246220432
29381.146,0.15186202230043794
29381.147,0.1518633591699069
29381.148,0.1518647027003189
29381.149,0.15186605295963063
29381.15,0.15186740949060637
29381.151,0.15186877193085316
29381.152,0.15187014021811246
29381.153,0.15187151424196313
29381.154,0.15187289386690866
29381.155,0.1518742783291428
29381.156,0.15187566755433032
29381.157,0.15187706162617653
29381.158,0.1518784602277958
29381.159,0.15187986286521016
29381.16,0.15188126957034476
29381.161,0.15188267962877372
29381.162,0.15188409291903762
29381.163,0.1518855090424133
29381.164,0.15188692733086506
29381.165,0.15188834777020277
29381.166,0.15188976995450015
29381.167,0.15189119314065896
29381.168,0.15189261747608515
29381.169,0.15189404211715898
29381.17,0.15189546719953576
29381.171,0.15189689260641637
29381.172,0.15189831770821197
29381.173,0.15189974168122897
29381.174,0.15190116513694696
29381.175,0.15190258753043273
29381.176,0.15190400882962032
29381.177,0.1519054286257307
29381.178,0.1519068464266897
29381.179,0.1519082620946179
29381.18,0.15190967505711278
29381.181,0.1519110852244731
29381.182,0.15191249218898062
29381.183,0.15191389592069512
29381.184,0.15191529605736695
29381.185,0.15191669290871607
29381.186,0.1519180860555652
29381.187,0.15191947571622996
29381.188,0.15192086132504826
29381.189,0.15192224248292746
29381.19,0.1519236197790256
29381.191,0.1519249924337053
29381.192,0.15192636076076696
29381.193,0.15192772463372914
29381.194,0.15192908413112324
29381.195,0.15193043899228068
29381.196,0.15193178883220287
29381.197,0.15193313399681505
29381.198,0.15193447453390352
29381.199,0.1519358107082498
29381.2,0.15193714210246995
29381.201,0.15193846904503144
29381.202,0.15193979157514198
29381.203,0.15194110949515596
29381.204,0.15194242314704087
29381.205,0.1519437321661246
29381.206,0.15194503700243114
29381.207,0.15194633818723174
29381.208,0.15194763505911166
29381.209,0.15194892779148517
29381.21,0.1519502169195731
29381.211,0.15195150220988504
29381.212,0.15195278392174966
29381.213,0.1519540617718911
29381.214,0.1519553359031509
29381.215,0.15195660632003352
29381.216,0.15195787311085995
29381.217,0.15195913606221167
29381.218,0.1519603954124115
29381.219,0.15196165096779987
29381.22,0.15196290298524703
29381.221,0.15196415151544376
29381.222,0.1519653966517962
29381.223,0.15196663820914114
29381.224,0.15196787662202002
29381.225,0.1519691118521578
29381.226,0.15197034406249957
29381.227,0.15197157292877456
29381.228,0.15197279826997237
29381.229,0.15197402016432202
29381.23,0.1519752383835345
29381.231,0.15197645293855316
29381.232,0.151977663595532
29381.233,0.15197887067321825
29381.234,0.15198007428702837
29381.235,0.15198127390699717
29381.236,0.15198246940088508
29381.237,0.15198366075518926
29381.238,0.15198484815765007
29381.239,0.15198603123257864
29381.24,0.1519872099925163
29381.241,0.1519883844524834
29381.242,0.15198955461612337
29381.243,0.15199072063672145
29381.244,0.15199188232680538
29381.245,0.15199304015239598
29381.246,0.15199419366501873
29381.247,0.1519953429927006
29381.248,0.15199648784078648
29381.249,0.15199762822927654
29381.25,0.15199876432827014
29381.251,0.15199989616375625
29381.252,0.15200102361774065
29381.253,0.15200214661597647
29381.254,0.15200326509762924
29381.255,0.15200437886618695
29381.256,0.15200548850593149
29381.257,0.15200659419738277
29381.258,0.15200769593031013
29381.259,0.15200879374150802
29381.26,0.1520098879835242
29381.261,0.15201097823991305
29381.262,0.15201206498817277
29381.263,0.15201314812214825
29381.264,0.15201422774322745
29381.265,0.15201530437909289
29381.266,0.152016377812367
29381.267,0.15201744832423053
29381.268,0.15201851631932634
29381.269,0.15201958164435256
29381.27,0.15202064478468783
29381.271,0.15202170583624386
29381.272,0.15202276481573404
29381.273,0.15202382212799267
29381.274,0.15202487832718975
29381.275,0.1520259334021514
29381.276,0.15202698788213473
29381.277,0.15202804144151355
29381.278,0.15202909494328015
29381.279,0.15203014863523218
29381.28,0.1520312027794825
29381.281,0.15203225721709981
29381.282,0.152033312212814
29381.283,0.15203436816278645
29381.284,0.15203542508061624
29381.285,0.1520364836352002
29381.286,0.152037543494639
29381.287,0.15203860518572665
29381.288,0.15203966928674975
29381.289,0.15204073546059715
29381.29,0.15204180449662666
29381.291,0.1520428763938097
29381.292,0.1520439516111317
29381.293,0.1520450302622734
29381.294,0.15204611248327943
29381.295,0.15204719863548924
29381.296,0.1520482887158759
29381.297,0.1520493831252833
29381.298,0.15205048213183456
29381.299,0.15205158558407117
29381.3,0.1520526938655085
29381.301,0.15205380707481106
29381.302,0.1520549253061162
29381.303,0.15205604850048254
29381.304,0.15205717748814856
29381.305,0.15205831160483052
29381.306,0.15205945145936783
29381.307,0.15206059713143188
29381.308,0.15206174829234997
29381.309,0.15206290562249514
29381.31,0.1520640688196863
29381.311,0.1520652376827363
29381.312,0.15206641276705007
29381.313,0.1520675936653505
29381.314,0.1520687806853872
29381.315,0.15206997381394544
29381.316,0.15207117310600135
29381.317,0.1520723785092834
29381.318,0.1520735898964991
29381.319,0.15207480723722264
29381.32,0.15207603031575032
29381.321,0.15207725937639438
29381.322,0.15207849388396102
29381.323,0.15207973356876056
29381.324,0.15208097882834737
29381.325,0.1520822289679982
29381.326,0.1520834842220461
29381.327,0.15208474444050707
29381.328,0.1520860095456198
29381.329,0.1520872792207372
29381.33,0.1520885534617506
29381.331,0.15208983209761004
29381.332,0.15209111469382022
29381.333,0.15209240145281783
29381.334,0.15209369157994376
29381.335,0.152094984904549
29381.336,0.15209628176573425
29381.337,0.15209758158004635
29381.338,0.15209888464627236
29381.339,0.15210018997219502
29381.34,0.15210149736219283
29381.341,0.15210280706594614
29381.342,0.15210411886087397
29381.343,0.15210543232383664
29381.344,0.15210674704875307
29381.345,0.15210806325677717
29381.346,0.15210938013865125
29381.347,0.15211069733842222
29381.348,0.15211201479002745
29381.349,0.1521133322192705
29381.35,0.15211464935239072
29381.351,0.15211596606941039
29381.352,0.15211728231784521
29381.353,0.15211859771715971
29381.354,0.15211991208438846
29381.355,0.15212122523559568
29381.356,0.15212253708815518
29381.357,0.15212384773632912
29381.358,0.15212515686182285
29381.359,0.15212646407236138
29381.36,0.15212776931833166
29381.361,0.1521290726732899
29381.362,0.15213037419653055
29381.363,0.1521316736818266
29381.364,0.15213297094938308
29381.365,0.15213426604905503
29381.366,0.1521355586769354
29381.367,0.15213684887627113
29381.368,0.15213813670534215
29381.369,0.1521394221392869
29381.37,0.1521407056453734
29381.371,0.15214198711862442
29381.372,0.15214326654787236
29381.373,0.15214454391981258
29381.374,0.15214581940951796
29381.375,0.1521470930756487
29381.376,0.15214836521083908
29381.377,0.1521496359843836
29381.378,0.15215090545127954
29381.379,0.1521521732494189
29381.38,0.1521534397534699
29381.381,0.15215470493099353
29381.382,0.1521559693433575
29381.383,0.15215723322815128
29381.384,0.15215849655531932
29381.385,0.1521597598974669
29381.386,0.15216102312420915
29381.387,0.1521622868983018
29381.388,0.1521635511095552
29381.389,0.15216481528564998
29381.39,0.152166080930927
29381.391,0.1521673476173784
29381.392,0.15216861583271604
29381.393,0.1521698856241298
29381.394,0.152171157558889
29381.395,0.1521724319098173
29381.396,0.15217370836241292
29381.397,0.15217498724911996
29381.398,0.15217626882686838
29381.399,0.1521775529728014
29381.4,0.15217884005953625
29381.401,0.15218012972756154
29381.402,0.15218142237059368
29381.403,0.1521827181523018
29381.404,0.15218401750248273
29381.405,0.1521853200320199
29381.406,0.15218662628081062
29381.407,0.15218793619127402
29381.408,0.15218924951664373
29381.409,0.1521905664241417
29381.41,0.1521918870832584
29381.411,0.1521932115899595
29381.412,0.15219453990391774
29381.413,0.15219587168017956
29381.414,0.15219720674285714
29381.415,0.152198545100628
29381.416,0.15219988642858964
29381.417,0.15220123050026788
29381.418,0.15220257729761427
29381.419,0.15220392668411434
29381.42,0.15220527842532108
29381.421,0.1522066323578934
29381.422,0.15220798803105876
29381.423,0.15220934572782613
29381.424,0.15221070513443918
29381.425,0.15221206582140606
29381.426,0.1522134281726674
29381.427,0.15221479170905847
29381.428,0.152216156421219
29381.429,0.15221752161171603
29381.43,0.1522188875760318
29381.431,0.15222025346360493
29381.432,0.1522216189061615
29381.433,0.1522229838215697
29381.434,0.15222434772757124
29381.435,0.15222571067332835
29381.436,0.1522270722804475
29381.437,0.15222843249389173
29381.438,0.15222979152384536
29381.439,0.15223114831418733
29381.44,0.15223250341777098
29381.441,0.15223385648924542
29381.442,0.1522352075794756
29381.443,0.15223655617129483
29381.444,0.1522379028401222
29381.445,0.1522392472343694
29381.446,0.1522405889117885
29381.447,0.15224192808981554
29381.448,0.15224326456680157
29381.449,0.15224459872836704
29381.45,0.15224593046816454
29381.451,0.15224725988370308
29381.452,0.15224858689693643
29381.453,0.152249911346851
29381.454,0.15225123365335586
29381.455,0.15225255360388937
29381.456,0.1522538715936344
29381.457,0.15225518798059223
29381.458,0.15225650277880326
29381.459,0.15225781626903162
29381.46,0.15225912850928058
29381.461,0.15226043974842438
29381.462,0.15226175031118244
29381.463,0.1522630599976453
29381.464,0.15226436914388897
29381.465,0.15226567865572518
29381.466,0.15226698810529216
29381.467,0.15226829766274166
29381.468,0.1522696077080168
29381.469,0.1522709185976284
29381.47,0.1522722305919863
29381.471,0.15227354390135614
29381.472,0.15227485888996073
29381.473,0.15227617555828243
29381.474,0.1522774946558706
29381.475,0.15227881660533293
29381.476,0.1522801415030345
29381.477,0.15228146952814148
29381.478,0.15228280063633304
29381.479,0.1522841353304197
29381.48,0.15228547429578113
29381.481,0.15228681711828096
29381.482,0.15228816433682665
29381.483,0.15228951611973382
29381.484,0.15229087260862204
29381.485,0.15229223397056557
29381.486,0.15229360042190548
29381.487,0.15229497226068153
29381.488,0.15229634931025351
29381.489,0.15229773188547704
29381.49,0.15229912044397131
29381.491,0.15230051458580451
29381.492,0.1523019149141858
29381.493,0.1523033215422934
29381.494,0.1523047347879618
29381.495,0.15230615456089036
29381.496,0.15230758073357567
29381.497,0.15230901359211532
29381.498,0.15231045326792167
29381.499,0.152311899412553
29381.5,0.15231335232391718
29381.501,0.15231481184980827
29381.502,0.1523162782270534
29381.503,0.1523177515988022
29381.504,0.15231923214857307
29381.505,0.15232071900182828
29381.506,0.1523222127915115
29381.507,0.1523237134009992
29381.508,0.15232522088758757
29381.509,0.152326735536615
29381.51,0.15232825727509836
29381.511,0.1523297861119894
29381.512,0.15233132199909188
29381.513,0.15233286432738408
29381.514,0.15233441348117613
29381.515,0.1523359696157021
29381.516,0.15233753209027193
29381.517,0.15233910110378757
29381.518,0.15234067638396306
29381.519,0.15234225770004084
29381.52,0.1523438454051263
29381.521,0.1523454392198784
29381.522,0.1523470395654663
29381.523,0.15234864590063915
29381.524,0.1523502580198775
29381.525,0.15235187623874594
29381.526,0.15235350057053879
29381.527,0.15235513087561448
29381.528,0.15235676691592775
29381.529,0.1523584081476771
29381.53,0.15236005476377829
29381.531,0.1523617060977561
29381.532,0.15236336227549946
29381.533,0.15236502339857563
29381.534,0.1523666888187626
29381.535,0.1523683589098593
29381.536,0.15237003353543851
29381.537,0.15237171261759544
29381.538,0.15237339565507133
29381.539,0.15237508220995147
29381.54,0.1523767730564552
29381.541,0.15237846755217596
29381.542,0.15238016575062324
29381.543,0.15238186713503746
29381.544,0.1523835722724292
29381.545,0.15238528050297384
29381.546,0.15238699140384496
29381.547,0.15238870481256217
29381.548,0.15239042040496428
29381.549,0.1523921384472623
29381.55,0.15239385823495544
29381.551,0.1523955796109118
29381.552,0.1523973024404566
29381.553,0.15239902667022567
29381.554,0.15240075217235774
29381.555,0.15240247826831008
29381.556,0.1524042051735453
29381.557,0.15240593272501948
29381.558,0.1524076608098273
29381.559,0.152409389189631
29381.56,0.15241111755049327
29381.561,0.1524128459477778
29381.562,0.15241457449363405
29381.563,0.15241630220363897
29381.564,0.15241802965400725
29381.565,0.15241975624883786
29381.566,0.15242148127079716
29381.567,0.15242320514910074
29381.568,0.15242492802803884
29381.569,0.15242664935070893
29381.57,0.15242836882077568
29381.571,0.15243008675648942
29381.572,0.1524318025069421
29381.573,0.15243351550698112
29381.574,0.1524352262458805
29381.575,0.15243693444227552
29381.576,0.1524386401004876
29381.577,0.1524403432084501
29381.578,0.15244204387258153
29381.579,0.15244374212433875
29381.58,0.1524454378044308
29381.581,0.15244713018692185
29381.582,0.15244881953747635
29381.583,0.15245050558114304
29381.584,0.15245218845853642
29381.585,0.15245386815826795
29381.586,0.15245554475700573
29381.587,0.15245721792613692
29381.588,0.15245888770263213
29381.589,0.152460554211694
29381.59,0.15246221762542397
29381.591,0.1524638781357904
29381.592,0.15246553586114656
29381.593,0.1524671911649859
29381.594,0.15246884398847724
29381.595,0.15247049427779882
29381.596,0.15247214174600165
29381.597,0.152473786338528
29381.598,0.15247542839494918
29381.599,0.1524770675285762
29381.6,0.15247870443132022
29381.601,0.15248033897896818
29381.602,0.15248197161912894
29381.603,0.15248360214647183
29381.604,0.1524852309206369
29381.605,0.15248685762792993
29381.606,0.1524884826593974
29381.607,0.15249010616879258
29381.608,0.15249172868880737
29381.609,0.15249335021842894
29381.61,0.15249497114166619
29381.611,0.15249659172879082
29381.612,0.1524982119373591
29381.613,0.1524998314995638
29381.614,0.15250145144949415
29381.615,0.15250307151062453
29381.616,0.15250469165458708
29381.617,0.15250631228135728
29381.618,0.15250793354176548
29381.619,0.15250955575607594
29381.62,0.15251117874139558
29381.621,0.15251280266444953
29381.622,0.1525144279157954
29381.623,0.1525160541941037
29381.624,0.1525176822091624
29381.625,0.15251931237245153
29381.626,0.15252094448380732
29381.627,0.15252257815927983
29381.628,0.1525242140497392
29381.629,0.1525258525907936
29381.63,0.15252749385929987
29381.631,0.15252913767308116
29381.632,0.15253078395822786
29381.633,0.15253243297380387
29381.634,0.15253408475312724
29381.635,0.15253573981194993
29381.636,0.15253739773426742
29381.637,0.15253905876269422
29381.638,0.15254072316779774
29381.639,0.15254239079235798
29381.64,0.15254406193411818
29381.641,0.15254573645635186
29381.642,0.1525474147757208
29381.643,0.15254909687427395
29381.644,0.1525507831979565
29381.645,0.1525524731704389
29381.646,0.15255416685976791
29381.647,0.15255586435856058
29381.648,0.15255756576383817
29381.649,0.152559271215108
29381.65,0.1525609804700927
29381.651,0.1525626934531606
29381.652,0.15256441046476193
29381.653,0.15256613154269266
29381.654,0.15256785654466118
29381.655,0.15256958515479205
29381.656,0.1525713180110061
29381.657,0.15257305522975811
29381.658,0.15257479681813296
29381.659,0.15257654276562646
29381.66,0.15257829275279988
29381.661,0.1525800475030069
29381.662,0.15258180696063262
29381.663,0.15258357081502014
29381.664,0.15258533928115808
29381.665,0.15258711212541387
29381.666,0.1525888891687832
29381.667,0.1525906706004331
29381.668,0.15259245666075225
29381.669,0.15259424717588072
29381.67,0.15259604230475887
29381.671,0.15259784253171862
29381.672,0.1525996471220778
29381.673,0.1526014563138688
29381.674,0.1526032707394024
29381.675,0.1526050905334619
29381.676,0.1526069154575191
29381.677,0.15260874556079831
29381.678,0.15261058103144914
29381.679,0.1526124215795783
29381.68,0.15261426727583405
29381.681,0.15261611783423443
29381.682,0.15261797328174082
29381.683,0.1526198338505655
29381.684,0.15262169997913388
29381.685,0.15262357155112086
29381.686,0.15262544839049164
29381.687,0.15262733048169436
29381.688,0.1526292185119057
29381.689,0.15263111206054975
29381.69,0.15263301129169146
29381.691,0.15263491663221126
29381.692,0.15263682787929078
29381.693,0.15263874488289816
29381.694,0.15264066760188053
29381.695,0.152642596164544
29381.696,0.15264453035234682
29381.697,0.15264647040638168
29381.698,0.15264841668563622
29381.699,0.15265036905220036
29381.7,0.15265232776548263
29381.701,0.1526542923758993
29381.702,0.1526562631796656
29381.703,0.15265823978266685
29381.704,0.15266022260817844
29381.705,0.15266221131592694
29381.706,0.15266420626570282
29381.707,0.15266620768890402
29381.708,0.15266821554706728
29381.709,0.152670229385574
29381.71,0.15267224988163144
29381.711,0.15267427677110498
29381.712,0.1526763102111936
29381.713,0.15267834964020685
29381.714,0.15268039521808757
29381.715,0.15268244677043802
29381.716,0.15268450388061444
29381.717,0.15268656681226733
29381.718,0.1526886356075203
29381.719,0.15269070992673006
29381.72,0.1526927900622549
29381.721,0.15269487590019454
29381.722,0.1526969673120424
29381.723,0.15269906418553936
29381.724,0.1527011666603428
29381.725,0.1527032744537321
29381.726,0.1527053876763487
29381.727,0.15270750631357502
29381.728,0.15270963108562277
29381.729,0.15271176097579506
29381.73,0.15271389560514972
29381.731,0.15271603472443693
29381.732,0.15271817862032533
29381.733,0.15272032717409723
29381.734,0.15272248030362265
29381.735,0.15272463773188671
29381.736,0.15272679910595857
29381.737,0.15272896431394323
29381.738,0.15273113362712018
29381.739,0.1527333061574078
29381.74,0.15273548221307032
29381.741,0.1527376613641736
29381.742,0.1527398434594706
29381.743,0.15274202866340825
29381.744,0.1527442171430052
29381.745,0.1527464083258603
29381.746,0.15274860254209055
29381.747,0.1527507990420147
29381.748,0.15275299776465384
29381.749,0.15275519846225863
29381.75,0.15275740050244782
29381.751,0.15275960429399707
29381.752,0.15276180981035437
29381.753,0.15276401647969062
29381.754,0.15276622414514462
29381.755,0.15276843216810107
29381.756,0.15277064092948947
29381.757,0.1527728503012125
29381.758,0.15277506012563077
29381.759,0.1527772700858832
29381.76,0.15277948038167458
29381.761,0.15278169103422373
29381.762,0.15278390154949725
29381.763,0.1527861112956621
29381.764,0.1527883204972877
29381.765,0.15279052885889596
29381.766,0.1527927357660916
29381.767,0.15279494188312995
29381.768,0.1527971465901598
29381.769,0.15279934948053983
29381.77,0.15280155070999232
29381.771,0.1528037499636869
29381.772,0.15280594674449094
29381.773,0.15280814152421227
29381.774,0.15281033447102738
29381.775,0.15281252535096151
29381.776,0.152814713933458
29381.777,0.152816900401092
29381.778,0.15281908460056073
29381.779,0.15282126637248794
29381.78,0.15282344550127375
29381.781,0.15282562165436603
29381.782,0.15282779501235053
29381.783,0.15282996578907634
29381.784,0.15283213379395047
29381.785,0.1528342989372919
29381.786,0.1528364605952693
29381.787,0.15283861895679407
29381.788,0.15284077435005428
29381.789,0.1528429261697602
29381.79,0.15284507494571406
29381.791,0.15284722077096494
29381.792,0.15284936329029322
29381.793,0.15285150277118317
29381.794,0.15285363977107788
29381.795,0.15285577432934955
29381.796,0.15285790639020158
29381.797,0.15286003573440218
29381.798,0.15286216255522062
29381.799,0.1528642867635284
29381.8,0.15286640830284606
29381.801,0.15286852712127683
29381.802,0.15287064354299504
29381.803,0.15287275752433446
29381.804,0.15287486938868944
29381.805,0.15287697880606946
29381.806,0.1528790864879972
29381.807,0.15288119239410808
29381.808,0.1528832969691071
29381.809,0.15288540040080673
29381.81,0.15288750263940723
29381.811,0.15288960369484086
29381.812,0.15289170393444393
29381.813,0.1528938027400404
29381.814,0.15289590102589506
29381.815,0.15289799848263344
29381.816,0.15290009505328386
29381.817,0.15290219141908407
29381.818,0.15290428758845867
29381.819,0.15290638404178095
29381.82,0.15290848099805937
29381.821,0.15291057841762076
29381.822,0.15291267635766656
29381.823,0.15291477472542514
29381.824,0.15291687397158538
29381.825,0.15291897429957607
29381.826,0.15292107627735074
29381.827,0.15292317978284728
29381.828,0.152925285306719
29381.829,0.15292739206924172
29381.83,0.15292950120692297
29381.831,0.15293161248143058
29381.832,0.1529337262734059
29381.833,0.15293584214927772
29381.834,0.15293796058139367
29381.835,0.15294008176722468
29381.836,0.1529422056489962
29381.837,0.15294433251886133
29381.838,0.15294646306961748
29381.839,0.15294859625467466
29381.84,0.15295073284141913
29381.841,0.15295287294683968
29381.842,0.15295501716065285
29381.843,0.15295716584678198
29381.844,0.1529593188693188
29381.845,0.152961476308917
29381.846,0.1529636383373142
29381.847,0.15296580423308992
29381.848,0.15296797479377014
29381.849,0.1529701499594382
29381.85,0.15297232971247093
29381.851,0.15297451427094128
29381.852,0.15297670348136128
29381.853,0.1529788971874722
29381.854,0.1529810958190661
29381.855,0.15298329901111668
29381.856,0.15298550730627358
29381.857,0.15298772055643067
29381.858,0.15298993881288356
29381.859,0.15299216218611558
29381.86,0.15299439092113182
29381.861,0.15299662480217827
29381.862,0.1529988638503073
29381.863,0.15300110753503837
29381.864,0.15300335616861097
29381.865,0.15300560926001291
29381.866,0.1530078669495513
29381.867,0.15301012908164208
29381.868,0.15301239525820642
29381.869,0.15301466530383484
29381.87,0.15301693938109315
29381.871,0.15301921687573805
29381.872,0.15302149815181137
29381.873,0.1530237826855281
29381.874,0.15302607005254681
29381.875,0.15302836037606446
29381.876,0.1530306535149516
29381.877,0.1530329490772641
29381.878,0.15303524698183923
29381.879,0.15303754648348844
29381.88,0.15303984771810936
29381.881,0.15304215020642709
29381.882,0.15304445383791057
29381.883,0.15304675806470666
29381.884,0.15304906260375398
29381.885,0.15305136698552196
29381.886,0.15305367043026008
29381.887,0.15305597345977115
29381.888,0.15305827543065423
29381.889,0.15306057574231596
29381.89,0.15306287442259608
29381.891,0.1530651710242527
29381.892,0.1530674652902005
29381.893,0.1530697573712976
29381.894,0.1530720468558727
29381.895,0.1530743331353947
29381.896,0.15307661603795605
29381.897,0.15307889480332906
29381.898,0.15308116978423936
29381.899,0.15308343995728377
29381.9,0.15308570515765726
29381.901,0.15308796505486802
29381.902,0.15309021959523275
29381.903,0.15309246851368102
29381.904,0.15309471140243072
29381.905,0.15309694815075403
29381.906,0.15309917909522588
29381.907,0.1531014034360954
29381.908,0.15310362135153635
29381.909,0.15310583254534135
29381.91,0.15310803650056423
29381.911,0.15311023382149638
29381.912,0.1531124239777548
29381.913,0.1531146067715441
29381.914,0.1531167823464567
29381.915,0.15311895013251164
29381.916,0.15312111070714468
29381.917,0.1531232639051748
29381.918,0.1531254097892363
29381.919,0.15312754802465856
29381.92,0.15312967780084205
29381.921,0.15313179962579748
29381.922,0.15313391342512955
29381.923,0.15313601946115032
29381.924,0.15313811821210543
29381.925,0.1531402093408804
29381.926,0.15314229311244937
29381.927,0.15314436938786086
29381.928,0.1531464383500953
29381.929,0.15314849973259193
29381.93,0.15315055457197885
29381.931,0.1531526017619681
29381.932,0.15315464139842672
29381.933,0.15315667348703604
29381.934,0.15315869845251612
29381.935,0.15316071628875058
29381.936,0.1531627270775904
29381.937,0.15316473096089966
29381.938,0.1531667280301794
29381.939,0.1531687178220851
29381.94,0.1531707012408917
29381.941,0.15317267859078468
29381.942,0.15317464976550485
29381.943,0.15317661477667993
29381.944,0.15317857372496646
29381.945,0.1531805268656432
29381.946,0.15318247373257882
29381.947,0.15318441431620278
29381.948,0.1531863494072161
29381.949,0.15318827855186354
29381.95,0.15319020158622662
29381.951,0.1531921189003103
29381.952,0.1531940303415056
29381.953,0.15319593601683854
29381.954,0.153197836124109
29381.955,0.1531997300916636
29381.956,0.15320161854257486
29381.957,0.15320350132932084
29381.958,0.15320537904999823
29381.959,0.15320725134869875
29381.96,0.15320911830267478
29381.961,0.15321097982211995
29381.962,0.15321283591106175
29381.963,0.15321468632595792
29381.964,0.15321653115045414
29381.965,0.15321837027704432
29381.966,0.1532202038802886
29381.967,0.1532220316873756
29381.968,0.15322385400585053
29381.969,0.1532256706050555
29381.97,0.15322748171794082
29381.971,0.1532292872179203
29381.972,0.15323108703855348
29381.973,0.15323288066171561
29381.974,0.15323466850074577
29381.975,0.15323645079482404
29381.976,0.153238227439752
29381.977,0.15323999838959868
29381.978,0.15324176379330406
29381.979,0.15324352347839698
29381.98,0.15324527777575478
29381.981,0.1532470260381937
29381.982,0.15324876838653687
29381.983,0.1532505045128187
29381.984,0.15325223456044104
29381.985,0.15325395844725018
29381.986,0.1532556763017388
29381.987,0.1532573883868451
29381.988,0.15325909454402628
29381.989,0.15326079442311785
29381.99,0.153262488526829
29381.991,0.1532641766018642
29381.992,0.1532658587701152
29381.993,0.15326753455299652
29381.994,0.1532692043026582
29381.995,0.15327086809218837
29381.996,0.15327252583124476
29381.997,0.15327417673564112
29381.998,0.15327582109974186
29381.999,0.15327745844423601
29382.0,0.15327908935066875
29382.001,0.1532807137867775
29382.002,0.15328233149364623
29382.003,0.15328394257191844
29382.004,0.1532855469530896
29382.005,0.15328714445502986
29382.006,0.15328873495498507
29382.007,0.15329031820509834
29382.008,0.15329189433853074
29382.009,0.15329346364077237
29382.01,0.15329502594377792
29382.011,0.15329658149794512
29382.012,0.15329812979293492
29382.013,0.1532996708006611
29382.014,0.15330120431369618
29382.015,0.15330273035997577
29382.016,0.15330424882201135
29382.017,0.15330575930148183
29382.018,0.15330726131926015
29382.019,0.15330875486912904
29382.02,0.15331024018675588
29382.021,0.15331171760385687
29382.022,0.15331318655329795
29382.023,0.15331464659306585
29382.024,0.1533160978220524
29382.025,0.15331754028685388
29382.026,0.15331897423739985
29382.027,0.15332039987925447
29382.028,0.153321817160396
29382.029,0.15332322546260763
29382.03,0.1533246250931194
29382.031,0.15332601512902055
29382.032,0.1533273960964889
29382.033,0.15332876766624856
29382.034,0.1533301299580321
29382.035,0.1533314830042302
29382.036,0.1533328268221696
29382.037,0.1533341609320515
29382.038,0.1533354860444866
29382.039,0.15333680170204644
29382.04,0.15333810811652845
29382.041,0.15333940547400135
29382.042,0.1533406933052463
29382.043,0.15334197218290824
29382.044,0.1533432419797031
29382.045,0.1533445028950555
29382.046,0.15334575457827654
29382.047,0.15334699738110635
29382.048,0.1533482314901504
29382.049,0.15334945664007557
29382.05,0.15335067299052968
29382.051,0.15335188114509285
29382.052,0.1533530806048123
29382.053,0.15335427158245726
29382.054,0.153355454206523
29382.055,0.15335662862860377
29382.056,0.15335779539008512
29382.057,0.15335895441529687
29382.058,0.15336010624455482
29382.059,0.1533612503217443
29382.06,0.15336238707979818
29382.061,0.15336351682611077
29382.062,0.1533646396584841
29382.063,0.15336575555068818
29382.064,0.15336686483673537
29382.065,0.1533679676630362
29382.066,0.15336906426453367
29382.067,0.15337015479352642
29382.068,0.15337123929743518
29382.069,0.15337231797321965
29382.07,0.15337339097597932
29382.071,0.15337445847480083
29382.072,0.1533755207591444
29382.073,0.15337657812945452
29382.074,0.15337763112423788
29382.075,0.15337868014177233
29382.076,0.1533797254080396
29382.077,0.15338076675671558
29382.078,0.153381804540525
29382.079,0.1533828386359077
29382.08,0.15338386949215602
29382.081,0.15338489700018995
29382.082,0.15338592122819447
29382.083,0.15338694268408273
29382.084,0.1533879617434504
29382.085,0.15338897885627734
29382.086,0.15338999385067303
29382.087,0.15339100725546398
29382.088,0.15339201899658156
29382.089,0.1533930292694325
29382.09,0.1533940387098067
29382.091,0.1533950475800769
29382.092,0.15339605615235188
29382.093,0.15339706452937893
29382.094,0.15339807348995305
29382.095,0.15339908286455395
29382.096,0.15340009268834343
29382.097,0.1534011030679331
29382.098,0.15340211468739923
29382.099,0.15340312780993245
29382.1,0.15340414259701468
29382.101,0.15340515919376502
29382.102,0.1534061776430335
29382.103,0.15340719859770469
29382.104,0.15340822234149712
29382.105,0.15340924866343103
29382.106,0.15341027823852915
29382.107,0.1534113111482037
29382.108,0.15341234806751897
29382.109,0.15341338912402924
29382.11,0.15341443422899417
29382.111,0.15341548353888484
29382.112,0.1534165374962807
29382.113,0.15341759621583143
29382.114,0.15341865954283918
29382.115,0.15341972775630341
29382.116,0.15342080107180553
29382.117,0.15342187951340622
29382.118,0.15342296323293259
29382.119,0.1534240526034751
29382.12,0.15342514777169097
29382.121,0.1534262487744472
29382.122,0.15342735530639773
29382.123,0.15342846758166206
29382.124,0.1534295860202947
29382.125,0.15343071080244167
29382.126,0.15343184192817758
29382.127,0.15343297919417442
29382.128,0.15343412224188885
29382.129,0.15343527128404744
29382.13,0.15343642639767693
29382.131,0.15343758747266792
29382.132,0.15343875463410092
29382.133,0.15343992761511346
29382.134,0.15344110652429588
29382.135,0.15344229136908355
29382.136,0.15344348194555335
29382.137,0.15344467803100575
29382.138,0.1534458799669827
29382.139,0.15344708676138735
29382.14,0.1534482986893397
29382.141,0.15344951572908497
29382.142,0.15345073772310394
29382.143,0.15345196481236184
29382.144,0.15345319661067502
29382.145,0.153454433156855
29382.146,0.1534556738977705
29382.147,0.15345691865929506
29382.148,0.15345816744208357
29382.149,0.15345941976141741
29382.15,0.15346067547483067
29382.151,0.15346193467428487
29382.152,0.15346319697695843
29382.153,0.15346446240300124
29382.154,0.1534657310591692
29382.155,0.15346700236239877
29382.156,0.15346827627994555
29382.157,0.15346955266043832
29382.158,0.15347083166833186
29382.159,0.15347211313255243
29382.16,0.15347339685341357
29382.161,0.1534746830735756
29382.162,0.15347597122243706
29382.163,0.15347726098660885
29382.164,0.15347855277848502
29382.165,0.15347984623238195
29382.166,0.15348114110065114
29382.167,0.15348243766933511
29382.168,0.15348373576933422
29382.169,0.15348503529376195
29382.17,0.1534863361924635
29382.171,0.15348763874040564
29382.172,0.15348894283217376
29382.173,0.1534902484616238
29382.174,0.15349155595336325
29382.175,0.15349286497769582
29382.176,0.15349417564402426
29382.177,0.15349548813464145
29382.178,0.1534968027611439
29382.179,0.15349811915961467
29382.18,0.15349943773109448
29382.181,0.1535007581729809
29382.182,0.15350208077708444
29382.183,0.15350340597605527
29382.184,0.1535047334902373
29382.185,0.15350606348200854
29382.186,0.15350739596963223
29382.187,0.15350873138668591
29382.188,0.15351006954369803
29382.189,0.1535114104080724
29382.19,0.15351275445352053
29382.191,0.15351410152756093
29382.192,0.1535154518952253
29382.193,0.15351680573245746
29382.194,0.1535181635870492
29382.195,0.15351952511958597
29382.196,0.15352089051332427
29382.197,0.1535222598085645
29382.198,0.15352363287270343
29382.199,0.15352500983556802
29382.2,0.15352639091647402
29382.201,0.15352777617680974
29382.202,0.1535291655226551
29382.203,0.15353055895402518
29382.204,0.153531956457703
29382.205,0.15353335752381853
29382.206,0.15353476289086573
29382.207,0.1535361723296849
29382.208,0.15353758620909214
29382.209,0.15353900425030723
29382.21,0.15354042664179812
29382.211,0.15354185329325726
29382.212,0.1535432841375088
29382.213,0.15354471863067276
29382.214,0.15354615702748822
29382.215,0.1535475993175275
29382.216,0.15354904517962623
29382.217,0.15355049439741422
29382.218,0.1535519474222561
29382.219,0.1535534039499116
29382.22,0.15355486372736254
29382.221,0.15355632626330834
29382.222,0.1535577918893797
29382.223,0.153559260457141
29382.224,0.15356073160165926
29382.225,0.15356220564527928
29382.226,0.15356368231506484
29382.227,0.15356516126253003
29382.228,0.153566642420524
29382.229,0.15356812586406876
29382.23,0.15356961103315867
29382.231,0.15357109789769757
29382.232,0.1535725861087114
29382.233,0.15357407609299698
29382.234,0.15357556739259165
29382.235,0.1535770596745429
29382.236,0.1535785526783577
29382.237,0.1535800465112224
29382.238,0.153581541028953
29382.239,0.15358303605427148
29382.24,0.1535845318328765
29382.241,0.15358602859868967
29382.242,0.15358752592302413
29382.243,0.15358902351452547
29382.244,0.15359052164114462
29382.245,0.15359202009507192
29382.246,0.15359351855834116
29382.247,0.1535950166478659
29382.248,0.1535965149385755
29382.249,0.1535980132128676
29382.25,0.15359951164793526
29382.251,0.15360101032653622
29382.252,0.1536025093688177
29382.253,0.153604008443141
29382.254,0.15360550729692823
29382.255,0.15360700609910174
29382.256,0.15360850528506606
29382.257,0.15361000469817468
29382.258,0.15361150450824418
29382.259,0.15361300440237327
29382.26,0.15361450445181044
29382.261,0.15361600528195443
29382.262,0.15361750655939851
29382.263,0.15361900849616286
29382.264,0.15362051144378616
29382.265,0.1536220151021599
29382.266,0.15362351965403445
29382.267,0.15362502503787412
29382.268,0.15362653152600866
29382.269,0.15362803875621914
29382.27,0.1536295472595494
29382.271,0.15363105752370873
29382.272,0.15363256930622313
29382.273,0.1536340828725487
29382.274,0.15363559822474235
29382.275,0.15363711522482668
29382.276,0.1536386344506057
29382.277,0.15364015604144457
29382.278,0.1536416799915377
29382.279,0.153643206065518
29382.28,0.15364473525518035
29382.281,0.15364626701825984
29382.282,0.15364780138264011
29382.283,0.15364933862523264
29382.284,0.15365087880947242
29382.285,0.15365242232884724
29382.286,0.15365396927541822
29382.287,0.15365551954974258
29382.288,0.153657073361627
29382.289,0.1536586304511418
29382.29,0.15366019135733425
29382.291,0.1536617558856772
29382.292,0.15366332437537708
29382.293,0.15366489688561982
29382.294,0.15366647345311107
29382.295,0.15366805386538313
29382.296,0.15366963823552374
29382.297,0.15367122649006132
29382.298,0.15367281925071172
29382.299,0.15367441619229788
29382.3,0.1536760172344657
29382.301,0.1536776220029747
29382.302,0.15367923065322198
29382.303,0.15368084324184952
29382.304,0.15368245968446828
29382.305,0.15368407985559748
29382.306,0.15368570424679212
29382.307,0.15368733274379193
29382.308,0.1536889649062014
29382.309,0.15369060127479928
29382.31,0.15369224153769598
29382.311,0.15369388574098042
29382.312,0.1536955334717266
29382.313,0.15369718468657848
29382.314,0.15369883900036777
29382.315,0.153700496518716
29382.316,0.15370215712102325
29382.317,0.15370382051883155
29382.318,0.15370548695308714
29382.319,0.1537071556532877
29382.32,0.15370882669009234
29382.321,0.1537105002562212
29382.322,0.15371217600783993
29382.323,0.15371385336465718
29382.324,0.15371553233794613
29382.325,0.15371721305497643
29382.326,0.15371889503043723
29382.327,0.153720578079227
29382.328,0.15372226224333083
29382.329,0.15372394727904778
29382.33,0.1537256326078152
29382.331,0.15372731798622516
29382.332,0.15372900326492797
29382.333,0.15373068776798218
29382.334,0.1537323709906238
29382.335,0.15373405293771128
29382.336,0.1537357338379871
29382.337,0.1537374129770378
29382.338,0.15373909026874277
29382.339,0.153740765363925
29382.34,0.15374243789259848
29382.341,0.15374410764836957
29382.342,0.15374577443327933
29382.343,0.1537474381160878
29382.344,0.15374909840250417
29382.345,0.15375075453895873
29382.346,0.15375240648656896
29382.347,0.15375405386376037
29382.348,0.15375569663806551
29382.349,0.15375733433956368
29382.35,0.15375896667815314
29382.351,0.15376059326721347
29382.352,0.1537622134743536
29382.353,0.15376382686261073
29382.354,0.15376543348446428
29382.355,0.15376703297722952
29382.356,0.15376862501462818
29382.357,0.15377020908603226
29382.358,0.15377178540307537
29382.359,0.15377335338356893
29382.36,0.15377491289504638
29382.361,0.15377646388977753
29382.362,0.15377800591061605
29382.363,0.15377953831702126
29382.364,0.153781060958431
29382.365,0.15378257376840695
29382.366,0.15378407632204422
29382.367,0.15378556842535024
29382.368,0.15378705034118925
29382.369,0.1537885209292017
29382.37,0.1537899808799233
29382.371,0.15379142968841786
29382.372,0.1537928670609097
29382.373,0.15379429289313276
29382.374,0.1537957066556191
29382.375,0.1537971090340745
29382.376,0.15379849974384338
29382.377,0.15379987878272314
29382.378,0.15380124569210304
29382.379,0.15380260062770162
29382.38,0.15380394407031808
29382.381,0.15380527514882086
29382.382,0.15380659444171782
29382.383,0.15380790220019225
29382.384,0.15380919800826154
29382.385,0.15381048220311183
29382.386,0.153811755020906
29382.387,0.15381301635506628
29382.388,0.15381426641817963
29382.389,0.1538155056210739
29382.39,0.1538167341662243
29382.391,0.1538179523650081
29382.392,0.15381916050983793
29382.393,0.1538203592297224
29382.394,0.15382154848074917
29382.395,0.1538227289668636
29382.396,0.15382390054107126
29382.397,0.15382506353856648
29382.398,0.15382621846664732
29382.399,0.1538273651459421
29382.4,0.1538285048028178
29382.401,0.15382963749521308
29382.402,0.15383076412920701
29382.403,0.15383188502522346
29382.404,0.1538330007282713
29382.405,0.15383411135875924
29382.406,0.15383521759348276
29382.407,0.15383631954993351
29382.408,0.15383741775019447
29382.409,0.1538385128872474
29382.41,0.1538396052408305
29382.411,0.15384069505375902
29382.412,0.1538417826249603
29382.413,0.15384286841743022
29382.414,0.15384395286307054
29382.415,0.1538450365164976
29382.416,0.15384611938288412
29382.417,0.15384720175582053
29382.418,0.15384828407075396
29382.419,0.15384936638123348
29382.42,0.15385044881377696
29382.421,0.15385153165323967
29382.422,0.1538526152953382
29382.423,0.15385369975573207
29382.424,0.15385478519814724
29382.425,0.1538558721621392
29382.426,0.15385696067860888
29382.427,0.1538580506643609
29382.428,0.15385914215593338
29382.429,0.15386023501402737
29382.43,0.15386132898858196
29382.431,0.15386242400326275
29382.432,0.1538635203636797
29382.433,0.1538646177473191
29382.434,0.1538657163370063
29382.435,0.15386681565512497
29382.436,0.1538679157671469
29382.437,0.15386901625069482
29382.438,0.15387011717682636
29382.439,0.15387121788932026
29382.44,0.1538723180824834
29382.441,0.15387341785388567
29382.442,0.15387451709092054
29382.443,0.15387561495006194
29382.444,0.15387671139987813
29382.445,0.15387780631457465
29382.446,0.15387889911965927
29382.447,0.15387998921988136
29382.448,0.15388107664728182
29382.449,0.15388216091339776
29382.45,0.1538832416886588
29382.451,0.1538843184576352
29382.452,0.15388539102145976
29382.453,0.15388645923128982
29382.454,0.1538875225564174
29382.455,0.15388858015508114
29382.456,0.1538896321702517
29382.457,0.1538906784584621
29382.458,0.1538917187435317
29382.459,0.15389275280619324
29382.46,0.15389378016697197
29382.461,0.15389480077030301
29382.462,0.15389581387807766
29382.463,0.1538968191001143
29382.464,0.1538978166753112
29382.465,0.15389880618419433
29382.466,0.15389978719082933
29382.467,0.15390075950612744
29382.468,0.15390172290474538
29382.469,0.15390267717253586
29382.47,0.1539036229256784
29382.471,0.15390455950586823
29382.472,0.1539054865996519
29382.473,0.15390640402669986
29382.474,0.1539073115584714
29382.475,0.15390820994682503
29382.476,0.15390909847609982
29382.477,0.15390997744367782
29382.478,0.1539108465510903
29382.479,0.15391170598163173
29382.48,0.1539125557560679
29382.481,0.15391339540574978
29382.482,0.1539142250238638
29382.483,0.15391504455204502
29382.484,0.1539158540014784
29382.485,0.1539166537446153
29382.486,0.15391744371775792
29382.487,0.15391822357115803
29382.488,0.1539189936901973
29382.489,0.15391975422020282
29382.49,0.15392050502765003
29382.491,0.15392124653036454
29382.492,0.1539219784631158
29382.493,0.15392270131479346
29382.494,0.15392341493047507
29382.495,0.15392411984575474
29382.496,0.15392481577559122
29382.497,0.15392550368728003
29382.498,0.1539261834106469
29382.499,0.15392685462869657
29382.5,0.1539275180053842
29382.501,0.15392817357865535
29382.502,0.15392882157885907
29382.503,0.1539294620431028
29382.504,0.15393009491366438
29382.505,0.1539307203441087
29382.506,0.15393133921811317
29382.507,0.15393195143777702
29382.508,0.15393255721491475
29382.509,0.15393315669880314
29382.51,0.15393375002690546
29382.511,0.15393433717391408
29382.512,0.1539349187727964
29382.513,0.15393549478927254
29382.514,0.15393606584045075
29382.515,0.1539366318009157
29382.516,0.153937192860424
29382.517,0.15393774942491953
29382.518,0.15393830164037783
29382.519,0.15393884955670792
29382.52,0.1539393932069593
29382.521,0.15393993339098275
29382.522,0.1539404703183716
29382.523,0.15394100363275195
29382.524,0.15394153372333735
29382.525,0.15394206080742945
29382.526,0.15394258489933665
29382.527,0.15394310645257733
29382.528,0.15394362556877333
29382.529,0.15394414250978294
29382.53,0.1539446574221782
29382.531,0.15394517043727954
29382.532,0.15394568194180153
29382.533,0.1539461919487574
29382.534,0.15394670037911382
29382.535,0.15394720770778647
29382.536,0.15394771415145153
29382.537,0.15394821947805434
29382.538,0.15394872416440794
29382.539,0.1539492281615279
29382.54,0.15394973175038376
29382.541,0.1539502354824522
29382.542,0.15395073904578963
29382.543,0.15395124243540864
29382.544,0.15395174624814487
29382.545,0.15395225056546744
29382.546,0.15395275538127523
29382.547,0.15395326109550883
29382.548,0.15395376815343068
29382.549,0.15395427633390835
29382.55,0.15395478593535813
29382.551,0.15395529682841796
29382.552,0.15395580918994195
29382.553,0.15395632287764996
29382.554,0.15395683826743015
29382.555,0.15395735539595656
29382.556,0.15395787506724273
29382.557,0.1539583971719916
29382.558,0.1539589216905113
29382.559,0.15395944885572538
29382.56,0.15395997826049188
29382.561,0.15396051075458939
29382.562,0.1539610458244485
29382.563,0.1539615836542421
29382.564,0.1539621244252029
29382.565,0.15396266832953737
29382.566,0.1539632152382069
29382.567,0.1539637648646855
29382.568,0.153964317499324
29382.569,0.1539648730673981
29382.57,0.15396543146170683
29382.571,0.15396599255613738
29382.572,0.15396655619424174
29382.573,0.1539671223764643
29382.574,0.1539676908776291
29382.575,0.15396826189216764
29382.576,0.15396883536650335
29382.577,0.15396941086876947
29382.578,0.15396998828748443
29382.579,0.1539705674121309
29382.58,0.15397114796383737
29382.581,0.15397172924691357
29382.582,0.1539723114070857
29382.583,0.1539728941841875
29382.584,0.15397347740164974
29382.585,0.15397406096031338
29382.586,0.1539746444937804
29382.587,0.15397522764433266
29382.588,0.15397581013023576
29382.589,0.15397639127205834
29382.59,0.15397697120065515
29382.591,0.15397754953980475
29382.592,0.1539781259989112
29382.593,0.15397870023124702
29382.594,0.15397927208189816
29382.595,0.1539798413319881
29382.596,0.15398040713464597
29382.597,0.15398096924042848
29382.598,0.15398152703600498
29382.599,0.1539820805911686
29382.6,0.1539826296972587
29382.601,0.15398317387862456
29382.602,0.1539837127729728
29382.603,0.15398424600801872
29382.604,0.15398477364955893
29382.605,0.1539852958342731
29382.606,0.15398581221629168
29382.607,0.15398632265237752
29382.608,0.15398682696936858
29382.609,0.15398732511423346
29382.61,0.15398781681828025
29382.611,0.15398830251165255
29382.612,0.153988782376238
29382.613,0.15398925590486096
29382.614,0.15398972362352867
29382.615,0.15399018513942514
29382.616,0.15399064088594988
29382.617,0.1539910909125207
29382.618,0.15399153513641417
29382.619,0.15399197385572663
29382.62,0.15399240753109666
29382.621,0.15399283634375713
29382.622,0.15399326022688753
29382.623,0.15399367953949986
29382.624,0.15399409473790804
29382.625,0.15399450602031242
29382.626,0.15399491415717542
29382.627,0.15399531957299453
29382.628,0.15399572217456112
29382.629,0.15399612273321775
29382.63,0.1539965215937932
29382.631,0.15399691877831626
29382.632,0.15399731512029957
29382.633,0.1539977111042581
29382.634,0.15399810673707184
29382.635,0.15399850302305465
29382.636,0.15399890020543225
29382.637,0.15399929895919098
29382.638,0.1539996997680768
29382.639,0.1540001025513664
29382.64,0.15400050769209375
29382.641,0.1540009157886089
29382.642,0.15400132655964266
29382.643,0.15400174113225584
29382.644,0.1540021598655311
29382.645,0.154002583163858
29382.646,0.15400301098659874
29382.647,0.15400344411909753
29382.648,0.1540038825775394
29382.649,0.1540043264311465
29382.65,0.15400477584786015
29382.651,0.15400523112771847
29382.652,0.15400569233315048
29382.653,0.15400615973650028
29382.654,0.15400663371591086
29382.655,0.15400711403533301
29382.656,0.1540076011586324
29382.657,0.15400809483304279
29382.658,0.154008595347806
29382.659,0.15400910272822455
29382.66,0.15400961682223682
29382.661,0.15401013746210412
29382.662,0.1540106645071653
29382.663,0.15401119805778926
29382.664,0.1540117380549316
29382.665,0.15401228426173424
29382.666,0.1540128360795071
29382.667,0.15401339385307672
29382.668,0.15401395763311249
29382.669,0.15401452713677016
29382.67,0.15401510252986583
29382.671,0.15401568341210084
29382.672,0.15401626919344252
29382.673,0.15401686010010232
29382.674,0.15401745610186024
29382.675,0.15401805699479568
29382.676,0.15401866229852718
29382.677,0.1540192717795035
29382.678,0.15401988531883387
29382.679,0.15402050271970233
29382.68,0.15402112400620438
29382.681,0.1540217489040169
29382.682,0.15402237715323153
29382.683,0.15402300841158253
29382.684,0.15402364299395804
29382.685,0.15402428031886575
29382.686,0.15402491988497527
29382.687,0.15402556196120917
29382.688,0.1540262062052464
29382.689,0.15402685276307182
29382.69,0.15402750177014646
29382.691,0.15402815270304182
29382.692,0.15402880546806935
29382.693,0.1540294599734044
29382.694,0.15403011639650593
29382.695,0.1540307745392348
29382.696,0.15403143422440363
29382.697,0.15403209536952456
29382.698,0.15403275805371272
29382.699,0.1540334220617575
29382.7,0.15403408762908283
29382.701,0.15403475513957013
29382.702,0.15403542431991202
29382.703,0.15403609496949272
29382.704,0.15403676735139096
29382.705,0.15403744092067004
29382.706,0.1540381156689516
29382.707,0.15403879179878954
29382.708,0.15403946924664552
29382.709,0.15404014808456848
29382.71,0.15404082865283195
29382.711,0.15404151142767783
29382.712,0.1540421960848828
29382.713,0.1540428821125217
29382.714,0.15404356994740287
29382.715,0.15404425913577302
29382.716,0.15404494953026757
29382.717,0.1540456414471305
29382.718,0.15404633494396783
29382.719,0.15404702986544622
29382.72,0.15404772619977022
29382.721,0.15404842400128999
29382.722,0.15404912304882526
29382.723,0.15404982329982014
29382.724,0.15405052454897916
29382.725,0.15405122683247008
29382.726,0.1540519300684443
29382.727,0.154052634116769
29382.728,0.15405333868500376
29382.729,0.15405404364098496
29382.73,0.15405474880349268
29382.731,0.15405545410353857
29382.732,0.15405615945062393
29382.733,0.1540568645157369
29382.734,0.15405756904296322
29382.735,0.15405827314362322
29382.736,0.15405897625800025
29382.737,0.15405967794537487
29382.738,0.15406037800330907
29382.739,0.15406107625438917
29382.74,0.15406177295247123
29382.741,0.15406246786858083
29382.742,0.15406316042950904
29382.743,0.15406385118740348
29382.744,0.15406453950538462
29382.745,0.15406522522109964
29382.746,0.15406590772742848
29382.747,0.15406658677234575
29382.748,0.15406726185874364
29382.749,0.1540679330729732
29382.75,0.15406860020728455
29382.751,0.15406926346931293
29382.752,0.15406992269196218
29382.753,0.15407057715454786
29382.754,0.15407122681020696
29382.755,0.1540718714974566
29382.756,0.15407251120488547
29382.757,0.1540731457953025
29382.758,0.15407377533003905
29382.759,0.1540743993941159
29382.76,0.1540750177531028
29382.761,0.15407563060451993
29382.762,0.15407623840433582
29382.763,0.15407684073103128
29382.764,0.15407743768161877
29382.765,0.15407802921441333
29382.766,0.15407861550495464
29382.767,0.15407919703545253
29382.768,0.15407977339275422
29382.769,0.15408034457322478
29382.77,0.15408091054765047
29382.771,0.15408147159181554
29382.772,0.15408202793107834
29382.773,0.1540825796246753
29382.774,0.15408312679154154
29382.775,0.15408366970659196
29382.776,0.15408420860242944
29382.777,0.15408474431104974
29382.778,0.15408527666025554
29382.779,0.15408580616409168
29382.78,0.1540863331063995
29382.781,0.15408685753397966
29382.782,0.15408737948745543
29382.783,0.1540878998531848
29382.784,0.1540884189058804
29382.785,0.1540889365326064
29382.786,0.15408945324181098
29382.787,0.15408996970677893
29382.788,0.15409048596568045
29382.789,0.15409100255640815
29382.79,0.1540915197948222
29382.791,0.15409203821417017
29382.792,0.1540925578987255
29382.793,0.1540930793128711
29382.794,0.15409360295061333
29382.795,0.15409412958812463
29382.796,0.1540946588493024
29382.797,0.1540951913200214
29382.798,0.1540957275464122
29382.799,0.15409626770739318
29382.8,0.15409681200919428
29382.801,0.1540973606178283
29382.802,0.1540979134549122
29382.803,0.15409847106491284
29382.804,0.15409903356182916
29382.805,0.1540996013146437
29382.806,0.1541001746084421
29382.807,0.15410075379769456
29382.808,0.15410133902233614
29382.809,0.15410193020640714
29382.81,0.15410252768628746
29382.811,0.15410313155603705
29382.812,0.15410374154153214
29382.813,0.15410435739918318
29382.814,0.15410497946175722
29382.815,0.15410560788470476
29382.816,0.15410624265117492
29382.817,0.15410688398405906
29382.818,0.1541075314290917
29382.819,0.15410818506417598
29382.82,0.1541088447647571
29382.821,0.15410951030680275
29382.822,0.1541101815374314
29382.823,0.15411085866562102
29382.824,0.1541115413720012
29382.825,0.15411222937198168
29382.826,0.1541129226540179
29382.827,0.15411362116781674
29382.828,0.15411432417100068
29382.829,0.15411503200450588
29382.83,0.15411574443592177
29382.831,0.15411646107501403
29382.832,0.15411718177933734
29382.833,0.15411790660512706
29382.834,0.15411863521290584
29382.835,0.1541193676340239
29382.836,0.15412010321061687
29382.837,0.15412084187039352
29382.838,0.1541215839172079
29382.839,0.15412232900257308
29382.84,0.15412307682703325
29382.841,0.15412382703767968
29382.842,0.15412458008712693
29382.843,0.15412533559952674
29382.844,0.15412609339133093
29382.845,0.154126853164335
29382.846,0.15412761520407695
29382.847,0.15412837967906728
29382.848,0.15412914655456192
29382.849,0.15412991578673332
29382.85,0.1541306873078388
29382.851,0.15413146078789206
29382.852,0.1541322361719538
29382.853,0.15413301368251622
29382.854,0.15413379358932908
29382.855,0.154134575637143
29382.856,0.15413536016118265
29382.857,0.15413614733534176
29382.858,0.15413693707469137
29382.859,0.15413772967488845
29382.86,0.15413852527564667
29382.861,0.15413932399820957
29382.862,0.15414012576996286
29382.863,0.15414093048181704
29382.864,0.15414173840554268
29382.865,0.15414255001835028
29382.866,0.1541433650567043
29382.867,0.15414418378923073
29382.868,0.15414500600992506
29382.869,0.15414583182313243
29382.87,0.15414666185492332
29382.871,0.15414749635887443
29382.872,0.15414833487129803
29382.873,0.1541491775239893
29382.874,0.1541500245746095
29382.875,0.15415087607336297
29382.876,0.15415173227608997
29382.877,0.1541525930736779
29382.878,0.15415345831436975
29382.879,0.15415432796343978
29382.88,0.15415520188361184
29382.881,0.1541560799233246
29382.882,0.15415696228399717
29382.883,0.15415784925590778
29382.884,0.1541587402018139
29382.885,0.15415963540663857
29382.886,0.1541605347355015
29382.887,0.15416143846501018
29382.888,0.15416234602441262
29382.889,0.15416325713377693
29382.89,0.15416417152247397
29382.891,0.15416508908547275
29382.892,0.15416600951287066
29382.893,0.15416693295813086
29382.894,0.15416785925169826
29382.895,0.15416878778309642
29382.896,0.15416971812591646
29382.897,0.15417065028814822
29382.898,0.15417158384093826
29382.899,0.15417251842036095
29382.9,0.15417345409322553
29382.901,0.15417439063266447
29382.902,0.15417532750473711
29382.903,0.1541762648155237
29382.904,0.15417720205039856
29382.905,0.15417813914334635
29382.906,0.15417907561070782
29382.907,0.1541800114301058
29382.908,0.15418094636772342
29382.909,0.15418187998530758
29382.91,0.1541828122994534
29382.911,0.1541837432254626
29382.912,0.1541846721703599
29382.913,0.15418559863978604
29382.914,0.1541865229196098
29382.915,0.15418744459142394
29382.916,0.15418836297267627
29382.917,0.15418927821603703
29382.918,0.15419018986752223
29382.919,0.15419109791499672
29382.92,0.1541920020223425
29382.921,0.15419290200585495
29382.922,0.15419379798542485
29382.923,0.15419468960822877
29382.924,0.15419557659463493
29382.925,0.154196459295797
29382.926,0.15419733763047663
29382.927,0.15419821157316188
29382.928,0.15419908103086735
29382.929,0.15419994623214112
29382.93,0.15420080677336145
29382.931,0.15420166257753334
29382.932,0.1542025134076746
29382.933,0.15420335933797455
29382.934,0.15420419976122163
29382.935,0.15420503511325961
29382.936,0.15420586479644774
29382.937,0.15420668960951472
29382.938,0.15420750961240898
29382.939,0.15420832418375668
29382.94,0.1542091330858765
29382.941,0.1542099368373295
29382.942,0.15421073567057625
29382.943,0.1542115287935999
29382.944,0.15421231664385932
29382.945,0.1542130993721714
29382.946,0.15421387709470658
29382.947,0.15421464932927123
29382.948,0.154215416182446
29382.949,0.15421617773130414
29382.95,0.154216933899687
29382.951,0.15421768469048056
29382.952,0.15421843020272136
29382.953,0.15421917039887278
29382.954,0.15421990503057642
29382.955,0.1542206346491431
29382.956,0.15422135910861245
29382.957,0.15422207795227633
29382.958,0.15422279132853675
29382.959,0.15422349932985588
29382.96,0.15422420178177856
29382.961,0.15422489886256496
29382.962,0.1542255906590033
29382.963,0.15422627691234392
29382.964,0.15422695772662473
29382.965,0.15422763305326898
29382.966,0.15422830261610104
29382.967,0.1542289664724263
29382.968,0.1542296245103205
29382.969,0.15423027683495005
29382.97,0.15423092363080593
29382.971,0.15423156444082947
29382.972,0.154232199051159
29382.973,0.154232828103644
29382.974,0.1542334514066948
29382.975,0.1542340690386
29382.976,0.15423468074312546
29382.977,0.15423528669887823
29382.978,0.15423588635958685
29382.979,0.15423647976693608
29382.98,0.1542370671583519
29382.981,0.1542376487241336
29382.982,0.15423822448937827
29382.983,0.15423879433750243
29382.984,0.15423935835878616
29382.985,0.1542399167234552
29382.986,0.15424046911391237
29382.987,0.1542410158349166
29382.988,0.15424155659423544
29382.989,0.15424209157642987
29382.99,0.15424262097600072
29382.991,0.1542431448188657
29382.992,0.15424366337844767
29382.993,0.1542441766377534
29382.994,0.15424468458925816
29382.995,0.15424518759444528
29382.996,0.1542456858667799
29382.997,0.15424617934610838
29382.998,0.1542466679865112
29382.999,0.1542471522476159
29383.0,0.1542476324564984
29383.001,0.1542481085422719
29383.002,0.15424858063416796
29383.003,0.15424904937592193
29383.004,0.15424951462453165
29383.005,0.15424997668934398
29383.006,0.1542504357159473
29383.007,0.15425089219732108
29383.008,0.15425134631096263
29383.009,0.15425179809583917
29383.01,0.15425224800574025
29383.011,0.1542526962946169
29383.012,0.1542531427885831
29383.013,0.15425358807425438
29383.014,0.15425403267157867
29383.015,0.15425447644976567
29383.016,0.15425491984317324
29383.017,0.1542553632196573
29383.018,0.1542558067037324
29383.019,0.15425625073448168
29383.02,0.1542566953159471
29383.021,0.15425714076202562
29383.022,0.15425758749858695
29383.023,0.1542580357383395
29383.024,0.15425848563491262
29383.025,0.154258937407882
29383.026,0.15425939119627974
29383.027,0.15425984716590627
29383.028,0.1542603055090104
29383.029,0.15426076614835368
29383.03,0.15426122891965585
29383.031,0.154261694034618
29383.032,0.15426216179644983
29383.033,0.15426263234663373
29383.034,0.15426310519758363
29383.035,0.15426358114455452
29383.036,0.1542640595316492
29383.037,0.15426454080856355
29383.038,0.15426502458843705
29383.039,0.15426551084447343
29383.04,0.15426599951973854
29383.041,0.15426649091742775
29383.042,0.15426698455369972
29383.043,0.1542674803006843
29383.044,0.15426797823588786
29383.045,0.15426847852105124
29383.046,0.15426898070909767
29383.047,0.15426948429644627
29383.048,0.15426998957856028
29383.049,0.15427049572129498
29383.05,0.15427100259444837
29383.051,0.154271509929169
29383.052,0.15427201744160005
29383.053,0.15427252490622315
29383.054,0.15427303212273705
29383.055,0.15427353866833785
29383.056,0.1542740441895354
29383.057,0.15427454870397875
29383.058,0.154275052009414
29383.059,0.15427555361603956
29383.06,0.15427605313103096
29383.061,0.15427655022459588
29383.062,0.15427704458715874
29383.063,0.15427753572141573
29383.064,0.15427802394068504
29383.065,0.15427850845685914
29383.066,0.15427898898862877
29383.067,0.15427946533920248
29383.068,0.15427993760210754
29383.069,0.15428040523482026
29383.07,0.15428086787790984
29383.071,0.15428132541490225
29383.072,0.15428177730654924
29383.073,0.1542822232163683
29383.074,0.1542826630451383
29383.075,0.1542830967382134
29383.076,0.15428352367233603
29383.077,0.15428394416384963
29383.078,0.15428435768699647
29383.079,0.15428476459812904
29383.08,0.1542851645483762
29383.081,0.15428555731422453
29383.082,0.15428594220503125
29383.083,0.15428631961117348
29383.084,0.15428668922227598
29383.085,0.15428705099493323
29383.086,0.1542874048677557
29383.087,0.15428775084107493
29383.088,0.15428808848023728
29383.089,0.15428841778716101
29383.09,0.15428873880603
29383.091,0.15428905157639206
29383.092,0.1542893561522375
29383.093,0.1542896522819085
29383.094,0.15428994022031747
29383.095,0.1542902198536495
29383.096,0.15429049086939195
29383.097,0.15429075301572584
29383.098,0.15429100674234203
29383.099,0.15429125238151112
29383.1,0.15429148965908235
29383.101,0.15429171849550963
29383.102,0.15429193884630885
29383.103,0.15429215095522628
29383.104,0.15429235465135413
29383.105,0.1542925501963686
29383.106,0.15429273767489912
29383.107,0.15429291736826278
29383.108,0.15429308918231635
29383.109,0.15429325309316547
29383.11,0.15429340911537387
29383.111,0.1542935577944653
29383.112,0.15429369912670957
29383.113,0.15429383355614135
29383.114,0.1542939609204082
29383.115,0.15429408167211778
29383.116,0.1542941960880917
29383.117,0.15429430396713517
29383.118,0.15429440584250428
29383.119,0.15429450204376594
29383.12,0.15429459246921529
29383.121,0.15429467754551493
29383.122,0.15429475768238557
29383.123,0.15429483317920314
29383.124,0.1542949039673389
29383.125,0.15429497063036038
29383.126,0.15429503311878065
29383.127,0.15429509194218854
29383.128,0.15429514703313016
29383.129,0.1542951987215056
29383.13,0.15429524743040102
29383.131,0.1542952937780669
29383.132,0.1542953377437015
29383.133,0.15429537991649916
29383.134,0.15429542006809296
29383.135,0.15429545882223444
29383.136,0.15429549629237557
29383.137,0.15429553285879893
29383.138,0.1542955685008289
29383.139,0.15429560341542367
29383.14,0.15429563821323858
29383.141,0.15429567309777592
29383.142,0.154295708340552
29383.143,0.15429574402387644
29383.144,0.15429578043930733
29383.145,0.15429581773303866
29383.146,0.15429585593051098
29383.147,0.15429589516504413
29383.148,0.15429593571439335
29383.149,0.15429597724138566
29383.15,0.15429602012723567
29383.151,0.15429606459417294
29383.152,0.15429611055894257
29383.153,0.15429615852982975
29383.154,0.15429620826741686
29383.155,0.15429626019010262
29383.156,0.1542963140456879
29383.157,0.15429636984038902
29383.158,0.15429642757093973
29383.159,0.1542964871161418
29383.16,0.1542965487294957
29383.161,0.15429661257113877
29383.162,0.1542966782231634
29383.163,0.15429674601566587
29383.164,0.1542968159621668
29383.165,0.15429688760776153
29383.166,0.1542969612262016
29383.167,0.15429703682463755
29383.168,0.1542971139220906
29383.169,0.1542971926640184
29383.17,0.15429727278530334
29383.171,0.15429735433916883
29383.172,0.15429743695256737
29383.173,0.1542975210152506
29383.174,0.15429760672339501
29383.175,0.15429769354816103
29383.176,0.15429778153389917
29383.177,0.15429787090084549
29383.178,0.15429796120127856
29383.179,0.15429805249025924
29383.18,0.15429814482232732
29383.181,0.1542982383089362
29383.182,0.15429833224275902
29383.183,0.1542984273561174
29383.184,0.15429852287311369
29383.185,0.1542986190696578
29383.186,0.1542987159460563
29383.187,0.154298813308572
29383.188,0.15429891121639283
29383.189,0.1542990097519646
29383.19,0.15429910888203802
29383.191,0.15429920857291254
29383.192,0.15429930857664614
29383.193,0.1542994089236371
29383.194,0.1542995094080065
29383.195,0.1542996097898856
29383.196,0.15429971050892893
29383.197,0.15429981142668694
29383.198,0.1542999129340133
29383.199,0.15430001462726162
29383.2,0.15430011637505328
29383.201,0.1543002179245827
29383.202,0.15430031966745072
29383.203,0.15430042150324252
29383.204,0.1543005236809898
29383.205,0.1543006257078114
29383.206,0.1543007277199777
29383.207,0.15430082975448733
29383.208,0.1543009319014994
29383.209,0.15430103410965643
29383.21,0.1543011362629754
29383.211,0.15430123881879174
29383.212,0.1543013415444804
29383.213,0.15430144430624498
29383.214,0.15430154713434588
29383.215,0.15430165038355126
29383.216,0.15430175350728037
29383.217,0.15430185652125444
29383.218,0.15430195951986905
29383.219,0.1543020624419876
29383.22,0.15430216498999064
29383.221,0.15430226757876225
29383.222,0.15430236985000292
29383.223,0.15430247199272876
29383.224,0.15430257395565108
29383.225,0.15430267581117615
29383.226,0.15430277733063666
29383.227,0.1543028786434958
29383.228,0.15430297941350005
29383.229,0.15430308037632828
29383.23,0.1543031808114113
29383.231,0.15430328103269317
29383.232,0.15430338070725244
29383.233,0.15430347977366637
29383.234,0.15430357793080024
29383.235,0.15430367544284604
29383.236,0.154303772510995
29383.237,0.15430386882728458
29383.238,0.15430396466712293
29383.239,0.15430405985610335
29383.24,0.15430415424483962
29383.241,0.15430424716566057
29383.242,0.1543043390560385
29383.243,0.15430442952834159
29383.244,0.15430451899983078
29383.245,0.15430460724462708
29383.246,0.1543046950148625
29383.247,0.15430478208057063
29383.248,0.15430486814868605
29383.249,0.15430495309542053
29383.25,0.15430503659635914
29383.251,0.15430511887866966
29383.252,0.1543051999110065
29383.253,0.15430527957701523
29383.254,0.1543053578343189
29383.255,0.15430543484397927
29383.256,0.15430550986566152
29383.257,0.15430558324115465
29383.258,0.15430565476291055
29383.259,0.1543057243684808
29383.26,0.15430579238180137
29383.261,0.15430585846300007
29383.262,0.15430592269574472
29383.263,0.15430598505601986
29383.264,0.1543060453425328
29383.265,0.15430610357099278
29383.266,0.15430615934377945
29383.267,0.15430621285312743
29383.268,0.1543062638010083
29383.269,0.15430631277830165
29383.27,0.15430635867496253
29383.271,0.1543064020898847
29383.272,0.1543064428716552
29383.273,0.15430648103195174
29383.274,0.15430651639309703
29383.275,0.15430654876318975
29383.276,0.15430657788309934
29383.277,0.15430660384592637
29383.278,0.1543066268649368
29383.279,0.15430664679872783
29383.28,0.15430666364051374
29383.281,0.1543066772785998
29383.282,0.15430668750220686
29383.283,0.1543066947196276
29383.284,0.15430669835846747
29383.285,0.1543066986388104
29383.286,0.15430669528645416
29383.287,0.15430668815910156
29383.288,0.15430667766722736
29383.289,0.15430666373470722
29383.29,0.15430664640072653
29383.291,0.15430662514505186
29383.292,0.1543066003509031
29383.293,0.1543065720678411
29383.294,0.15430654037830208
29383.295,0.15430650532802492
29383.296,0.15430646746138105
29383.297,0.15430642643429462
29383.298,0.15430638261972077
29383.299,0.15430633566553525
29383.3,0.15430628586931333
29383.301,0.15430623331883844
29383.302,0.1543061783237585
29383.303,0.15430612066046132
29383.304,0.154306060492404
29383.305,0.15430599785369273
29383.306,0.15430593332290188
29383.307,0.15430586683060568
29383.308,0.15430579840838815
29383.309,0.1543057281347989
29383.31,0.1543056563762673
29383.311,0.1543055836141959
29383.312,0.1543055095205858
29383.313,0.15430543416351222
29383.314,0.15430535755507097
29383.315,0.15430528010696506
29383.316,0.15430520153133606
29383.317,0.15430512207380842
29383.318,0.1543050419845155
29383.319,0.15430496132609248
29383.32,0.15430488023694824
29383.321,0.1543047988188325
29383.322,0.15430471690822106
29383.323,0.15430463475459802
29383.324,0.15430455219391528
29383.325,0.15430446913465848
29383.326,0.15430438560715376
29383.327,0.15430430161864636
29383.328,0.15430421770270106
29383.329,0.15430413360295983
29383.33,0.1543040489739983
29383.331,0.1543039642920485
29383.332,0.1543038792787911
29383.333,0.15430379412095607
29383.334,0.15430370859811304
29383.335,0.1543036225245628
29383.336,0.15430353602734084
29383.337,0.15430344861992573
29383.338,0.15430336055165042
29383.339,0.15430327138464264
29383.34,0.15430318137503712
29383.341,0.1543030900117513
29383.342,0.15430299793976546
29383.343,0.1543029045037764
29383.344,0.15430281001527443
29383.345,0.15430271434896978
29383.346,0.15430261675698465
29383.347,0.15430251668939957
29383.348,0.15430241397145633
29383.349,0.15430230870037492
29383.35,0.15430220072389214
29383.351,0.1543020902037913
29383.352,0.1543019768335003
29383.353,0.1543018605433029
29383.354,0.1543017410351952
29383.355,0.1543016179083067
29383.356,0.15430149120079037
29383.357,0.15430136088451113
29383.358,0.15430122666685864
29383.359,0.15430108857336677
29383.36,0.1543009461828826
29383.361,0.1543007993339099
29383.362,0.1543006481212328
29383.363,0.15430049192010376
29383.364,0.15430033078652877
29383.365,0.15430016432534738
29383.366,0.15429999224915988
29383.367,0.15429981444567467
29383.368,0.15429963039622843
29383.369,0.15429944024502876
29383.37,0.15429924321979666
29383.371,0.15429903988440985
29383.372,0.1542988294962617
29383.373,0.1542986121621763
29383.374,0.15429838762058362
29383.375,0.15429815552432052
29383.376,0.15429791567951046
29383.377,0.1542976680090396
29383.378,0.15429741218164691
29383.379,0.1542971478573521
29383.38,0.15429687504907869
29383.381,0.15429659356266168
29383.382,0.1542963030370665
29383.383,0.15429600345830305
29383.384,0.15429569469651724
29383.385,0.15429537653240968
29383.386,0.15429504890754123
29383.387,0.15429471198603095
29383.388,0.15429436579092343
29383.389,0.154294010033691
29383.39,0.15429364443690774
29383.391,0.1542932689812208
29383.392,0.15429288417262302
29383.393,0.15429248965107545
29383.394,0.1542920856280223
29383.395,0.15429167231079804
29383.396,0.15429125022299445
29383.397,0.15429081887153956
29383.398,0.1542903784938997
29383.399,0.15428992923980359
29383.4,0.15428947149733813
29383.401,0.15428900559252778
29383.402,0.15428853183736907
29383.403,0.1542880505253952
29383.404,0.15428756228335766
29383.405,0.15428706746068913
29383.406,0.1542865662831094
29383.407,0.15428605931940245
29383.408,0.1542855469454398
29383.409,0.15428502940634378
29383.41,0.15428450744482367
29383.411,0.15428398173427735
29383.412,0.15428345216740758
29383.413,0.15428291976105504
29383.414,0.15428238494774915
29383.415,0.1542818488182886
29383.416,0.15428131133231357
29383.417,0.15428077340171767
29383.418,0.15428023564693982
29383.419,0.1542796986088036
29383.42,0.15427916298301972
29383.421,0.15427862913768262
29383.422,0.15427809761007694
29383.423,0.15427756930363748
29383.424,0.15427704485077554
29383.425,0.1542765245424337
29383.426,0.1542760089132167
29383.427,0.15427549857472728
29383.428,0.15427499398406616
29383.429,0.15427449518215877
29383.43,0.15427400279810216
29383.431,0.15427351749200677
29383.432,0.154273039591927
29383.433,0.15427256965664168
29383.434,0.15427210770204766
29383.435,0.15427165419181377
29383.436,0.1542712094691405
29383.437,0.1542707738299974
29383.438,0.15427034749484506
29383.439,0.15426993029343655
29383.44,0.15426952250917775
29383.441,0.15426912406250562
29383.442,0.15426873526842938
29383.443,0.1542683560471649
29383.444,0.1542679865487559
29383.445,0.15426762647401218
29383.446,0.15426727524640427
29383.447,0.15426693325668292
29383.448,0.1542666005175738
29383.449,0.1542662766843335
29383.45,0.1542659615804216
29383.451,0.15426565497097805
29383.452,0.1542653568099079
29383.453,0.1542650664895402
29383.454,0.15426478405817368
29383.455,0.15426450903277794
29383.456,0.15426424109671683
29383.457,0.15426398001630948
29383.458,0.15426372559567036
29383.459,0.15426347755153688
29383.46,0.15426323524407073
29383.461,0.15426299869678672
29383.462,0.15426276714841977
29383.463,0.1542625400712229
29383.464,0.15426231751424044
29383.465,0.1542620987014781
29383.466,0.15426188307202682
29383.467,0.15426167075997754
29383.468,0.15426146188378378
29383.469,0.15426125601891238
29383.47,0.15426105269079587
29383.471,0.15426085191504801
29383.472,0.1542606532799548
29383.473,0.15426045675110908
29383.474,0.15426026193630651
29383.475,0.15426006878331378
29383.476,0.15425987724164442
29383.477,0.15425968725644104
29383.478,0.1542594983703587
29383.479,0.15425931028251152
29383.48,0.15425912288704513
29383.481,0.15425893634619534
29383.482,0.15425875031573394
29383.483,0.1542585650522879
29383.484,0.15425838032864259
29383.485,0.15425819598506
29383.486,0.15425801256434638
29383.487,0.1542578297471324
29383.488,0.15425764736062472
29383.489,0.15425746529142415
29383.49,0.15425728383585122
29383.491,0.15425710280268579
29383.492,0.15425692254590237
29383.493,0.1542567429533068
29383.494,0.15425656438936775
29383.495,0.15425638676852324
29383.496,0.15425621026618208
29383.497,0.1542560343317949
29383.498,0.15425585945907838
29383.499,0.15425568599842363
29383.5,0.154255514102057
29383.501,0.15425534411311373
29383.502,0.15425517587206083
29383.503,0.1542550097496331
29383.504,0.15425484576491783
29383.505,0.15425468406481643
29383.506,0.15425452490343833
29383.507,0.15425436861052647
29383.508,0.15425421535630113
29383.509,0.15425406494835142
29383.51,0.15425391810721018
29383.511,0.15425377494417064
29383.512,0.15425363530084288
29383.513,0.15425349977942898
29383.514,0.15425336855506777
29383.515,0.15425324200281612
29383.516,0.15425311978861636
29383.517,0.15425300297950872
29383.518,0.1542528914322686
29383.519,0.15425278541556453
29383.52,0.15425268516506932
29383.521,0.1542525913286727
29383.522,0.15425250386186615
29383.523,0.15425242305430667
29383.524,0.1542523490888933
29383.525,0.15425228249974593
29383.526,0.1542522236196371
29383.527,0.15425217276178188
29383.528,0.15425212992528217
29383.529,0.15425209564777048
29383.53,0.15425207042081232
29383.531,0.15425205430080055
29383.532,0.15425204753151792
29383.533,0.15425205041282758
29383.534,0.1542520631226897
29383.535,0.15425208601334292
29383.536,0.15425211909457082
29383.537,0.15425216254736165
29383.538,0.1542522169203339
29383.539,0.15425228221200693
29383.54,0.15425235893880976
29383.541,0.15425244716458236
29383.542,0.1542525468755465
29383.543,0.1542526586177129
29383.544,0.1542527820068717
29383.545,0.15425291717716572
29383.546,0.15425306449746562
29383.547,0.1542532241275985
29383.548,0.1542533965361148
29383.549,0.15425358128335603
29383.55,0.15425377856831182
29383.551,0.1542539883089947
29383.552,0.15425421103597206
29383.553,0.15425444647135797
29383.554,0.1542546946756718
29383.555,0.15425495504772982
29383.556,0.1542552280890325
29383.557,0.15425551392142522
29383.558,0.15425581192635912
29383.559,0.15425612225709284
29383.56,0.15425644491148366
29383.561,0.1542567799137751
29383.562,0.15425712705628747
29383.563,0.15425748627618324
29383.564,0.15425785716783005
29383.565,0.1542582394134127
29383.566,0.1542586332731403
29383.567,0.1542590387665147
29383.568,0.1542594554993648
29383.569,0.15425988298724602
29383.57,0.15426032099841014
29383.571,0.15426076951840187
29383.572,0.15426122819298255
29383.573,0.15426169658427072
29383.574,0.1542621749095278
29383.575,0.15426266253588605
29383.576,0.15426315922246553
29383.577,0.15426366498489974
29383.578,0.15426417930833874
29383.579,0.15426470170448744
29383.58,0.15426523237372228
29383.581,0.15426577122146384
29383.582,0.15426631756330095
29383.583,0.15426687132638955
29383.584,0.15426743225892278
29383.585,0.15426800038116256
29383.586,0.15426857519693118
29383.587,0.15426915613541764
29383.588,0.15426974329349163
29383.589,0.15427033616151706
29383.59,0.15427093458357513
29383.591,0.15427153839231103
29383.592,0.1542721476055494
29383.593,0.15427276151244437
29383.594,0.15427338040602098
29383.595,0.15427400359237775
29383.596,0.15427463097415817
29383.597,0.15427526209975342
29383.598,0.15427589716096143
29383.599,0.1542765358801172
29383.6,0.15427717801052052
29383.601,0.15427782314241759
29383.602,0.1542784707850656
29383.603,0.154279120990709
29383.604,0.15427977370528623
29383.605,0.15428042872796185
29383.606,0.1542810854605765
29383.607,0.15428174427811736
29383.608,0.15428240478786923
29383.609,0.15428306652909657
29383.61,0.15428372988640385
29383.611,0.15428439447661815
29383.612,0.1542850597548938
29383.613,0.15428572578515745
29383.614,0.15428639264536742
29383.615,0.15428706006105086
29383.616,0.1542877279293731
29383.617,0.15428839646004744
29383.618,0.15428906509775683
29383.619,0.15428973395172046
29383.62,0.15429040309051886
29383.621,0.15429107290254415
29383.622,0.1542917430378756
29383.623,0.15429241347599232
29383.624,0.15429308421011262
29383.625,0.15429375510852145
29383.626,0.15429442593552448
29383.627,0.15429509676885808
29383.628,0.15429576784582047
29383.629,0.15429643950952715
29383.63,0.15429711153799475
29383.631,0.15429778390599513
29383.632,0.15429845696015854
29383.633,0.15429913094881614
29383.634,0.15429980560183376
29383.635,0.15430048101249366
29383.636,0.15430115744905631
29383.637,0.15430183546548892
29383.638,0.1543025151411197
29383.639,0.15430319624826805
29383.64,0.15430387939925982
29383.641,0.1543045641792743
29383.642,0.15430525133176576
29383.643,0.15430594130734204
29383.644,0.15430663384108775
29383.645,0.15430732922777632
29383.646,0.1543080277190286
29383.647,0.15430872927497263
29383.648,0.15430943451377468
29383.649,0.15431014341620058
29383.65,0.15431085629625074
29383.651,0.15431157332757797
29383.652,0.15431229477052358
29383.653,0.15431302046632794
29383.654,0.15431375052230234
29383.655,0.15431448546674642
29383.656,0.15431522564687397
29383.657,0.15431597086639365
29383.658,0.1543167208546894
29383.659,0.15431747639882448
29383.66,0.15431823714881432
29383.661,0.15431900328047965
29383.662,0.1543197747483594
29383.663,0.1543205515772367
29383.664,0.15432133394083958
29383.665,0.15432212209216656
29383.666,0.15432291540403276
29383.667,0.1543237142201056
29383.668,0.15432451853787563
29383.669,0.15432532830200893
29383.67,0.15432614343277068
29383.671,0.15432696392525916
29383.672,0.15432778953812862
29383.673,0.15432862014744436
29383.674,0.15432945603054188
29383.675,0.15433029670317147
29383.676,0.1543311421621145
29383.677,0.15433199238397433
29383.678,0.1543328468682087
29383.679,0.1543337053039853
29383.68,0.15433456823823252
29383.681,0.15433543506264927
29383.682,0.1543363053132447
29383.683,0.1543371789836811
29383.684,0.1543380559478065
29383.685,0.15433893587989206
29383.686,0.15433981838917377
29383.687,0.15434070369482325
29383.688,0.15434159150981677
29383.689,0.1543424816765444
29383.69,0.15434337399351342
29383.691,0.15434426810685856
29383.692,0.15434516346649063
29383.693,0.1543460603055257
29383.694,0.15434695853404454
29383.695,0.15434785757673952
29383.696,0.15434875750969362
29383.697,0.15434965807917903
29383.698,0.15435055911869242
29383.699,0.1543514601540253
29383.7,0.1543523612824541
29383.701,0.1543532619485927
29383.702,0.1543541623626593
29383.703,0.1543550629555075
29383.704,0.15435596306133575
29383.705,0.1543568623423304
29383.706,0.15435776103534835
29383.707,0.15435865901244222
29383.708,0.1543595558018641
29383.709,0.1543604513660772
29383.71,0.15436134608126437
29383.711,0.1543622397307541
29383.712,0.1543631325498388
29383.713,0.15436402437345173
29383.714,0.1543649153602715
29383.715,0.15436580556993124
29383.716,0.15436669483435092
29383.717,0.15436758305600523
29383.718,0.15436847016764732
29383.719,0.1543693564157215
29383.72,0.15437024190593457
29383.721,0.15437112646145015
29383.722,0.15437200994500253
29383.723,0.1543728923299399
29383.724,0.15437377381862127
29383.725,0.15437465486284419
29383.726,0.15437553579387642
29383.727,0.15437641651480005
29383.728,0.15437729730699765
29383.729,0.15437817820959254
29383.73,0.1543790586288012
29383.731,0.1543799391448645
29383.732,0.15438081971676795
29383.733,0.1543817003332168
29383.734,0.15438258107101283
29383.735,0.15438346218589558
29383.736,0.15438434375051918
29383.737,0.15438522558938123
29383.738,0.15438610764882396
29383.739,0.1543869901568586
29383.74,0.15438787322232406
29383.741,0.15438875684442332
29383.742,0.1543896415787788
29383.743,0.15439052692124158
29383.744,0.15439141311748497
29383.745,0.15439230029169884
29383.746,0.15439318850300882
29383.747,0.1543940775544536
29383.748,0.15439496747800102
29383.749,0.1543958579029361
29383.75,0.1543967489628998
29383.751,0.15439764082087265
29383.752,0.15439853357650152
29383.753,0.15439942702113899
29383.754,0.15440032145809457
29383.755,0.15440121685146038
29383.756,0.15440211298722215
29383.757,0.15440300968969134
29383.758,0.15440390740821042
29383.759,0.15440480643470642
29383.76,0.15440570639572515
29383.761,0.1544066073991547
29383.762,0.15440750936276976
29383.763,0.15440841215379086
29383.764,0.15440931585625375
29383.765,0.15441022018539968
29383.766,0.15441112526286274
29383.767,0.15441203150524577
29383.768,0.1544129384797714
29383.769,0.15441384631190955
29383.77,0.15441475494471016
29383.771,0.15441566447804367
29383.772,0.15441657517806673
29383.773,0.15441748654695855
29383.774,0.15441839899797777
29383.775,0.1544193123054391
29383.776,0.1544202265388189
29383.777,0.15442114166678308
29383.778,0.1544220577188415
29383.779,0.15442297468480642
29383.78,0.15442389314969598
29383.781,0.1544248122739221
29383.782,0.15442573229805034
29383.783,0.1544266535834468
29383.784,0.1544275756824625
29383.785,0.1544284985166786
29383.786,0.15442942218031108
29383.787,0.15443034641236958
29383.788,0.15443127134487425
29383.789,0.15443219703106134
29383.79,0.15443312290527236
29383.791,0.15443404922526932
29383.792,0.15443497595245378
29383.793,0.15443590321969886
29383.794,0.1544368306589824
29383.795,0.1544377583406005
29383.796,0.15443868625597393
29383.797,0.1544396137865109
29383.798,0.15444054059314805
29383.799,0.1544414666644325
29383.8,0.15444239211426697
29383.801,0.154443316623896
29383.802,0.15444424013292002
29383.803,0.15444516182888043
29383.804,0.15444608159303064
29383.805,0.15444699947572677
29383.806,0.1544479154361099
29383.807,0.15444882907585328
29383.808,0.1544497405162598
29383.809,0.15445064964599997
29383.81,0.15445155617865544
29383.811,0.15445245980821998
29383.812,0.15445336029954912
29383.813,0.15445425715237107
29383.814,0.15445515074146063
29383.815,0.154456040467555
29383.816,0.15445692610540934
29383.817,0.15445780751649474
29383.818,0.15445868467329235
29383.819,0.15445955728271343
29383.82,0.15446042507383217
29383.821,0.15446128778186818
29383.822,0.15446214543090483
29383.823,0.15446299785369205
29383.824,0.15446384498970026
29383.825,0.1544646873363884
29383.826,0.15446552466348049
29383.827,0.15446635662967967
29383.828,0.15446718354656971
29383.829,0.15446800504327915
29383.83,0.15446882110436003
29383.831,0.15446963214111661
29383.832,0.15447043760585175
29383.833,0.1544712377404639
29383.834,0.15447203271223547
29383.835,0.15447282235847698
29383.836,0.15447360656602732
29383.837,0.15447438554260445
29383.838,0.15447515966033684
29383.839,0.15447592936059476
29383.84,0.15447669432211708
29383.841,0.15447745482847808
29383.842,0.15447821095728656
29383.843,0.15447896257642468
29383.844,0.15447971037560787
29383.845,0.15448045409747976
29383.846,0.15448119385310788
29383.847,0.15448192970131103
29383.848,0.1544826617333411
29383.849,0.1544833902276491
29383.85,0.154484115330154
29383.851,0.1544848370500127
29383.852,0.15448555587963425
29383.853,0.15448627175350155
29383.854,0.1544869849800131
29383.855,0.1544876951010656
29383.856,0.1544884020597141
29383.857,0.15448910641677005
29383.858,0.15448980826324937
29383.859,0.15449050718844967
29383.86,0.15449120327093255
29383.861,0.1544918964602103
29383.862,0.15449258692882956
29383.863,0.15449327456635453
29383.864,0.15449395949372738
29383.865,0.15449464147481695
29383.866,0.15449532068818414
29383.867,0.1544959969594242
29383.868,0.15449667013144822
29383.869,0.15449734020831787
29383.87,0.15449800683071357
29383.871,0.15449867016113955
29383.872,0.1544993299695206
29383.873,0.154499985935111
29383.874,0.15450063854532295
29383.875,0.15450128750209716
29383.876,0.15450193286012753
29383.877,0.1545025741744396
29383.878,0.154503211733929
29383.879,0.15450384545790188
29383.88,0.15450447527404831
29383.881,0.15450510069181397
29383.882,0.1545057221327628
29383.883,0.15450633951362613
29383.884,0.15450695237084833
29383.885,0.15450756099622306
29383.886,0.15450816532891082
29383.887,0.1545087653870075
29383.888,0.15450936119079942
29383.889,0.154509952483252
29383.89,0.15451053944420298
29383.891,0.15451112242023896
29383.892,0.15451170125389763
29383.893,0.15451227641736884
29383.894,0.15451284773090845
29383.895,0.1545134153045349
29383.896,0.15451397919285748
29383.897,0.15451453963126463
29383.898,0.1545150969159231
29383.899,0.15451565144572335
29383.9,0.15451620339475514
29383.901,0.15451675299634884
29383.902,0.15451730023455576
29383.903,0.15451784535997953
29383.904,0.1545183889367502
29383.905,0.1545189309517489
29383.906,0.15451947197772284
29383.907,0.15452001186172465
29383.908,0.1545205508992551
29383.909,0.15452108936060327
29383.91,0.15452162757247015
29383.911,0.15452216612137873
29383.912,0.15452270505338211
29383.913,0.15452324470701742
29383.914,0.15452378538082825
29383.915,0.15452432703985985
29383.916,0.15452487011627292
29383.917,0.15452541442190232
29383.918,0.15452596049122758
29383.919,0.15452650849736674
29383.92,0.15452705880342218
29383.921,0.1545276116719738
29383.922,0.1545281672301289
29383.923,0.15452872548200497
29383.924,0.15452928643533725
29383.925,0.1545298502869296
29383.926,0.15453041680961538
29383.927,0.15453098599649812
29383.928,0.1545315581404433
29383.929,0.1545321332630101
29383.93,0.15453271114920655
29383.931,0.15453329178882375
29383.932,0.1545338750115136
29383.933,0.15453446085071876
29383.934,0.15453504923364833
29383.935,0.1545356401196379
29383.936,0.15453623311658632
29383.937,0.154536828472816
29383.938,0.1545374257467927
29383.939,0.1545380249131461
29383.94,0.15453862531058402
29383.941,0.1545392271899046
29383.942,0.15453982990189877
29383.943,0.15454043348181207
29383.944,0.15454103779813114
29383.945,0.154541642289673
29383.946,0.15454224685360873
29383.947,0.15454285097271567
29383.948,0.15454345463673144
29383.949,0.15454405754008266
29383.95,0.15454465938213435
29383.951,0.15454526018777495
29383.952,0.1545458595666643
29383.953,0.15454645694055577
29383.954,0.1545470516235667
29383.955,0.15454764388921785
29383.956,0.15454823335196405
29383.957,0.15454882002206716
29383.958,0.1545494036186918
29383.959,0.1545499837965394
29383.96,0.1545505608423867
29383.961,0.15455113447433502
29383.962,0.1545517044897079
29383.963,0.15455227069906569
29383.964,0.15455283288364768
29383.965,0.15455339123232614
29383.966,0.1545539453889146
29383.967,0.15455449535734203
29383.968,0.15455504118585947
29383.969,0.15455558293969715
29383.97,0.15455612054700904
29383.971,0.15455665406821906
29383.972,0.15455718316935652
29383.973,0.15455770834073934
29383.974,0.15455822965990712
29383.975,0.15455874698344704
29383.976,0.1545592602123988
29383.977,0.15455976951032832
29383.978,0.15456027508791798
29383.979,0.15456077712599817
29383.98,0.15456127583534598
29383.981,0.15456177117680742
29383.982,0.1545622635208378
29383.983,0.15456275262760974
29383.984,0.154563238943191
29383.985,0.1545637225653114
29383.986,0.15456420393305723
29383.987,0.15456468282184566
29383.988,0.1545651593076032
29383.989,0.1545656339329938
29383.99,0.15456610686662586
29383.991,0.15456657825170253
29383.992,0.1545670484466112
29383.993,0.15456751777165373
29383.994,0.15456798630786417
29383.995,0.15456845437389483
29383.996,0.15456892209695736
29383.997,0.15456938960803943
29383.998,0.15456985692411127
29383.999,0.15457032437817644
29384.0,0.15457079208861793
29384.001,0.15457126010193376
29384.002,0.15457172870331645
29384.003,0.1545721978987753
29384.004,0.1545726678579267
29384.005,0.15457313917940443
29384.006,0.15457361126138708
29384.007,0.15457408430963201
29384.008,0.15457455874379167
29384.009,0.15457503447729992
29384.01,0.15457551184585502
29384.011,0.15457599050759074
29384.012,0.1545764708479473
29384.013,0.15457695291354534
29384.014,0.15457743668790186
29384.015,0.15457792200898465
29384.016,0.15457840852887114
29384.017,0.1545788965418474
29384.018,0.1545793860441479
29384.019,0.15457987689939792
29384.02,0.15458036899465555
29384.021,0.15458086219099895
29384.022,0.15458135627651692
29384.023,0.15458185126915627
29384.024,0.1545823471722513
29384.025,0.15458284380107473
29384.026,0.15458334103025714
29384.027,0.15458383856947766
29384.028,0.15458433640933106
29384.029,0.15458483414516758
29384.03,0.15458533133667068
29384.031,0.1545858279974769
29384.032,0.15458632373920458
29384.033,0.15458681872799085
29384.034,0.15458731242381818
29384.035,0.15458780437209008
29384.036,0.1545882941450818
29384.037,0.15458878165092219
29384.038,0.15458926627660127
29384.039,0.1545897479265036
29384.04,0.1545902261541314
29384.041,0.15459070090718371
29384.042,0.154591171565566
29384.043,0.15459163804377804
29384.044,0.15459209979956665
29384.045,0.15459255680965933
29384.046,0.15459300863206704
29384.047,0.15459345476055952
29384.048,0.15459389521907888
29384.049,0.15459432977385226
29384.05,0.15459475835899683
29384.051,0.15459518048913307
29384.052,0.15459559557307875
29384.053,0.15459600341617039
29384.054,0.1545964036078975
29384.055,0.1545967969890979
29384.056,0.15459718227459077
29384.057,0.15459755986170623
29384.058,0.15459792948336298
29384.059,0.15459829077350046
29384.06,0.154598643659565
29384.061,0.15459898844593414
29384.062,0.15459932504326207
29384.063,0.1545996536354327
29384.064,0.1545999737251813
29384.065,0.15460028556436312
29384.066,0.1546005889671395
29384.067,0.15460088407606917
29384.068,0.15460117085859806
29384.069,0.15460144918037774
29384.07,0.15460171932382627
29384.071,0.1546019817015033
29384.072,0.1546022362646925
29384.073,0.15460248340382204
29384.074,0.1546027229131713
29384.075,0.15460295513592906
29384.076,0.15460318008577748
29384.077,0.1546033984052538
29384.078,0.15460361037711629
29384.079,0.15460381648361574
29384.08,0.15460401656749653
29384.081,0.15460421076910152
29384.082,0.15460439958579775
29384.083,0.15460458303293056
29384.084,0.15460476174798712
29384.085,0.154604935521872
29384.086,0.1546051048914118
29384.087,0.1546052700661481
29384.088,0.1546054316117684
29384.089,0.15460558982287917
29384.09,0.15460574481079542
29384.091,0.1546058972158433
29384.092,0.15460604670022346
29384.093,0.15460619373125264
29384.094,0.1546063386437804
29384.095,0.1546064816528316
29384.096,0.15460662330468602
29384.097,0.1546067639481963
29384.098,0.15460690373840064
29384.099,0.15460704286093022
29384.1,0.1546071812484784
29384.101,0.1546073193091905
29384.102,0.15460745708761078
29384.103,0.1546075946462893
29384.104,0.15460773234481492
29384.105,0.15460787063141995
29384.106,0.15460800903916905
29384.107,0.15460814845446055
29384.108,0.15460828851013564
29384.109,0.15460842941210265
29384.11,0.15460857174197415
29384.111,0.15460871515722457
29384.112,0.15460886018943434
29384.113,0.15460900647449416
29384.114,0.1546091540469954
29384.115,0.15460930307393328
29384.116,0.15460945357491385
29384.117,0.15460960616934935
29384.118,0.15460976040885113
29384.119,0.15460991665000706
29384.12,0.15461007470127197
29384.121,0.1546102346329
29384.122,0.15461039636148066
29384.123,0.15461055992444414
29384.124,0.15461072541665394
29384.125,0.1546108924470476
29384.126,0.15461106105360783
29384.127,0.15461123180075015
29384.128,0.154611404216763
29384.129,0.15461157862371633
29384.13,0.15461175463812205
29384.131,0.1546119322370618
29384.132,0.15461211141345008
29384.133,0.1546122923420722
29384.134,0.15461247456147093
29384.135,0.15461265838175903
29384.136,0.15461284375529416
29384.137,0.15461303056042205
29384.138,0.1546132188595844
29384.139,0.15461340869872706
29384.14,0.1546136001848557
29384.141,0.1546137928051326
29384.142,0.1546139864991196
29384.143,0.1546141817706928
29384.144,0.15461437830867886
29384.145,0.15461457591651548
29384.146,0.1546147747817596
29384.147,0.15461497473373745
29384.148,0.15461517591812773
29384.149,0.15461537837341507
29384.15,0.15461558162943237
29384.151,0.15461578571999493
29384.152,0.15461599058474737
29384.153,0.1546161963787009
29384.154,0.15461640306129448
29384.155,0.15461661063093232
29384.156,0.1546168188755834
29384.157,0.15461702817492143
29384.158,0.15461723841235037
29384.159,0.15461744967293267
29384.16,0.15461766209675953
29384.161,0.15461787572722402
29384.162,0.15461809036366136
29384.163,0.15461830599923987
29384.164,0.15461852268744913
29384.165,0.15461874100931272
29384.166,0.1546189605277705
29384.167,0.15461918139526834
29384.168,0.1546194038634346
29384.169,0.15461962767794346
29384.17,0.15461985321235827
29384.171,0.15462008009033776
29384.172,0.15462030828958204
29384.173,0.15462053844477056
29384.174,0.1546207703754135
29384.175,0.15462100423405883
29384.176,0.15462123977845615
29384.177,0.15462147743248564
29384.178,0.15462171694756582
29384.179,0.15462195831325287
29384.18,0.15462220151907968
29384.181,0.15462244688756563
29384.182,0.1546226945352145
29384.183,0.15462294452874792
29384.184,0.15462319699147914
29384.185,0.15462345184155124
29384.186,0.1546237090644069
29384.187,0.15462396867747666
29384.188,0.15462423048348756
29384.189,0.15462449470272885
29384.19,0.15462476138383685
29384.191,0.15462503042198475
29384.192,0.15462530153980356
29384.193,0.15462557507819666
29384.194,0.15462585064418075
29384.195,0.15462612864350175
29384.196,0.15462640883939513
29384.197,0.15462669063832157
29384.198,0.15462697423824645
29384.199,0.15462725944241001
29384.2,0.1546275464171371
29384.201,0.15462783539964023
29384.202,0.15462812598002784
29384.203,0.15462841845741573
29384.204,0.154628712679965
29384.205,0.1546290085388019
29384.206,0.15462930577994022
29384.207,0.15462960434549947
29384.208,0.15462990430757956
29384.209,0.15463020579132752
29384.21,0.1546305088734107
29384.211,0.15463081325612912
29384.212,0.15463111880285108
29384.213,0.15463142549717232
29384.214,0.15463173323763427
29384.215,0.1546320417860528
29384.216,0.15463235125616243
29384.217,0.15463266174431115
29384.218,0.1546329727278998
29384.219,0.1546332843554016
29384.22,0.15463359673336471
29384.221,0.1546339099836423
29384.222,0.1546342241370213
29384.223,0.15463453920353906
29384.224,0.15463485503880411
29384.225,0.15463517155800746
29384.226,0.15463548915860886
29384.227,0.1546358080713808
29384.228,0.1546361275557313
29384.229,0.1546364484110101
29384.23,0.15463676988558722
29384.231,0.15463709264877631
29384.232,0.1546374169527696
29384.233,0.15463774276146194
29384.234,0.15463806978017444
29384.235,0.15463839833145868
29384.236,0.1546387284411316
29384.237,0.1546390602892852
29384.238,0.15463939421665587
29384.239,0.1546397300961009
29384.24,0.15464006792493826
29384.241,0.15464040755299183
29384.242,0.15464074915657777
29384.243,0.15464109298229728
29384.244,0.15464143908840097
29384.245,0.15464178759076877
29384.246,0.15464213872800905
29384.247,0.1546424922426125
29384.248,0.15464284850803037
29384.249,0.1546432075373312
29384.25,0.15464356927251902
29384.251,0.15464393378543403
29384.252,0.15464430114282982
29384.253,0.15464467143745775
29384.254,0.15464504485830943
29384.255,0.15464542108227625
29384.256,0.15464580006382206
29384.257,0.1546461818340339
29384.258,0.1546465666352865
29384.259,0.15464695437412596
29384.26,0.15464734505368857
29384.261,0.1546477386283519
29384.262,0.15464813531595478
29384.263,0.15464853464752168
29384.264,0.15464893659004864
29384.265,0.15464934107020528
29384.266,0.15464974754410174
29384.267,0.1546501565092544
29384.268,0.15465056760509652
29384.269,0.15465098093408058
29384.27,0.15465139648015064
29384.271,0.15465181422163177
29384.272,0.15465223383721485
29384.273,0.15465265548221066
29384.274,0.1546530787704796
29384.275,0.15465350358807345
29384.276,0.15465392981686232
29384.277,0.15465435804033545
29384.278,0.15465478788691553
29384.279,0.15465521945322075
29384.28,0.15465565255619707
29384.281,0.1546560871246291
29384.282,0.15465652262032173
29384.283,0.1546569587069188
29384.284,0.1546573955296219
29384.285,0.15465783277598738
29384.286,0.15465827071697114
29384.287,0.15465870937910728
29384.288,0.1546591486622564
29384.289,0.1546595885675851
29384.29,0.15466002892280784
29384.291,0.15466047002710545
29384.292,0.15466091181343075
29384.293,0.15466135435830944
29384.294,0.1546617977439778
29384.295,0.15466224201300427
29384.296,0.15466268657496485
29384.297,0.1546631319413418
29384.298,0.1546635781851629
29384.299,0.15466402485688235
29384.3,0.154664472316439
29384.301,0.15466492051846673
29384.302,0.1546653697215514
29384.303,0.15466581977118785
29384.304,0.15466627040124528
29384.305,0.15466672156647743
29384.306,0.15466717359352622
29384.307,0.15466762669207335
29384.308,0.15466808094243478
29384.309,0.15466853616065154
29384.31,0.15466899251356409
29384.311,0.15466944977238037
29384.312,0.15466990812714748
29384.313,0.15467036767537243
29384.314,0.15467082813004984
29384.315,0.1546712895027515
29384.316,0.154671752104158
29384.317,0.1546722156409445
29384.318,0.15467267995562278
29384.319,0.1546731450346331
29384.32,0.15467361103561678
29384.321,0.15467407758176818
29384.322,0.15467454441901482
29384.323,0.15467501152260452
29384.324,0.15467547885554875
29384.325,0.15467594627178632
29384.326,0.15467641371482563
29384.327,0.1546768809393698
29384.328,0.15467734763778196
29384.329,0.15467781395670058
29384.33,0.15467827934544115
29384.331,0.1546787441979941
29384.332,0.15467920789013273
29384.333,0.1546796700740875
29384.334,0.15468013111960754
29384.335,0.15468059098547018
29384.336,0.15468104902151686
29384.337,0.15468150509668477
29384.338,0.15468195885723532
29384.339,0.154682409987313
29384.34,0.15468285843281213
29384.341,0.15468330438438668
29384.342,0.15468374792169773
29384.343,0.15468418880424692
29384.344,0.15468462672210687
29384.345,0.15468506136929602
29384.346,0.15468549290137593
29384.347,0.15468592119959543
29384.348,0.15468634628174133
29384.349,0.15468676793405933
29384.35,0.1546871860344616
29384.351,0.1546876008498826
29384.352,0.15468801238131508
29384.353,0.15468842045327869
29384.354,0.1546888251800573
29384.355,0.1546892264749685
29384.356,0.15468962476426557
29384.357,0.1546900205664224
29384.358,0.15469041378641962
29384.359,0.1546908040385587
29384.36,0.15469119187614055
29384.361,0.1546915772803741
29384.362,0.15469196046727338
29384.363,0.15469234188785594
29384.364,0.15469272129902842
29384.365,0.15469309881147109
29384.366,0.15469347496165167
29384.367,0.15469384989626755
29384.368,0.15469422375297323
29384.369,0.15469459686366202
29384.37,0.15469496965482124
29384.371,0.15469534241450225
29384.372,0.1546957147711072
29384.373,0.15469608752428154
29384.374,0.15469646056767516
29384.375,0.15469683420342195
29384.376,0.15469720870185624
29384.377,0.15469758436146058
29384.378,0.15469796090611027
29384.379,0.15469833868025784
29384.38,0.1546987177260321
29384.381,0.15469909877335386
29384.382,0.15469948165321754
29384.383,0.15469986668418917
29384.384,0.15470025406044802
29384.385,0.15470064364828215
29384.386,0.15470103562668597
29384.387,0.15470143018134125
29384.388,0.15470182743816163
29384.389,0.15470222766180566
29384.39,0.1547026309070606
29384.391,0.1547030371823788
29384.392,0.1547034462234902
29384.393,0.15470385809610915
29384.394,0.15470427291770536
29384.395,0.1547046908647973
29384.396,0.1547051116167966
29384.397,0.15470553556333136
29384.398,0.15470596217430807
29384.399,0.15470639163342023
29384.4,0.15470682392778026
29384.401,0.15470725895068282
29384.402,0.1547076966645465
29384.403,0.1547081367878398
29384.404,0.15470857954554598
29384.405,0.15470902468247155
29384.406,0.1547094721213302
29384.407,0.1547099217278047
29384.408,0.15471037326015089
29384.409,0.15471082664637062
29384.41,0.15471128167348439
29384.411,0.15471173811035405
29384.412,0.1547121959685703
29384.413,0.15471265479523155
29384.414,0.1547131145901205
29384.415,0.15471357544422695
29384.416,0.1547140369377778
29384.417,0.15471449918386326
29384.418,0.1547149619158845
29384.419,0.15471542498089136
29384.42,0.15471588847777984
29384.421,0.15471635165214298
29384.422,0.15471681461669362
29384.423,0.15471727746564462
29384.424,0.1547177399217701
29384.425,0.15471820195635205
29384.426,0.15471866341503487
29384.427,0.15471912453431053
29384.428,0.15471958518955622
29384.429,0.154720045272833
29384.43,0.1547205043716724
29384.431,0.1547209626745092
29384.432,0.15472141980925666
29384.433,0.15472187596825462
29384.434,0.15472233105011668
29384.435,0.15472278447915255
29384.436,0.1547232363766658
29384.437,0.1547236869966594
29384.438,0.1547241363897495
29384.439,0.1547245844310992
29384.44,0.15472503105705718
29384.441,0.1547254763935427
29384.442,0.15472592030488122
29384.443,0.1547263626720348
29384.444,0.15472680393404695
29384.445,0.15472724429809145
29384.446,0.15472768318124328
29384.447,0.15472812074061196
29384.448,0.1547285570734578
29384.449,0.1547289921289834
29384.45,0.15472942572355455
29384.451,0.1547298582851389
29384.452,0.15473028954412113
29384.453,0.15473071942812722
29384.454,0.1547311481974525
29384.455,0.15473157599127635
29384.456,0.1547320027247236
29384.457,0.15473242820233063
29384.458,0.1547328524037957
29384.459,0.1547332752581104
29384.46,0.15473369723723124
29384.461,0.15473411818585006
29384.462,0.15473453830646108
29384.463,0.1547349573576562
29384.464,0.15473537504902513
29384.465,0.1547357919466922
29384.466,0.15473620821407824
29384.467,0.15473662328815344
29384.468,0.15473703760480992
29384.469,0.15473745103264508
29384.47,0.15473786342213386
29384.471,0.15473827420593536
29384.472,0.15473868378413938
29384.473,0.15473909240526804
29384.474,0.15473949976081988
29384.475,0.15473990586619932
29384.476,0.15474031060867952
29384.477,0.15474071376307136
29384.478,0.15474111549341613
29384.479,0.1547415157624457
29384.48,0.15474191472687437
29384.481,0.15474231230050886
29384.482,0.15474270810924312
29384.483,0.15474310239855962
29384.484,0.1547434952387274
29384.485,0.1547438863769374
29384.486,0.15474427578781583
29384.487,0.15474466372965198
29384.488,0.15474504998047195
29384.489,0.15474543432674237
29384.49,0.1547458168506343
29384.491,0.1547461975370992
29384.492,0.15474657641012127
29384.493,0.15474695343989417
29384.494,0.15474732888647513
29384.495,0.15474770251038153
29384.496,0.1547480739787702
29384.497,0.15474844365104581
29384.498,0.15474881142043553
29384.499,0.1547491774961853
29384.5,0.15474954202619856
29384.501,0.15474990533302183
29384.502,0.1547502672172939
29384.503,0.1547506276343412
29384.504,0.1547509866308746
29384.505,0.15475134432834864
29384.506,0.1547517009084981
29384.507,0.15475205653634766
29384.508,0.15475241090565164
29384.509,0.15475276432837545
29384.51,0.15475311688396265
29384.511,0.15475346883015265
29384.512,0.15475382009003605
29384.513,0.15475417065254726
29384.514,0.1547545208965996
29384.515,0.15475487107330094
29384.516,0.15475522073633194
29384.517,0.15475557027032483
29384.518,0.15475591946609385
29384.519,0.15475626844289994
29384.52,0.15475661766825946
29384.521,0.15475696711840625
29384.522,0.15475731698698744
29384.523,0.15475766712698444
29384.524,0.1547580176114117
29384.525,0.1547583684541329
29384.526,0.15475871982684827
29384.527,0.15475907185273055
29384.528,0.15475942413213933
29384.529,0.15475977691301007
29384.53,0.15476013010080014
29384.531,0.15476048379532895
29384.532,0.15476083796314943
29384.533,0.15476119268472896
29384.534,0.15476154794815014
29384.535,0.1547619033858716
29384.536,0.15476225918116568
29384.537,0.15476261499413704
29384.538,0.15476297071951722
29384.539,0.15476332621274197
29384.54,0.1547636815427813
29384.541,0.15476403649766593
29384.542,0.15476439093232774
29384.543,0.15476474481927122
29384.544,0.15476509799950056
29384.545,0.15476545028088973
29384.546,0.15476580109519325
29384.547,0.15476615088431567
29384.548,0.15476649961233016
29384.549,0.15476684697618637
29384.55,0.15476719295095245
29384.551,0.1547675377453225
29384.552,0.15476788090233196
29384.553,0.154768222179996
29384.554,0.15476856160529753
29384.555,0.1547688993909962
29384.556,0.15476923534828446
29384.557,0.15476956896619995
29384.558,0.15476990070661195
29384.559,0.15477023033774284
29384.56,0.1547705580700484
29384.561,0.15477088375837997
29384.562,0.15477120712236722
29384.563,0.1547715282684413
29384.564,0.15477184712177353
29384.565,0.15477216362244964
29384.566,0.15477247785192752
29384.567,0.1547727897418676
29384.568,0.15477309942285924
29384.569,0.15477340699687545
29384.57,0.15477371236672452
29384.571,0.15477401555764347
29384.572,0.15477431688913096
29384.573,0.15477461599780373
29384.574,0.15477491321190145
29384.575,0.15477520899562183
29384.576,0.15477550298616835
29384.577,0.1547757957293132
29384.578,0.15477608755786196
29384.579,0.15477637840365632
29384.58,0.1547766684007153
29384.581,0.15477695744239384
29384.582,0.15477724598655385
29384.583,0.15477753417006723
29384.584,0.1547778222423666
29384.585,0.15477811017849133
29384.586,0.15477839822405692
29384.587,0.15477868693418564
29384.588,0.15477897623733472
29384.589,0.1547792664713649
29384.59,0.15477955800473134
29384.591,0.15477985069448646
29384.592,0.15478014504421525
29384.593,0.15478044148235254
29384.594,0.1547807399200729
29384.595,0.15478104059044964
29384.596,0.15478134388160783
29384.597,0.15478165033097
29384.598,0.15478195990601223
29384.599,0.15478227287198584
29384.6,0.15478258901440217
29384.601,0.15478290882223933
29384.602,0.1547832323159382
29384.603,0.15478355976804328
29384.604,0.15478389119284724
29384.605,0.15478422685389503
29384.606,0.15478456682332373
29384.607,0.15478491137595674
29384.608,0.1547852607475631
29384.609,0.1547856153252127
29384.61,0.1547859749757957
29384.611,0.15478634009427542
29384.612,0.1547867106616625
29384.613,0.15478708699084684
29384.614,0.15478746899230075
29384.615,0.154787856510805
29384.616,0.154788249368029
29384.617,0.15478864843516876
29384.618,0.15478905343505286
29384.619,0.15478946412478808
29384.62,0.15478988085091586
29384.621,0.15479030325936044
29384.622,0.1547907312729619
29384.623,0.15479116481394156
29384.624,0.15479160411395634
29384.625,0.15479204887786763
29384.626,0.15479249912534754
29384.627,0.15479295434840978
29384.628,0.15479341472460234
29384.629,0.1547938800756047
29384.63,0.15479434999763536
29384.631,0.15479482448709236
29384.632,0.15479530340901881
29384.633,0.15479578661241736
29384.634,0.1547962736241912
29384.635,0.1547967643060531
29384.636,0.15479725866897334
29384.637,0.15479775639337232
29384.638,0.15479825722964694
29384.639,0.15479876101575885
29384.64,0.15479926751472844
29384.641,0.15479977639643028
29384.642,0.1548002875389239
29384.643,0.15480080076266667
29384.644,0.15480131580664114
29384.645,0.15480183232471612
29384.646,0.1548023500141308
29384.647,0.15480286901601986
29384.648,0.15480338922225886
29384.649,0.15480391028752655
29384.65,0.15480443204089636
29384.651,0.1548049542914789
29384.652,0.1548054766690644
29384.653,0.15480599902453976
29384.654,0.15480652165840408
29384.655,0.15480704440825108
29384.656,0.15480756665715434
29384.657,0.15480808843371416
29384.658,0.1548086100746021
29384.659,0.15480913114580383
29384.66,0.15480965175242525
29384.661,0.15481017165967417
29384.662,0.15481069091506036
29384.663,0.15481120940024257
29384.664,0.15481172713385
29384.665,0.15481224416338996
29384.666,0.1548127606456125
29384.667,0.1548132761697052
29384.668,0.1548137910186476
29384.669,0.1548143052140439
29384.67,0.15481481877392334
29384.671,0.1548153321294155
29384.672,0.15481584499714157
29384.673,0.15481635739148222
29384.674,0.15481686932876346
29384.675,0.15481738072825915
29384.676,0.15481789132496646
29384.677,0.15481840162186453
29384.678,0.1548189117237025
29384.679,0.15481942169284663
29384.68,0.15481993135914987
29384.681,0.15482044086724112
29384.682,0.15482095027887577
29384.683,0.15482145934496291
29384.684,0.15482196796133882
29384.685,0.15482247581892053
29384.686,0.15482298322044538
29384.687,0.15482349052777786
29384.688,0.1548239972505423
29384.689,0.1548245036353356
29384.69,0.15482500920377829
29384.691,0.15482551408212955
29384.692,0.15482601815031896
29384.693,0.15482652122087504
29384.694,0.15482702335743168
29384.695,0.15482752452789547
29384.696,0.15482802450914276
29384.697,0.15482852323913654
29384.698,0.15482902035213122
29384.699,0.15482951583633453
29384.7,0.15483000973377312
29384.701,0.15483050215850297
29384.702,0.15483099272599263
29384.703,0.15483148118838846
29384.704,0.15483196764061355
29384.705,0.1548324521427501
29384.706,0.15483293442074508
29384.707,0.1548334144780105
29384.708,0.15483389223911173
29384.709,0.1548343677344263
29384.71,0.15483484079829707
29384.711,0.1548353113947118
29384.712,0.15483577923330535
29384.713,0.15483624454380213
29384.714,0.15483670711935602
29384.715,0.15483716732956393
29384.716,0.15483762508929466
29384.717,0.15483808026061324
29384.718,0.1548385326748436
29384.719,0.154838982451131
29384.72,0.15483942980881635
29384.721,0.15483987439182995
29384.722,0.154840316762991
29384.723,0.15484075711302162
29384.724,0.15484119580097597
29384.725,0.15484163270667228
29384.726,0.15484206814066825
29384.727,0.15484250189164767
29384.728,0.1548429347628776
29384.729,0.15484336655828457
29384.73,0.15484379765840525
29384.731,0.15484422819527177
29384.732,0.15484465834477684
29384.733,0.15484508816782563
29384.734,0.15484551781315933
29384.735,0.15484594785714967
29384.736,0.1548463783957786
29384.737,0.15484680966059308
29384.738,0.1548472419284582
29384.739,0.15484767558807194
29384.74,0.15484811084830846
29384.741,0.15484854794941824
29384.742,0.15484898709400052
29384.743,0.15484942873145788
29384.744,0.1548498733365992
29384.745,0.15485032090206385
29384.746,0.154850772152122
29384.747,0.1548512271706846
29384.748,0.15485168622814863
29384.749,0.15485214917076592
29384.75,0.15485261633373548
29384.751,0.1548530879704422
29384.752,0.1548535645108876
29384.753,0.15485404603852146
29384.754,0.1548545328807372
29384.755,0.15485502496355127
29384.756,0.15485552274252246
29384.757,0.15485602644837146
29384.758,0.15485653630759952
29384.759,0.15485705265365599
29384.76,0.15485757593071378
29384.761,0.15485810583875706
29384.762,0.154858642906138
29384.763,0.15485918728183518
29384.764,0.15485973914469814
29384.765,0.15486029858036301
29384.766,0.15486086560852017
29384.767,0.15486144043768818
29384.768,0.15486202340762226
29384.769,0.15486261424055608
29384.77,0.15486321309458817
29384.771,0.15486381987813236
29384.772,0.15486443445273426
29384.773,0.1548650572130108
29384.774,0.15486568785157062
29384.775,0.1548663268599245
29384.776,0.15486697433622432
29384.777,0.1548676302146355
29384.778,0.1548682947327315
29384.779,0.15486896775764292
29384.78,0.15486964902937034
29384.781,0.15487033847532292
29384.782,0.1548710359101991
29384.783,0.15487174122750658
29384.784,0.15487245443950243
29384.785,0.15487317575615325
29384.786,0.1548739051419469
29384.787,0.1548746421690252
29384.788,0.15487538640501575
29384.789,0.1548761377958993
29384.79,0.15487689594897247
29384.791,0.15487766128800753
29384.792,0.15487843341067445
29384.793,0.15487921204313218
29384.794,0.15487999720627488
29384.795,0.15488078862036414
29384.796,0.15488158591280776
29384.797,0.1548823889098821
29384.798,0.15488319741827355
29384.799,0.15488401136939198
29384.8,0.1548848306875392
29384.801,0.1548856549238148
29384.802,0.15488648399957455
29384.803,0.15488731715331888
29384.804,0.1548881546150506
29384.805,0.15488899582588134
29384.806,0.15488984040665668
29384.807,0.1548906883302768
29384.808,0.15489153903309222
29384.809,0.15489239276349295
29384.81,0.15489324870329083
29384.811,0.15489410693910802
29384.812,0.15489496738235062
29384.813,0.1548958297500661
29384.814,0.15489669377276616
29384.815,0.1548975589612444
29384.816,0.15489842499371367
29384.817,0.1548992919216988
29384.818,0.1549001595473205
29384.819,0.15490102742996226
29384.82,0.15490189582862976
29384.821,0.15490276410290546
29384.822,0.15490363249606706
29384.823,0.15490450027385932
29384.824,0.15490536723951787
29384.825,0.154906233035508
29384.826,0.15490709756949375
29384.827,0.15490796038757476
29384.828,0.15490882213382876
29384.829,0.15490968214109707
29384.83,0.15491054033689663
29384.831,0.15491139638187396
29384.832,0.15491225044357398
29384.833,0.15491310214413026
29384.834,0.15491395124348098
29384.835,0.15491479750253276
29384.836,0.15491564047484
29384.837,0.1549164803045422
29384.838,0.15491731658919802
29384.839,0.1549181492938054
29384.84,0.15491897815555464
29384.841,0.154919802976805
29384.842,0.15492062350439229
29384.843,0.15492143996191143
29384.844,0.15492225208359475
29384.845,0.1549230594976645
29384.846,0.15492386223717838
29384.847,0.1549246600510499
29384.848,0.15492545306147495
29384.849,0.15492624069781585
29384.85,0.15492702304908798
29384.851,0.15492779986882213
29384.852,0.15492857130342866
29384.853,0.1549293368855613
29384.854,0.15493009674608058
29384.855,0.15493085069866594
29384.856,0.15493159872818318
29384.857,0.15493234067155062
29384.858,0.1549330765010872
29384.859,0.1549338061990969
29384.86,0.15493452943705585
29384.861,0.15493524630115105
29384.862,0.1549359570446234
29384.863,0.15493666159028538
29384.864,0.1549373596809239
29384.865,0.15493805149957127
29384.866,0.1549387366267693
29384.867,0.15493941546017648
29384.868,0.1549400877817973
29384.869,0.15494075349560463
29384.87,0.15494141301194017
29384.871,0.1549420661734385
29384.872,0.15494271310722318
29384.873,0.1549433533963455
29384.874,0.15494398721194338
29384.875,0.15494461497040724
29384.876,0.15494523644955296
29384.877,0.15494585192130875
29384.878,0.15494646168810466
29384.879,0.15494706565758637
29384.88,0.15494766354740236
29384.881,0.1549482553744388
29384.882,0.1549488416188007
29384.883,0.1549494221808037
29384.884,0.15494999708488555
29384.885,0.15495056646533983
29384.886,0.15495112986618254
29384.887,0.15495168760374964
29384.888,0.15495224006536515
29384.889,0.1549527872506484
29384.89,0.15495332944526005
29384.891,0.1549538663419554
29384.892,0.1549543981610576
29384.893,0.1549549251111517
29384.894,0.15495544753042415
29384.895,0.15495596521786395
29384.896,0.15495647803895882
29384.897,0.15495698652624104
29384.898,0.15495749017503282
29384.899,0.15495798914392359
29384.9,0.15495848327098388
29384.901,0.15495897254166585
29384.902,0.15495945714986045
29384.903,0.15495993710965886
29384.904,0.1549604127054848
29384.905,0.15496088379587702
29384.906,0.15496135042142073
29384.907,0.15496181292374117
29384.908,0.15496227097116855
29384.909,0.1549627252773317
29384.91,0.15496317549887817
29384.911,0.1549636220372447
29384.912,0.15496406448703276
29384.913,0.1549645032715165
29384.914,0.15496493803523165
29384.915,0.1549653690508741
29384.916,0.15496579647465053
29384.917,0.15496622020701695
29384.918,0.15496664026354895
29384.919,0.15496705679977177
29384.92,0.15496746994148405
29384.921,0.1549678796162309
29384.922,0.15496828637438942
29384.923,0.15496869018160506
29384.924,0.154969090879378
29384.925,0.15496948885236536
29384.926,0.1549698844641549
29384.927,0.15497027758281487
29384.928,0.15497066894264436
29384.929,0.1549710583287803
29384.93,0.1549714457206528
29384.931,0.15497183169423479
29384.932,0.15497221638076492
29384.933,0.15497259967660743
29384.934,0.15497298199200948
29384.935,0.1549733636276076
29384.936,0.1549737448299522
29384.937,0.15497412602250812
29384.938,0.15497450697619355
29384.939,0.1549748883326918
29384.94,0.15497527012741105
29384.941,0.15497565276140557
29384.942,0.15497603649976327
29384.943,0.15497642178349394
29384.944,0.15497680880251974
29384.945,0.1549771978101156
29384.946,0.15497758890734512
29384.947,0.15497798233477858
29384.948,0.15497837826813643
29384.949,0.15497877688234535
29384.95,0.15497917846947337
29384.951,0.1549795834019576
29384.952,0.15497999208721375
29384.953,0.15498040449609274
29384.954,0.1549808210002467
29384.955,0.15498124203343888
29384.956,0.15498166768436739
29384.957,0.15498209831743592
29384.958,0.15498253381655075
29384.959,0.15498297482991738
29384.96,0.15498342120460257
29384.961,0.15498387351406334
29384.962,0.15498433166805184
29384.963,0.1549847959919636
29384.964,0.154985266113515
29384.965,0.1549857425220958
29384.966,0.15498622507228238
29384.967,0.15498671428122546
29384.968,0.15498721021639855
29384.969,0.1549877129728608
29384.97,0.15498822294376405
29384.971,0.15498873964752083
29384.972,0.15498926310824002
29384.973,0.15498979330964902
29384.974,0.15499033061811415
29384.975,0.15499087511080178
29384.976,0.15499142651010187
29384.977,0.15499198473457507
29384.978,0.1549925496887701
29384.979,0.15499312133434406
29384.98,0.15499369936631244
29384.981,0.15499428364264656
29384.982,0.15499487437592543
29384.983,0.154995470843501
29384.984,0.1549960726936155
29384.985,0.15499668036436542
29384.986,0.1549972933188944
29384.987,0.15499791181307554
29384.988,0.15499853536513133
29384.989,0.1549991637228906
29384.99,0.15499979662242652
29384.991,0.15500043359985602
29384.992,0.1550010748043477
29384.993,0.15500171973556418
29384.994,0.15500236808956572
29384.995,0.15500301925573454
29384.996,0.15500367320194303
29384.997,0.15500432965352562
29384.998,0.15500498823265885
29384.999,0.15500564886507953
29385.0,0.15500631088950673
29385.001,0.15500697428948795
29385.002,0.15500763887229768
29385.003,0.15500830353834252
29385.004,0.15500896826703978
29385.005,0.15500963297704756
29385.006,0.15501029714619613
29385.007,0.15501096071808657
29385.008,0.1550116230406479
29385.009,0.15501228419448995
29385.01,0.15501294345995192
29385.011,0.1550136004081276
29385.012,0.15501425503230268
29385.013,0.15501490743058666
29385.014,0.15501555680940207
29385.015,0.15501620329701649
29385.016,0.15501684626814996
29385.017,0.15501748587289438
29385.018,0.15501812187011835
29385.019,0.1550187540917519
29385.02,0.15501938222292005
29385.021,0.15502000586292025
29385.022,0.15502062469519337
29385.023,0.15502123888654576
29385.024,0.1550218481059044
29385.025,0.15502245301823098
29385.026,0.1550230533450086
29385.027,0.15502364848254255
29385.028,0.15502423899666748
29385.029,0.15502482451519317
29385.03,0.15502540498012057
29385.031,0.15502598089834713
29385.032,0.1550265517989706
29385.033,0.1550271175574286
29385.034,0.1550276783026277
29385.035,0.15502823426379722
29385.036,0.15502878528618314
29385.037,0.15502933148449088
29385.038,0.15502987303548532
29385.039,0.1550304101602603
29385.04,0.15503094301369036
29385.041,0.15503147153571978
29385.042,0.15503199623179673
29385.043,0.15503251685625316
29385.044,0.15503303384329575
29385.045,0.15503354728565155
29385.046,0.15503405784752347
29385.047,0.1550345655471957
29385.048,0.1550350704717626
29385.049,0.15503557254001216
29385.05,0.1550360719206071
29385.051,0.15503656905545818
29385.052,0.15503706423661595
29385.053,0.1550375573130161
29385.054,0.15503804870729668
29385.055,0.15503853861578093
29385.056,0.1550390270258394
29385.057,0.15503951415316267
29385.058,0.15503999980283462
29385.059,0.1550404847120395
29385.06,0.1550409687460548
29385.061,0.15504145215715517
29385.062,0.15504193500734534
29385.063,0.155042417356348
29385.064,0.15504289917480177
29385.065,0.15504338081539565
29385.066,0.15504386185704772
29385.067,0.1550443426045114
29385.068,0.1550448233345195
29385.069,0.1550453036764347
29385.07,0.15504578360646717
29385.071,0.15504626290570087
29385.072,0.15504674173701502
29385.073,0.15504722013726713
29385.074,0.15504769810431782
29385.075,0.15504817553370043
29385.076,0.1550486521385752
29385.077,0.15504912793757616
29385.078,0.15504960313972996
29385.079,0.15505007741339827
29385.08,0.15505055068959392
29385.081,0.1550510227277248
29385.082,0.1550514935867088
29385.083,0.1550519629622228
29385.084,0.15505243085615464
29385.085,0.15505289745685172
29385.086,0.15505336225782382
29385.087,0.15505382496852665
29385.088,0.1550542852997863
29385.089,0.15505474335388603
29385.09,0.15505519899979922
29385.091,0.15505565222542544
29385.092,0.15505610282647847
29385.093,0.1550565506676078
29385.094,0.15505699558257108
29385.095,0.15505743742504027
29385.096,0.15505787622767364
29385.097,0.15505831177818927
29385.098,0.15505874366639444
29385.099,0.15505917196363084
29385.1,0.15505959662017893
29385.101,0.15506001828756047
29385.102,0.15506043610876208
29385.103,0.1550608500141965
29385.104,0.15506126037357307
29385.105,0.15506166702207777
29385.106,0.1550620694547129
29385.107,0.15506246785810285
29385.108,0.15506286199290062
29385.109,0.15506325238141797
29385.11,0.15506363866428827
29385.111,0.1550640208220422
29385.112,0.1550643989730596
29385.113,0.15506477314807293
29385.114,0.15506514320563264
29385.115,0.1550655092094973
29385.116,0.15506587119165804
29385.117,0.15506622892515315
29385.118,0.15506658252406497
29385.119,0.15506693197931842
29385.12,0.15506727737585205
29385.121,0.1550676189485587
29385.122,0.1550679571239314
29385.123,0.15506829193021543
29385.124,0.15506862298246532
29385.125,0.15506895020271017
29385.126,0.15506927344728405
29385.127,0.15506959253276031
29385.128,0.1550699084341641
29385.129,0.15507022096549444
29385.13,0.15507053002212107
29385.131,0.1550708355780156
29385.132,0.1550711377555758
29385.133,0.1550714363439623
29385.134,0.15507173165306118
29385.135,0.15507202353988223
29385.136,0.155072311885509
29385.137,0.1550725970017503
29385.138,0.15507287889063587
29385.139,0.1550731575419145
29385.14,0.15507343333415294
29385.141,0.15507370571289866
29385.142,0.15507397475726223
29385.143,0.15507424027943942
29385.144,0.15507450276393206
29385.145,0.1550747619225437
29385.146,0.15507501784587996
29385.147,0.15507527017932993
29385.148,0.15507551900546948
29385.149,0.15507576469675824
29385.15,0.15507600718328374
29385.151,0.15507624636292316
29385.152,0.15507648229859894
29385.153,0.15507671475777096
29385.154,0.1550769438689436
29385.155,0.1550771695061257
29385.156,0.15507739140894514
29385.157,0.15507760972563672
29385.158,0.15507782440756368
29385.159,0.15507803551625163
29385.16,0.15507824269944
29385.161,0.1550784459229502
29385.162,0.15507864527221013
29385.163,0.1550788405861206
29385.164,0.15507903172507076
29385.165,0.1550792190364605
29385.166,0.15507940198221754
29385.167,0.15507958061059465
29385.168,0.1550797547406651
29385.169,0.15507992352364242
29385.17,0.15508008713795216
29385.171,0.155080245499607
29385.172,0.1550803984360529
29385.173,0.15508054579602498
29385.174,0.1550806870301016
29385.175,0.1550808221944425
29385.176,0.15508095152840448
29385.177,0.1550810746466208
29385.178,0.15508119172762275
29385.179,0.15508130217029364
29385.18,0.15508140565935646
29385.181,0.15508150197195203
29385.182,0.15508159103234254
29385.183,0.15508167247946972
29385.184,0.1550817461233383
29385.185,0.1550818116718077
29385.186,0.15508186892028372
29385.187,0.15508191752017367
29385.188,0.1550819577203597
29385.189,0.15508198921252145
29385.19,0.1550820117252331
29385.191,0.1550820247281659
29385.192,0.15508202828155634
29385.193,0.1550820222447532
29385.194,0.15508200661489582
29385.195,0.1550819809758169
29385.196,0.15508194508507872
29385.197,0.1550818990400985
29385.198,0.15508184248100015
29385.199,0.15508177548413987
29385.2,0.15508169785179263
29385.201,0.1550816096766711
29385.202,0.15508151015775853
29385.203,0.15508139982740674
29385.204,0.15508127820704512
29385.205,0.1550811455147314
29385.206,0.15508100150592802
29385.207,0.15508084620653756
29385.208,0.1550806794206262
29385.209,0.1550805015304029
29385.21,0.15508031204054
29385.211,0.15508011117622073
29385.212,0.15507989922237314
29385.213,0.15507967644163206
29385.214,0.15507944246831354
29385.215,0.15507919722688449
29385.216,0.15507894059780813
29385.217,0.15507867282877802
29385.218,0.15507839438038215
29385.219,0.15507810488735344
29385.22,0.15507780443895755
29385.221,0.1550774929852004
29385.222,0.15507717058443418
29385.223,0.15507683712699544
29385.224,0.15507649255992967
29385.225,0.1550761369340705
29385.226,0.15507577065803568
29385.227,0.15507539373301063
29385.228,0.15507500642014455
29385.229,0.1550746083054856
29385.23,0.15507419957436672
29385.231,0.15507378045575965
29385.232,0.15507335085579493
29385.233,0.15507291048988772
29385.234,0.15507245988579668
29385.235,0.15507199899889915
29385.236,0.15507152785510825
29385.237,0.15507104613522707
29385.238,0.1550705540874926
29385.239,0.15507005180741112
29385.24,0.15506953916544852
29385.241,0.1550690157654408
29385.242,0.1550684821956176
29385.243,0.15506793871533261
29385.244,0.1550673850826707
29385.245,0.15506682149595735
29385.246,0.15506624788981777
29385.247,0.15506566416917505
29385.248,0.15506507036147468
29385.249,0.15506446663563325
29385.25,0.1550638529445454
29385.251,0.15506322957968505
29385.252,0.1550625967992249
29385.253,0.15506195426962516
29385.254,0.15506130207561294
29385.255,0.15506064063761898
29385.256,0.15505997015050668
29385.257,0.1550592905573194
29385.258,0.1550586017293451
29385.259,0.15505790379653947
29385.26,0.15505719675329607
29385.261,0.15505648107611855
29385.262,0.15505575713407593
29385.263,0.15505502506916488
29385.264,0.15505428517045736
29385.265,0.1550535378082632
29385.266,0.15505278229981329
29385.267,0.15505201927829226
29385.268,0.15505124912014925
29385.269,0.15505047215652265
29385.27,0.15504968888201576
29385.271,0.15504889988078183
29385.272,0.1550481049847519
29385.273,0.15504730489403284
29385.274,0.15504649936915144
29385.275,0.1550456892821632
29385.276,0.15504487454862903
29385.277,0.1550440550154591
29385.278,0.1550432314006235
29385.279,0.15504240412780812
29385.28,0.15504157363042242
29385.281,0.1550407405370944
29385.282,0.15503990506293358
29385.283,0.15503906757068092
29385.284,0.1550382285521766
29385.285,0.15503738843724174
29385.286,0.15503654760567295
29385.287,0.15503570660494836
29385.288,0.15503486577437509
29385.289,0.15503402529929436
29385.29,0.155033185578236
29385.291,0.155032346637795
29385.292,0.1550315089466503
29385.293,0.15503067269281384
29385.294,0.15502983808874043
29385.295,0.15502900543065287
29385.296,0.15502817536767585
29385.297,0.15502734866779772
29385.298,0.1550265253838482
29385.299,0.15502570548602287
29385.3,0.1550248892166932
29385.301,0.1550240768876489
29385.302,0.1550232683789665
29385.303,0.15502246422723098
29385.304,0.15502166436925113
29385.305,0.15502086945729673
29385.306,0.15502007928155098
29385.307,0.1550192937187833
29385.308,0.1550185131975047
29385.309,0.155017737577657
29385.31,0.15501696678116525
29385.311,0.155016200723729
29385.312,0.1550154394217162
29385.313,0.15501468313988384
29385.314,0.15501393179071968
29385.315,0.15501318533380143
29385.316,0.15501244361117508
29385.317,0.15501170684869048
29385.318,0.15501097474837383
29385.319,0.1550102470351309
29385.32,0.15500952364790374
29385.321,0.15500880426417524
29385.322,0.1550080888244249
29385.323,0.1550073771945298
29385.324,0.1550066692224056
29385.325,0.15500596472841266
29385.326,0.15500526378500468
29385.327,0.15500456564769233
29385.328,0.15500387014592978
29385.329,0.155003177414067
29385.33,0.15500248723692434
29385.331,0.1550017993072946
29385.332,0.15500111315421491
29385.333,0.15500042882319456
29385.334,0.15499974572421013
29385.335,0.15499906345235695
29385.336,0.1549983816987281
29385.337,0.15499770032497334
29385.338,0.1549970191084495
29385.339,0.15499633797892357
29385.34,0.15499565654564626
29385.341,0.15499497448730587
29385.342,0.15499429173137055
29385.343,0.15499360754214042
29385.344,0.1549929218834719
29385.345,0.15499223433899098
29385.346,0.15499154449729077
29385.347,0.15499085225187587
29385.348,0.15499015770647157
29385.349,0.15498946055842033
29385.35,0.1549887606060142
29385.351,0.15498805767436902
29385.352,0.1549873512824036
29385.353,0.1549866409244845
29385.354,0.15498592684608173
29385.355,0.1549852090305683
29385.356,0.15498448691089256
29385.357,0.15498376004306255
29385.358,0.15498302873471143
29385.359,0.1549822921818952
29385.36,0.15498155058629123
29385.361,0.1549808039619421
29385.362,0.15498005217582803
29385.363,0.1549792952456054
29385.364,0.15497853269366035
29385.365,0.15497776448203032
29385.366,0.15497699043517918
29385.367,0.15497621098392447
29385.368,0.15497542599447314
29385.369,0.15497463497285532
29385.37,0.15497383790071645
29385.371,0.15497303502332002
29385.372,0.15497222572206237
29385.373,0.15497141047523758
29385.374,0.1549705887246855
29385.375,0.1549697611239879
29385.376,0.1549689272327551
29385.377,0.15496808658480815
29385.378,0.1549672398145183
29385.379,0.1549663867679341
29385.38,0.15496552755754492
29385.381,0.15496466229535802
29385.382,0.15496379109617636
29385.383,0.1549629138685652
29385.384,0.15496203052947177
29385.385,0.15496114146429443
29385.386,0.15496024663001745
29385.387,0.15495934597505928
29385.388,0.1549584396765522
29385.389,0.15495752804651344
29385.39,0.15495661087209844
29385.391,0.15495568817414027
29385.392,0.15495476058924157
29385.393,0.1549538279580566
29385.394,0.15495289029748333
29385.395,0.15495194813148128
29385.396,0.1549510015225855
29385.397,0.1549500504277839
29385.398,0.1549490950153003
29385.399,0.1549481353828051
29385.4,0.1549471717454718
29385.401,0.15494620497404307
29385.402,0.1549452350205116
29385.403,0.15494426199250677
29385.404,0.15494328559243328
29385.405,0.1549423067907201
29385.406,0.15494132542782524
29385.407,0.15494034156203676
29385.408,0.15493935584276547
29385.409,0.1549383684285572
29385.41,0.15493737959385312
29385.411,0.15493638941136728
29385.412,0.15493539857198768
29385.413,0.1549344075192455
29385.414,0.15493341612608147
29385.415,0.15493242444491842
29385.416,0.15493143312940222
29385.417,0.15493044273140838
29385.418,0.1549294531940339
29385.419,0.15492846476845595
29385.42,0.15492747781273564
29385.421,0.15492649257472965
29385.422,0.15492550957768675
29385.423,0.15492452907053608
29385.424,0.1549235511563275
29385.425,0.15492257575913054
29385.426,0.15492160320061388
29385.427,0.15492063379127316
29385.428,0.15491966801042045
29385.429,0.15491870605984714
29385.43,0.15491774793271157
29385.431,0.15491679394235947
29385.432,0.1549158440929755
29385.433,0.154914898790175
29385.434,0.15491395791159981
29385.435,0.1549130218351133
29385.436,0.15491209069826475
29385.437,0.15491116473345842
29385.438,0.15491024418626528
29385.439,0.15490932922641942
29385.44,0.1549084195149102
29385.441,0.15490751505819483
29385.442,0.15490661579002168
29385.443,0.15490572154355386
29385.444,0.15490483249919815
29385.445,0.15490394805983565
29385.446,0.15490306888654895
29385.447,0.15490219500424754
29385.448,0.15490132632496256
29385.449,0.15490046246894135
29385.45,0.15489960332836133
29385.451,0.1548987488483508
29385.452,0.15489789898788014
29385.453,0.1548970535365518
29385.454,0.15489621244235957
29385.455,0.1548953755876381
29385.456,0.15489454220182483
29385.457,0.15489371198591953
29385.458,0.15489288488417738
29385.459,0.15489206059198213
29385.46,0.154891239028235
29385.461,0.1548904199198696
29385.462,0.1548896032354104
29385.463,0.1548887886050107
29385.464,0.15488797550495442
29385.465,0.15488716378791878
29385.466,0.15488635308276988
29385.467,0.15488554324676496
29385.468,0.15488473364451577
29385.469,0.15488392412763938
29385.47,0.15488311453899833
29385.471,0.1548823042690217
29385.472,0.15488149302777784
29385.473,0.15488068056927481
29385.474,0.15487986665322956
29385.475,0.15487905072402966
29385.476,0.15487823295000036
29385.477,0.15487741304268574
29385.478,0.154876591426687
29385.479,0.15487576744015938
29385.48,0.15487494101435773
29385.481,0.15487411192104267
29385.482,0.15487328009576387
29385.483,0.1548724451776459
29385.484,0.15487160706741693
29385.485,0.15487076600903826
29385.486,0.15486992144181547
29385.487,0.15486907312191317
29385.488,0.15486822134935785
29385.489,0.15486736620812178
29385.49,0.1548665071525029
29385.491,0.15486564486787738
29385.492,0.15486477924311456
29385.493,0.1548639099961689
29385.494,0.15486303746852675
29385.495,0.15486216187725815
29385.496,0.1548612830008772
29385.497,0.15486040092786
29385.498,0.1548595162573245
29385.499,0.15485862897086503
29385.5,0.15485773923803695
29385.501,0.15485684746547632
29385.502,0.15485595354785925
29385.503,0.15485505777940106
29385.504,0.1548541605376962
29385.505,0.1548532624554619
29385.506,0.15485236318071882
29385.507,0.1548514630182918
29385.508,0.15485056238071457
29385.509,0.15484966124591285
29385.51,0.15484875976146215
29385.511,0.15484785794379405
29385.512,0.15484695662338133
29385.513,0.1548460560680735
29385.514,0.1548451569531817
29385.515,0.15484425936091747
29385.516,0.15484336345916308
29385.517,0.15484246932873916
29385.518,0.15484157709715482
29385.519,0.15484068749810168
29385.52,0.1548398006178512
29385.521,0.15483891650859047
29385.522,0.15483803597673332
29385.523,0.15483715894607883
29385.524,0.15483628519838588
29385.525,0.15483541521484454
29385.526,0.15483454915537653
29385.527,0.1548336866645295
29385.528,0.15483282812787377
29385.529,0.154831974019979
29385.53,0.15483112407539945
29385.531,0.15483027862054052
29385.532,0.15482943774166202
29385.533,0.1548286016578654
29385.534,0.15482777026148128
29385.535,0.15482694361697566
29385.536,0.15482612185342673
29385.537,0.15482530487958446
29385.538,0.15482449270634174
29385.539,0.15482368530008514
29385.54,0.15482288291015575
29385.541,0.15482208508739367
29385.542,0.15482129207612796
29385.543,0.15482050354069174
29385.544,0.15481971929509167
29385.545,0.1548189393212829
29385.546,0.15481816393830625
29385.547,0.15481739282764057
29385.548,0.1548166258513963
29385.549,0.15481586275375023
29385.55,0.15481510371488236
29385.551,0.1548143487457966
29385.552,0.15481359751985188
29385.553,0.15481284963968875
29385.554,0.15481210532228362
29385.555,0.15481136487112307
29385.556,0.15481062763254927
29385.557,0.15480989383404953
29385.558,0.1548091633996956
29385.559,0.15480843655930762
29385.56,0.15480771288621176
29385.561,0.15480699250755836
29385.562,0.15480627498595473
29385.563,0.1548055606822801
29385.564,0.15480484941980693
29385.565,0.15480414094106537
29385.566,0.15480343526614992
29385.567,0.15480273252193508
29385.568,0.15480203276025806
29385.569,0.15480133625661646
29385.57,0.154800642861572
29385.571,0.15479995265356142
29385.572,0.15479926588703696
29385.573,0.15479858264377339
29385.574,0.15479790262950158
29385.575,0.15479722585988517
29385.576,0.1547965529695699
29385.577,0.15479588309633804
29385.578,0.15479521678794134
29385.579,0.15479455413957138
29385.58,0.15479389537801164
29385.581,0.1547932406053536
29385.582,0.15479258992644426
29385.583,0.15479194355711481
29385.584,0.15479130135190203
29385.585,0.15479066376903006
29385.586,0.15479003071339106
29385.587,0.15478940202804653
29385.588,0.15478877845968061
29385.589,0.1547881599742222
29385.59,0.15478754608317805
29385.591,0.15478693728275789
29385.592,0.1547863329615746
29385.593,0.15478573322192968
29385.594,0.15478513868217733
29385.595,0.15478454918454823
29385.596,0.1547839645886893
29385.597,0.15478338516271004
29385.598,0.1547828110504157
29385.599,0.15478224234368781
29385.6,0.1547816788292742
29385.601,0.1547811208133737
29385.602,0.15478056800946335
29385.603,0.15478002014758135
29385.604,0.1547794772539653
29385.605,0.15477893986513133
29385.606,0.154778407749543
29385.607,0.15477788097139733
29385.608,0.15477735921261088
29385.609,0.15477684262301222
29385.61,0.15477633112484168
29385.611,0.1547758248329054
29385.612,0.15477532451285314
29385.613,0.15477482989791436
29385.614,0.15477434062400733
29385.615,0.15477385638429944
29385.616,0.15477337782781894
29385.617,0.15477290481904793
29385.618,0.1547724372728927
29385.619,0.1547719754976573
29385.62,0.1547715194522055
29385.621,0.1547710695110123
29385.622,0.15477062585914775
29385.623,0.15477018811906465
29385.624,0.1547697564936024
29385.625,0.154769331480429
29385.626,0.154768913112312
29385.627,0.15476850140702797
29385.628,0.15476809720223406
29385.629,0.1547677001132281
29385.63,0.15476731050094578
29385.631,0.15476692885018384
29385.632,0.1547665552029451
29385.633,0.154766189821987
29385.634,0.15476583260990942
29385.635,0.15476548390218348
29385.636,0.15476514436746353
29385.637,0.15476481380238385
29385.638,0.15476449241809165
29385.639,0.1547641803296344
29385.64,0.1547638774974457
29385.641,0.15476358378250066
29385.642,0.15476329975483072
29385.643,0.15476302539639028
29385.644,0.15476276093318114
29385.645,0.15476250673277173
29385.646,0.1547622629047709
29385.647,0.1547620295851005
29385.648,0.15476180671417628
29385.649,0.15476159426787353
29385.65,0.15476139283249124
29385.651,0.15476120238274801
29385.652,0.15476102252900736
29385.653,0.15476085351986213
29385.654,0.15476069516563626
29385.655,0.15476054741115514
29385.656,0.15476040992343099
29385.657,0.15476028261222885
29385.658,0.1547601654831894
29385.659,0.15476005853232055
29385.66,0.15475996130729586
29385.661,0.15475987384743486
29385.662,0.15475979611301208
29385.663,0.15475972823750214
29385.664,0.15475966955735734
29385.665,0.15475961989671916
29385.666,0.154759579207521
29385.667,0.15475954750547186
29385.668,0.15475952446072194
29385.669,0.15475950938174382
29385.67,0.15475950218847662
29385.671,0.15475950277359238
29385.672,0.15475951106910368
29385.673,0.15475952672274756
29385.674,0.15475954916859957
29385.675,0.15475957892344636
29385.676,0.15475961522987555
29385.677,0.1547596577030552
29385.678,0.15475970663530578
29385.679,0.15475976165751915
29385.68,0.15475982221066711
29385.681,0.15475988835446397
29385.682,0.15475995966556463
29385.683,0.15476003574512073
29385.684,0.15476011637507212
29385.685,0.1547602013435873
29385.686,0.15476029059729876
29385.687,0.15476038385646512
29385.688,0.1547604810930052
29385.689,0.1547605818146906
29385.69,0.1547606857197583
29385.691,0.15476079311962898
29385.692,0.15476090364197628
29385.693,0.15476101718312488
29385.694,0.1547611336112736
29385.695,0.1547612523177487
29385.696,0.1547613732388388
29385.697,0.15476149648953375
29385.698,0.15476162187331413
29385.699,0.15476174956736302
29385.7,0.1547618789108567
29385.701,0.15476200990808897
29385.702,0.15476214253527723
29385.703,0.15476227681176907
29385.704,0.15476241254859324
29385.705,0.1547625499054756
29385.706,0.1547626878984301
29385.707,0.1547628265364403
29385.708,0.15476296567552844
29385.709,0.15476310572313814
29385.71,0.15476324614732687
29385.711,0.15476338713908244
29385.712,0.15476352863361179
29385.713,0.1547636701715535
29385.714,0.15476381138681378
29385.715,0.15476395255790373
29385.716,0.1547640938197101
29385.717,0.15476423468470854
29385.718,0.15476437555502387
29385.719,0.15476451628569302
29385.72,0.15476465690800417
29385.721,0.15476479737106263
29385.722,0.1547649373194071
29385.723,0.1547650767380709
29385.724,0.15476521545771793
29385.725,0.15476535407186065
29385.726,0.15476549216191407
29385.727,0.15476562940251395
29385.728,0.1547657665581806
29385.729,0.15476590365017545
29385.73,0.15476604092597282
29385.731,0.15476617783672927
29385.732,0.15476631457136186
29385.733,0.1547664510892692
29385.734,0.15476658760382916
29385.735,0.15476672429641378
29385.736,0.15476686110333865
29385.737,0.1547669976186797
29385.738,0.15476713482442195
29385.739,0.15476727279074642
29385.74,0.1547674110870327
29385.741,0.1547675501726105
29385.742,0.1547676902372674
29385.743,0.15476783133001107
29385.744,0.15476797340768664
29385.745,0.15476811686858202
29385.746,0.15476826170285704
29385.747,0.1547684084209498
29385.748,0.15476855680233603
29385.749,0.1547687071780163
29385.75,0.15476885981615685
29385.751,0.15476901478714472
29385.752,0.1547691717068905
29385.753,0.1547693307095979
29385.754,0.1547694922900442
29385.755,0.15476965674278068
29385.756,0.1547698237910981
29385.757,0.15476999386230242
29385.758,0.15477016717582126
29385.759,0.15477034354871685
29385.76,0.15477052309362285
29385.761,0.15477070578797955
29385.762,0.15477089182053927
29385.763,0.15477108123152236
29385.764,0.15477127387659154
29385.765,0.15477147003517522
29385.766,0.1547716696624201
29385.767,0.15477187253006303
29385.768,0.15477207878322105
29385.769,0.1547722881936976
29385.77,0.15477250103462106
29385.771,0.15477271724136848
29385.772,0.15477293671869774
29385.773,0.15477315928283508
29385.774,0.15477338444506816
29385.775,0.15477361270113105
29385.776,0.1547738431515534
29385.777,0.15477407606993895
29385.778,0.15477431150068174
29385.779,0.15477454922497874
29385.78,0.1547747888928303
29385.781,0.15477503063953535
29385.782,0.1547752741090491
29385.783,0.15477551915038576
29385.784,0.15477576577766017
29385.785,0.1547760137713482
29385.786,0.15477626295790436
29385.787,0.1547765131246077
29385.788,0.15477676413387967
29385.789,0.15477701612751035
29385.79,0.1547772684276669
29385.791,0.1547775209974735
29385.792,0.15477777382102587
29385.793,0.15477802668049306
29385.794,0.15477827965038232
29385.795,0.15477853279828435
29385.796,0.1547787859325257
29385.797,0.15477903932450424
29385.798,0.1547792925884301
29385.799,0.15477954565837826
29385.8,0.1547797981565978
29385.801,0.15478005020995395
29385.802,0.15478030194105638
29385.803,0.15478055301800592
29385.804,0.1547808034364083
29385.805,0.1547810534425071
29385.806,0.15478130264351994
29385.807,0.1547815516793823
29385.808,0.1547818004079737
29385.809,0.15478204897147257
29385.81,0.15478229721915032
29385.811,0.1547825457176219
29385.812,0.15478279429035352
29385.813,0.15478304319647504
29385.814,0.154783292668751
29385.815,0.15478354306246805
29385.816,0.15478379436256806
29385.817,0.15478404645424726
29385.818,0.15478429960530765
29385.819,0.1547845540679106
29385.82,0.15478481025699495
29385.821,0.154785067929869
29385.822,0.15478532741058068
29385.823,0.1547855890792561
29385.824,0.1547858529338654
29385.825,0.15478611937070458
29385.826,0.15478638823082097
29385.827,0.15478666009208436
29385.828,0.15478693541428307
29385.829,0.15478721412650637
29385.83,0.1547874961502144
29385.831,0.15478778166180635
29385.832,0.15478807141089923
29385.833,0.15478836520954603
29385.834,0.15478866310191014
29385.835,0.1547889651540106
29385.836,0.1547892720233188
29385.837,0.15478958342278212
29385.838,0.15478989974740362
29385.839,0.15479022062212525
29385.84,0.15479054625180047
29385.841,0.1547908771739841
29385.842,0.15479121329150614
29385.843,0.15479155462378552
29385.844,0.15479190100106624
29385.845,0.15479225280568512
29385.846,0.1547926098533974
29385.847,0.15479297228598524
29385.848,0.15479333980600324
29385.849,0.15479371277460588
29385.85,0.15479409085422538
29385.851,0.1547944741076486
29385.852,0.15479486259113429
29385.853,0.15479525626791685
29385.854,0.15479565494571731
29385.855,0.15479605872717342
29385.856,0.15479646715847736
29385.857,0.15479688046496567
29385.858,0.15479729827650007
29385.859,0.15479772074211381
29385.86,0.1547981477214175
29385.861,0.15479857902046337
29385.862,0.15479901443898778
29385.863,0.15479945373233944
29385.864,0.15479989685758877
29385.865,0.15480034384631627
29385.866,0.15480079435470817
29385.867,0.1548012480560221
29385.868,0.15480170520787873
29385.869,0.15480216544525788
29385.87,0.15480262864990021
29385.871,0.15480309493200867
29385.872,0.15480356395467584
29385.873,0.15480403546456398
29385.874,0.15480450955041858
29385.875,0.15480498641045984
29385.876,0.1548054653471427
29385.877,0.15480594643803877
29385.878,0.15480642989638904
29385.879,0.15480691537245228
29385.88,0.15480740262987513
29385.881,0.1548078918689913
29385.882,0.15480838290189355
29385.883,0.15480887528843992
29385.884,0.15480936913840115
29385.885,0.15480986422108964
29385.886,0.15481036048908509
29385.887,0.1548108581162346
29385.888,0.1548113568213364
29385.889,0.1548118565964896
29385.89,0.15481235729870768
29385.891,0.15481285908693015
29385.892,0.15481336207402857
29385.893,0.15481386583499002
29385.894,0.15481437059636732
29385.895,0.1548148759818543
29385.896,0.1548153822820216
29385.897,0.15481588916880554
29385.898,0.15481639645549733
29385.899,0.1548169042792977
29385.9,0.15481741259462192
29385.901,0.15481792122442595
29385.902,0.1548184302079498
29385.903,0.15481893930105525
29385.904,0.15481944855337526
29385.905,0.15481995816056154
29385.906,0.15482046773247962
29385.907,0.15482097721041052
29385.908,0.1548214864389414
29385.909,0.15482199544643152
29385.91,0.15482250414074225
29385.911,0.15482301251429287
29385.912,0.15482352067895327
29385.913,0.15482402864679945
29385.914,0.15482453627435702
29385.915,0.1548250433921984
29385.916,0.15482554977965374
29385.917,0.15482605575856992
29385.918,0.1548265611744416
29385.919,0.15482706600862078
29385.92,0.1548275701192043
29385.921,0.15482807357325332
29385.922,0.1548285764714898
29385.923,0.15482907878651472
29385.924,0.15482958038632116
29385.925,0.15483008159705963
29385.926,0.15483058249774548
29385.927,0.15483108292168116
29385.928,0.15483158321818
29385.929,0.15483208333882964
29385.93,0.1548325833598625
29385.931,0.15483308319871725
29385.932,0.15483358320425383
29385.933,0.15483408304936777
29385.934,0.15483458302996023
29385.935,0.15483508351074235
29385.936,0.15483558440118775
29385.937,0.1548360857120893
29385.938,0.1548365879605067
29385.939,0.15483709110407012
29385.94,0.15483759508490527
29385.941,0.15483810001637327
29385.942,0.15483860625392776
29385.943,0.15483911394589772
29385.944,0.15483962330062018
29385.945,0.15484013465986532
29385.946,0.154840648137622
29385.947,0.15484116417600274
29385.948,0.1548416825733927
29385.949,0.15484220358800585
29385.95,0.1548427269548611
29385.951,0.15484325308730845
29385.952,0.15484378222643178
29385.953,0.15484431410822763
29385.954,0.15484484913727226
29385.955,0.1548453881421088
29385.956,0.1548459304100098
29385.957,0.15484647645203445
29385.958,0.1548470263568475
29385.959,0.15484758034526103
29385.96,0.15484813835649391
29385.961,0.1548487008897298
29385.962,0.15484926809731744
29385.963,0.15484984011763636
29385.964,0.15485041699540117
29385.965,0.15485099887617013
29385.966,0.1548515855646939
29385.967,0.15485217710287574
29385.968,0.1548527737240782
29385.969,0.1548533754178167
29385.97,0.1548539823953582
29385.971,0.15485459497229548
29385.972,0.15485521272101413
29385.973,0.1548558359129447
29385.974,0.15485646457070235
29385.975,0.15485709849278792
29385.976,0.15485773789073262
29385.977,0.15485838277840633
29385.978,0.15485903353442929
29385.979,0.15485968984876772
29385.98,0.1548603519375925
29385.981,0.15486101989763174
29385.982,0.1548616938216057
29385.983,0.15486237322633695
29385.984,0.15486305833242747
29385.985,0.15486374911463807
29385.986,0.15486444553676887
29385.987,0.1548651476375469
29385.988,0.15486585534195088
29385.989,0.1548665688480181
29385.99,0.15486728780397502
29385.991,0.15486801223911142
29385.992,0.1548687422875354
29385.993,0.1548694777019728
29385.994,0.15487021869119685
29385.995,0.1548709652182938
29385.996,0.15487171763892424
29385.997,0.15487247513827412
29385.998,0.15487323808955447
29385.999,0.15487400627551887
29386.0,0.15487477957068066
29386.001,0.15487555809105558
29386.002,0.15487634219458846
29386.003,0.15487713126076405
29386.004,0.15487792538744072
29386.005,0.1548787246154918
29386.006,0.15487952869708652
29386.007,0.15488033742750376
29386.008,0.15488115115790138
29386.009,0.15488197004165544
29386.01,0.15488279370438668
29386.011,0.15488362235352304
29386.012,0.1548844559461816
29386.013,0.15488529416858524
29386.014,0.15488613685917266
29386.015,0.15488698363602293
29386.016,0.1548878345921302
29386.017,0.15488868984383478
29386.018,0.15488954879639277
29386.019,0.15489041136844225
29386.02,0.1548912776478502
29386.021,0.15489214759852596
29386.022,0.15489302108858452
29386.023,0.1548938980264394
29386.024,0.1548947781159664
29386.025,0.15489566146974518
29386.026,0.154896548005046
29386.027,0.15489743732271918
29386.028,0.15489832959366795
29386.029,0.15489922436466724
29386.03,0.1549001215275641
29386.031,0.15490102079430199
29386.032,0.15490192209646217
29386.033,0.15490282487776336
29386.034,0.15490372931284097
29386.035,0.1549046350843326
29386.036,0.1549055420970301
29386.037,0.15490645007167808
29386.038,0.1549073587108851
29386.039,0.15490826792975892
29386.04,0.15490917747386698
29386.041,0.15491008728487787
29386.042,0.15491099729624655
29386.043,0.1549119071129205
29386.044,0.15491281674015503
29386.045,0.15491372612827467
29386.046,0.15491463513347364
29386.047,0.15491554334876015
29386.048,0.15491645037278431
29386.049,0.1549173565151919
29386.05,0.15491826146853538
29386.051,0.154919165424726
29386.052,0.15492006836289968
29386.053,0.15492096964927676
29386.054,0.15492186918036646
29386.055,0.15492276730936508
29386.056,0.1549236633298195
29386.057,0.15492455735672128
29386.058,0.15492544941346684
29386.059,0.15492633961487629
29386.06,0.15492722776785714
29386.061,0.15492811403605808
29386.062,0.154928998387043
29386.063,0.15492988071999642
29386.064,0.15493076094138822
29386.065,0.15493163908645682
29386.066,0.15493251491604174
29386.067,0.15493338876139773
29386.068,0.15493426041779826
29386.069,0.15493513001123246
29386.07,0.15493599763206936
29386.071,0.15493686329612535
29386.072,0.1549377267066863
29386.073,0.15493858814215591
29386.074,0.15493944758445405
29386.075,0.1549403051653025
29386.076,0.15494116124606236
29386.077,0.15494201542677377
29386.078,0.15494286823989745
29386.079,0.15494371984409985
29386.08,0.1549445701816632
29386.081,0.1549454190881362
29386.082,0.15494626666623595
29386.083,0.15494711269542738
29386.084,0.15494795773832484
29386.085,0.1549488015711757
29386.086,0.15494964462774438
29386.087,0.15495048672126643
29386.088,0.15495132790035
29386.089,0.15495216825903899
29386.09,0.1549530075894207
29386.091,0.15495384652222594
29386.092,0.1549546848887738
29386.093,0.15495552287906827
29386.094,0.15495636055085932
29386.095,0.1549571978075312
29386.096,0.1549580347554394
29386.097,0.1549588713267133
29386.098,0.15495970785445115
29386.099,0.15496054400985118
29386.1,0.15496137989503392
29386.101,0.1549622154447542
29386.102,0.1549630503706403
29386.103,0.15496388441078063
29386.104,0.15496471797679148
29386.105,0.15496555110826038
29386.106,0.15496638373556348
29386.107,0.1549672155410335
29386.108,0.15496804668955005
29386.109,0.15496887689955635
29386.11,0.15496970601329932
29386.111,0.15497053423404308
29386.112,0.1549713611765434
29386.113,0.15497218689008596
29386.114,0.15497301129194943
29386.115,0.1549738339704394
29386.116,0.15497465514826972
29386.117,0.15497547434981265
29386.118,0.15497629149008257
29386.119,0.1549771065413325
29386.12,0.15497791921818913
29386.121,0.15497872942822793
29386.122,0.15497953698986372
29386.123,0.15498034157082302
29386.124,0.1549811431520035
29386.125,0.1549819416461893
29386.126,0.15498273686985023
29386.127,0.15498352838574567
29386.128,0.15498431638331533
29386.129,0.15498510088788392
29386.13,0.15498588160326446
29386.131,0.15498665833427344
29386.132,0.15498743118624853
29386.133,0.15498819995095012
29386.134,0.15498896446044327
29386.135,0.1549897244155268
29386.136,0.15499047985495873
29386.137,0.15499123059869313
29386.138,0.15499197666278108
29386.139,0.15499271791615782
29386.14,0.15499345455544586
29386.141,0.1549941861604774
29386.142,0.15499491320104142
29386.143,0.15499563525790297
29386.144,0.1549963525142711
29386.145,0.15499706492431053
29386.146,0.15499777261129338
29386.147,0.1549984754453312
29386.148,0.15499917328532667
29386.149,0.1549998663750959
29386.15,0.15500055435715832
29386.151,0.15500123761365686
29386.152,0.15500191620194426
29386.153,0.15500258980299036
29386.154,0.15500325868816575
29386.155,0.15500392363108373
29386.156,0.15500458384957927
29386.157,0.15500523959424603
29386.158,0.15500589119923538
29386.159,0.1550065386241311
29386.16,0.1550071818582817
29386.161,0.15500782090577064
29386.162,0.1550084561508614
29386.163,0.15500908765960528
29386.164,0.15500971518131498
29386.165,0.15501033893196298
29386.166,0.15501095881062513
29386.167,0.15501157493371076
29386.168,0.15501218740652467
29386.169,0.15501279653936523
29386.17,0.15501340217838466
29386.171,0.15501400428317946
29386.172,0.1550146028876267
29386.173,0.1550151980982086
29386.174,0.15501578968780574
29386.175,0.1550163779897735
29386.176,0.15501696291715392
29386.177,0.155017544123047
29386.178,0.15501812241385213
29386.179,0.15501869747552674
29386.18,0.15501926894037193
29386.181,0.1550198370802943
29386.182,0.15502040155161473
29386.183,0.15502096235311627
29386.184,0.1550215195281519
29386.185,0.15502207271102658
29386.186,0.15502262215203463
29386.187,0.15502316736025556
29386.188,0.15502370885672045
29386.189,0.15502424648749846
29386.19,0.1550247797280431
29386.191,0.1550253086265773
29386.192,0.15502583322236307
29386.193,0.15502635337746057
29386.194,0.15502686894741258
29386.195,0.1550273797259861
29386.196,0.15502788604979392
29386.197,0.15502838750780693
29386.198,0.15502888362008527
29386.199,0.1550293745034456
29386.2,0.15502986012393893
29386.201,0.15503034041057462
29386.202,0.1550308152125063
29386.203,0.15503128451143874
29386.204,0.1550317481817308
29386.205,0.15503220606718163
29386.206,0.1550326579420226
29386.207,0.15503310353592453
29386.208,0.15503354319403534
29386.209,0.15503397678597944
29386.21,0.1550344044970471
29386.211,0.15503482589361792
29386.212,0.15503524143086317
29386.213,0.1550356509946725
29386.214,0.1550360544651223
29386.215,0.1550364517093347
29386.216,0.155036843133433
29386.217,0.1550372284837909
29386.218,0.1550376078141708
29386.219,0.15503798106666736
29386.22,0.15503834850331308
29386.221,0.155038710090443
29386.222,0.15503906606237466
29386.223,0.15503941650414227
29386.224,0.15503976143384582
29386.225,0.15504010099986237
29386.226,0.15504043519697464
29386.227,0.1550407643346018
29386.228,0.15504108893111476
29386.229,0.15504140923732826
29386.23,0.15504172509891934
29386.231,0.15504203677398887
29386.232,0.15504234447308826
29386.233,0.15504264809186155
29386.234,0.15504294791860487
29386.235,0.15504324440574943
29386.236,0.1550435377586533
29386.237,0.15504382791100108
29386.238,0.15504411527300538
29386.239,0.15504440002845765
29386.24,0.15504468253184836
29386.241,0.1550449628237823
29386.242,0.15504524167491374
29386.243,0.1550455188669295
29386.244,0.15504579497620838
29386.245,0.15504607023789535
29386.246,0.1550463449937614
29386.247,0.15504661940352482
29386.248,0.15504689343584052
29386.249,0.15504716763825133
29386.25,0.15504744240206797
29386.251,0.15504771788069352
29386.252,0.15504799405612243
29386.253,0.1550482709210317
29386.254,0.15504854904713786
29386.255,0.15504882901348513
29386.256,0.15504911005793676
29386.257,0.15504939276762839
29386.258,0.1550496773827292
29386.259,0.15504996399648804
29386.26,0.15505025286520974
29386.261,0.15505054410558303
29386.262,0.15505083802580155
29386.263,0.155051134349095
29386.264,0.15505143316753126
29386.265,0.15505173482818183
29386.266,0.15505203927255265
29386.267,0.1550523466192161
29386.268,0.15505265693365713
29386.269,0.15505296998839174
29386.27,0.15505328561431755
29386.271,0.1550536039724355
29386.272,0.15505392489881978
29386.273,0.15505424814208774
29386.274,0.15505457361871258
29386.275,0.15505490159315047
29386.276,0.1550552316010065
29386.277,0.1550555635381991
29386.278,0.15505589738984826
29386.279,0.1550562329759519
29386.28,0.15505657003093204
29386.281,0.15505690834458202
29386.282,0.1550572475427515
29386.283,0.1550575874735106
29386.284,0.15505792780391128
29386.285,0.155058268267843
29386.286,0.155058608634865
29386.287,0.1550589484138511
29386.288,0.1550592875066491
29386.289,0.1550596254939726
29386.29,0.15505996175909992
29386.291,0.15506029662482113
29386.292,0.1550606294820952
29386.293,0.15506096008321027
29386.294,0.1550612881771998
29386.295,0.15506161362074788
29386.296,0.15506193634707957
29386.297,0.15506225595120765
29386.298,0.15506257200817744
29386.299,0.15506288449841193
29386.3,0.15506319278724892
29386.301,0.15506349689016374
29386.302,0.15506379642110277
29386.303,0.15506409141607086
29386.304,0.15506438152227545
29386.305,0.15506466691708773
29386.306,0.1550649473638137
29386.307,0.1550652226646245
29386.308,0.15506549276335488
29386.309,0.15506575785400187
29386.31,0.15506601780554002
29386.311,0.15506627238802395
29386.312,0.1550665220675694
29386.313,0.1550667664806102
29386.314,0.15506700584574395
29386.315,0.15506723990124513
29386.316,0.15506746864644153
29386.317,0.15506769253112979
29386.318,0.15506791179855828
29386.319,0.15506812652213056
29386.32,0.15506833691914412
29386.321,0.1550685428833111
29386.322,0.15506874505980436
29386.323,0.15506894303930713
29386.324,0.15506913695674665
29386.325,0.15506932725044464
29386.326,0.15506951422045387
29386.327,0.1550696979934104
29386.328,0.15506987870044497
29386.329,0.15507005641619884
29386.33,0.15507023146312693
29386.331,0.1550704040332628
29386.332,0.15507057422740517
29386.333,0.15507074204516338
29386.334,0.15507090795669076
29386.335,0.15507107209616305
29386.336,0.15507123457903357
29386.337,0.15507139519813265
29386.338,0.15507155492207048
29386.339,0.15507171352378996
29386.34,0.15507187105083822
29386.341,0.1550720274156633
29386.342,0.15507218282240284
29386.343,0.1550723372010976
29386.344,0.155072490527158
29386.345,0.15507264296165496
29386.346,0.15507279466209234
29386.347,0.15507294544651629
29386.348,0.15507309524469212
29386.349,0.15507324432394537
29386.35,0.15507339254208388
29386.351,0.155073539499755
29386.352,0.1550736852483778
29386.353,0.15507382952259033
29386.354,0.15507397279982385
29386.355,0.15507411471441798
29386.356,0.15507425471890085
29386.357,0.1550743931039626
29386.358,0.15507452959808282
29386.359,0.1550746640525033
29386.36,0.1550747965135284
29386.361,0.15507492649166946
29386.362,0.15507505415264106
29386.363,0.155075179326344
29386.364,0.15507530182896187
29386.365,0.15507542119643997
29386.366,0.1550755373281244
29386.367,0.15507565016219554
29386.368,0.15507575941164542
29386.369,0.15507586488446085
29386.37,0.15507596637738447
29386.371,0.15507606373993035
29386.372,0.15507615668282823
29386.373,0.15507624533206463
29386.374,0.15507632934293497
29386.375,0.15507640866399652
29386.376,0.15507648323586065
29386.377,0.15507655303040976
29386.378,0.1550766176077442
29386.379,0.15507667705986433
29386.38,0.1550767308233113
29386.381,0.15507677927421448
29386.382,0.15507682206963969
29386.383,0.15507685910724858
29386.384,0.15507689042136677
29386.385,0.15507691599681925
29386.386,0.15507693561215577
29386.387,0.15507694941715175
29386.388,0.1550769575528276
29386.389,0.15507696015181885
29386.39,0.1550769568022274
29386.391,0.15507694777700798
29386.392,0.15507693255220786
29386.393,0.1550769115288803
29386.394,0.155076884472002
29386.395,0.1550768515290813
29386.396,0.15507681285217642
29386.397,0.1550767684657826
29386.398,0.1550767182171757
29386.399,0.15507666230847153
29386.4,0.15507660073120932
29386.401,0.15507653380360267
29386.402,0.1550764614726174
29386.403,0.15507638377288932
29386.404,0.15507630056120586
29386.405,0.15507621228348728
29386.406,0.15507611862627757
29386.407,0.15507601986243044
29386.408,0.15507591577205676
29386.409,0.1550758066871366
29386.41,0.15507569262363965
29386.411,0.15507557385614235
29386.412,0.15507545058128994
29386.413,0.1550753230306651
29386.414,0.15507519103330655
29386.415,0.15507505487342282
29386.416,0.15507491467371837
29386.417,0.15507477057768934
29386.418,0.1550746223559547
29386.419,0.15507447006576272
29386.42,0.15507431390567106
29386.421,0.15507415398340624
29386.422,0.15507399038193329
29386.423,0.15507382308045672
29386.424,0.15507365217772454
29386.425,0.1550734781590989
29386.426,0.15507330063084926
29386.427,0.15507311940204935
29386.428,0.15507293506017855
29386.429,0.15507274788885336
29386.43,0.15507255773009035
29386.431,0.1550723644982175
29386.432,0.15507216845387323
29386.433,0.155071969536669
29386.434,0.155071768005164
29386.435,0.15507156352729964
29386.436,0.15507135636657945
29386.437,0.15507114648031958
29386.438,0.1550709342151169
29386.439,0.15507071921504947
29386.44,0.1550705016519585
29386.441,0.15507028145508586
29386.442,0.15507005877805066
29386.443,0.15506983339870375
29386.444,0.15506960541041198
29386.445,0.1550693749132996
29386.446,0.15506914203727334
29386.447,0.1550689066174655
29386.448,0.15506866887174778
29386.449,0.1550684287309755
29386.45,0.15506818637456268
29386.451,0.15506794152635897
29386.452,0.15506769458674008
29386.453,0.15506744543316486
29386.454,0.15506719417661424
29386.455,0.1550669405805957
29386.456,0.15506668419451283
29386.457,0.15506642539840765
29386.458,0.15506616421155806
29386.459,0.15506590067886744
29386.46,0.1550656349292503
29386.461,0.1550653665773082
29386.462,0.1550650959813358
29386.463,0.15506482287986412
29386.464,0.15506454728051822
29386.465,0.15506426958780287
29386.466,0.1550639896455512
29386.467,0.15506370742203715
29386.468,0.1550634227844806
29386.469,0.15506313596138482
29386.47,0.15506284696503309
29386.471,0.15506255582915915
29386.472,0.15506226269379283
29386.473,0.15506196773843864
29386.474,0.15506167065329168
29386.475,0.15506137156842162
29386.476,0.15506107055242824
29386.477,0.15506076714403655
29386.478,0.15506046158439374
29386.479,0.15506015439800017
29386.48,0.1550598455006572
29386.481,0.1550595349668772
29386.482,0.15505922250186743
29386.483,0.15505890843733452
29386.484,0.15505859232358346
29386.485,0.15505827466764283
29386.486,0.1550579553184737
29386.487,0.15505763441877918
29386.488,0.1550573123578247
29386.489,0.15505698899113846
29386.49,0.15505666366996396
29386.491,0.15505633651450623
29386.492,0.15505600773417233
29386.493,0.15505567744914373
29386.494,0.15505534567024992
29386.495,0.15505501205624828
29386.496,0.15505467704133427
29386.497,0.1550543403626557
29386.498,0.1550540020510186
29386.499,0.15505366207177307
29386.5,0.15505332015645684
29386.501,0.15505297656823844
29386.502,0.15505263094859667
29386.503,0.1550522830333875
29386.504,0.15505193321235441
29386.505,0.1550515813565469
29386.506,0.15505122699356874
29386.507,0.15505086998418507
29386.508,0.1550505100364745
29386.509,0.1550501473296423
29386.51,0.15504978168465658
29386.511,0.15504941259761795
29386.512,0.15504904014947377
29386.513,0.15504866421695251
29386.514,0.15504828424016587
29386.515,0.15504790044668892
29386.516,0.1550475125247701
29386.517,0.15504712038218207
29386.518,0.1550467236828903
29386.519,0.15504632226997578
29386.52,0.15504591576674967
29386.521,0.15504550422771574
29386.522,0.15504508719001653
29386.523,0.1550446643824354
29386.524,0.15504423542589124
29386.525,0.1550438004532266
29386.526,0.15504335868866412
29386.527,0.1550429100450647
29386.528,0.15504245486350857
29386.529,0.15504199287978018
29386.53,0.15504152348426667
29386.531,0.15504104687531545
29386.532,0.15504056284977605
29386.533,0.155040070771758
29386.534,0.15503957066560997
29386.535,0.15503906229643755
29386.536,0.15503854551056367
29386.537,0.1550380202327256
29386.538,0.15503748634740896
29386.539,0.15503694381424196
29386.54,0.15503639225458113
29386.541,0.15503583135026622
29386.542,0.15503526146876248
29386.543,0.15503468221823102
29386.544,0.15503409351193992
29386.545,0.15503349542372288
29386.546,0.15503288843930219
29386.547,0.15503227249740967
29386.548,0.1550316474959679
29386.549,0.15503101330100222
29386.55,0.155030369812624
29386.551,0.15502971720126033
29386.552,0.15502905587218768
29386.553,0.15502838526610388
29386.554,0.1550277058017402
29386.555,0.15502701809992517
29386.556,0.1550263219084789
29386.557,0.1550256175763657
29386.558,0.15502490458627352
29386.559,0.15502418349704267
29386.56,0.15502345435965578
29386.561,0.1550227172269468
29386.562,0.15502197263692222
29386.563,0.1550212208529022
29386.564,0.1550204620662855
29386.565,0.15501969661820011
29386.566,0.15501892445701382
29386.567,0.15501814582592785
29386.568,0.1550173608610641
29386.569,0.1550165700611465
29386.57,0.15501577359139335
29386.571,0.15501497171472234
29386.572,0.1550141645837862
29386.573,0.15501335237224248
29386.574,0.1550125350868195
29386.575,0.15501171313140566
29386.576,0.15501088671586855
29386.577,0.15501005570575047
29386.578,0.15500922035362658
29386.579,0.15500838108420392
29386.58,0.15500753800656303
29386.581,0.15500669162082814
29386.582,0.15500584193517966
29386.583,0.15500498903309998
29386.584,0.15500413327127457
29386.585,0.15500327508438072
29386.586,0.15500241424373867
29386.587,0.15500155091216122
29386.588,0.15500068524698224
29386.589,0.15499981703005428
29386.59,0.1549989463582921
29386.591,0.1549980735238978
29386.592,0.1549971985243282
29386.593,0.15499632140190733
29386.594,0.15499544247740865
29386.595,0.15499456136730297
29386.596,0.15499367858437485
29386.597,0.154992794245816
29386.598,0.15499190847065866
29386.599,0.1549910214106658
29386.6,0.1549901330105006
29386.601,0.15498924388232746
29386.602,0.15498835389403218
29386.603,0.15498746305674715
29386.604,0.15498657151071377
29386.605,0.15498567900407043
29386.606,0.1549847857426809
29386.607,0.15498389167901733
29386.608,0.1549829969061011
29386.609,0.1549821016992884
29386.61,0.15498120614434424
29386.611,0.15498031010050092
29386.612,0.15497941384365815
29386.613,0.15497851759483172
29386.614,0.15497762130040882
29386.615,0.154976725150088
29386.616,0.15497582930486428
29386.617,0.15497493390415004
29386.618,0.1549740390152437
29386.619,0.1549731447714858
29386.62,0.15497225099447126
29386.621,0.15497135803856532
29386.622,0.15497046569378442
29386.623,0.15496957444535905
29386.624,0.1549686841492223
29386.625,0.1549677949566977
29386.626,0.1549669064669212
29386.627,0.1549660186305791
29386.628,0.15496513202218218
29386.629,0.15496424659479854
29386.63,0.15496336219544368
29386.631,0.15496247902546353
29386.632,0.1549615971248042
29386.633,0.1549607163374939
29386.634,0.15495983731402999
29386.635,0.15495895988832475
29386.636,0.15495808398392868
29386.637,0.1549572095421858
29386.638,0.1549563369102149
29386.639,0.15495546598756144
29386.64,0.1549545964236085
29386.641,0.15495372839133778
29386.642,0.15495286181591156
29386.643,0.1549519964805324
29386.644,0.15495113257688486
29386.645,0.1549502702144984
29386.646,0.15494940937289545
29386.647,0.1549485500809723
29386.648,0.15494769221416496
29386.649,0.1549468359352332
29386.65,0.15494598116485248
29386.651,0.15494512820126027
29386.652,0.15494427686545714
29386.653,0.1549434268399312
29386.654,0.15494257846947362
29386.655,0.15494173190760818
29386.656,0.15494088673462816
29386.657,0.15494004285849017
29386.658,0.15493920062924108
29386.659,0.15493836035064018
29386.66,0.15493752171566758
29386.661,0.1549366846538844
29386.662,0.15493584952648712
29386.663,0.15493501622937436
29386.664,0.15493418494590228
29386.665,0.1549333557409708
29386.666,0.15493252889739983
29386.667,0.1549317043434593
29386.668,0.1549308824425685
29386.669,0.1549300634664307
29386.67,0.1549292472224466
29386.671,0.15492843386357355
29386.672,0.15492762340165053
29386.673,0.15492681618087498
29386.674,0.15492601208883727
29386.675,0.15492521109833535
29386.676,0.15492441327683168
29386.677,0.15492361872163785
29386.678,0.1549228278110681
29386.679,0.15492204093035222
29386.68,0.15492125780565982
29386.681,0.15492047889887522
29386.682,0.15491970375865077
29386.683,0.15491893283011537
29386.684,0.15491816618312895
29386.685,0.15491740404904414
29386.686,0.15491664642334083
29386.687,0.15491589342979006
29386.688,0.1549151453297898
29386.689,0.15491440196514372
29386.69,0.15491366347975516
29386.691,0.15491292989430938
29386.692,0.15491220112360218
29386.693,0.1549114775189305
29386.694,0.15491075900371964
29386.695,0.15491004535209615
29386.696,0.15490933708741988
29386.697,0.15490863443135652
29386.698,0.15490793672010586
29386.699,0.15490724418801463
29386.7,0.1549065564513515
29386.701,0.15490587356616156
29386.702,0.15490519525229998
29386.703,0.15490452171698374
29386.704,0.15490385292578515
29386.705,0.15490318907104572
29386.706,0.15490253000667914
29386.707,0.15490187548548268
29386.708,0.15490122536150197
29386.709,0.1549005795357769
29386.71,0.1548999380414014
29386.711,0.1548993004953981
29386.712,0.15489866706026328
29386.713,0.1548980375229497
29386.714,0.1548974116959775
29386.715,0.15489678972624735
29386.716,0.1548961715365315
29386.717,0.154895556701371
29386.718,0.15489494508702942
29386.719,0.1548943364210079
29386.72,0.15489373059029526
29386.721,0.1548931278130215
29386.722,0.15489252788620553
29386.723,0.15489193065515922
29386.724,0.15489133556330975
29386.725,0.15489074286790194
29386.726,0.15489015243777862
29386.727,0.1548895640350406
29386.728,0.15488897758967668
29386.729,0.15488839303493296
29386.73,0.15488781000847676
29386.731,0.1548872285323228
29386.732,0.15488664871067695
29386.733,0.15488607010841357
29386.734,0.15488549295006968
29386.735,0.15488491656480305
29386.736,0.154884340999386
29386.737,0.1548837662321901
29386.738,0.15488319233665312
29386.739,0.1548826186504753
29386.74,0.15488204514207507
29386.741,0.15488147199255672
29386.742,0.15488089881460573
29386.743,0.15488032567979468
29386.744,0.15487975229567238
29386.745,0.154879178677115
29386.746,0.15487860483115687
29386.747,0.1548780308304219
29386.748,0.15487745623597746
29386.749,0.1548768810447459
29386.75,0.15487630507280395
29386.751,0.15487572804051544
29386.752,0.1548751499702797
29386.753,0.1548745707546177
29386.754,0.1548739906950842
29386.755,0.15487340994087304
29386.756,0.15487282785305384
29386.757,0.15487224439334277
29386.758,0.15487165951838752
29386.759,0.1548710732096041
29386.76,0.15487048530803074
29386.761,0.1548698955412568
29386.762,0.15486930428178317
29386.763,0.15486871127739704
29386.764,0.15486811669068645
29386.765,0.15486752082796398
29386.766,0.15486692369860783
29386.767,0.15486632507303308
29386.768,0.15486572506373386
29386.769,0.15486512352121848
29386.77,0.15486452030471454
29386.771,0.15486391542479427
29386.772,0.1548633090575186
29386.773,0.1548627013122428
29386.774,0.15486209187866534
29386.775,0.15486148100433134
29386.776,0.15486086881426003
29386.777,0.1548602550960881
29386.778,0.15485964027352972
29386.779,0.15485902460290565
29386.78,0.15485840821694993
29386.781,0.1548577911100663
29386.782,0.1548571732868098
29386.783,0.15485655531308937
29386.784,0.15485593695390348
29386.785,0.1548553183694833
29386.786,0.15485469942995697
29386.787,0.15485408033067327
29386.788,0.1548534615304589
29386.789,0.1548528427149316
29386.79,0.1548522239453311
29386.791,0.15485160531490896
29386.792,0.1548509870682581
29386.793,0.15485036944959527
29386.794,0.1548497521027955
29386.795,0.1548491350197016
29386.796,0.15484851886963263
29386.797,0.15484790378877447
29386.798,0.1548472895751269
29386.799,0.15484667677341982
29386.8,0.15484606501794
29386.801,0.15484545470698394
29386.802,0.1548448458135664
29386.803,0.15484423855181137
29386.804,0.15484363261636058
29386.805,0.1548430285100783
29386.806,0.15484242610452925
29386.807,0.1548418252531654
29386.808,0.15484122611251594
29386.809,0.1548406287251549
29386.81,0.15484003334545285
29386.811,0.1548394395911272
29386.812,0.15483884766209824
29386.813,0.15483825758584646
29386.814,0.15483766979335709
29386.815,0.15483708426146833
29386.816,0.15483650108886246
29386.817,0.15483591990423093
29386.818,0.15483534106872762
29386.819,0.15483476432573146
29386.82,0.1548341901093085
29386.821,0.15483361814381877
29386.822,0.15483304852201052
29386.823,0.1548324812031198
29386.824,0.1548319161081102
29386.825,0.15483135334409287
29386.826,0.15483079277612524
29386.827,0.15483023394132903
29386.828,0.15482967741757328
29386.829,0.15482912347889782
29386.83,0.15482857156271942
29386.831,0.1548280218976125
29386.832,0.15482747451507628
29386.833,0.1548269292413084
29386.834,0.15482638617427733
29386.835,0.1548258450959287
29386.836,0.1548253062094665
29386.837,0.1548247691272968
29386.838,0.15482423416987612
29386.839,0.15482370086883715
29386.84,0.15482316927728612
29386.841,0.15482263926807938
29386.842,0.15482211064722817
29386.843,0.15482158354584982
29386.844,0.1548210574552455
29386.845,0.15482053259755577
29386.846,0.15482000891979855
29386.847,0.15481948640908252
29386.848,0.1548189647261493
29386.849,0.1548184440908433
29386.85,0.1548179242775056
29386.851,0.15481740517585243
29386.852,0.15481688722828912
29386.853,0.15481636988112463
29386.854,0.15481585279355395
29386.855,0.15481533619698357
29386.856,0.15481481922665985
29386.857,0.154814302337499
29386.858,0.1548137851501878
29386.859,0.1548132680050459
29386.86,0.154812750422294
29386.861,0.15481223239547126
29386.862,0.15481171421915674
29386.863,0.1548111957072259
29386.864,0.15481067686701971
29386.865,0.15481015748269442
29386.866,0.15480963730208888
29386.867,0.15480911624874555
29386.868,0.1548085941412743
29386.869,0.15480807090890625
29386.87,0.15480754649804745
29386.871,0.1548070209756924
29386.872,0.1548064942722078
29386.873,0.15480596610514827
29386.874,0.15480543629657162
29386.875,0.1548049051093244
29386.876,0.1548043722172411
29386.877,0.1548038373100883
29386.878,0.154803300474953
29386.879,0.15480276179143732
29386.88,0.15480222106898087
29386.881,0.154801677961196
29386.882,0.15480113266764728
29386.883,0.15480058491467286
29386.884,0.154800034680311
29386.885,0.15479948178959899
29386.886,0.15479892639171233
29386.887,0.1547983682949627
29386.888,0.15479780740370855
29386.889,0.15479724327508984
29386.89,0.15479667600215313
29386.891,0.15479610543589992
29386.892,0.1547955312843174
29386.893,0.1547949532766418
29386.894,0.1547943710973172
29386.895,0.15479378505000443
29386.896,0.1547931952937778
29386.897,0.1547926013324603
29386.898,0.15479200250346303
29386.899,0.15479139891349739
29386.9,0.154790790358793
29386.901,0.15479017689830832
29386.902,0.1547895586291679
29386.903,0.15478893516695819
29386.904,0.15478830636942703
29386.905,0.15478767246374767
29386.906,0.1547870329154621
29386.907,0.15478638727580177
29386.908,0.15478573557607747
29386.909,0.1547850778332827
29386.91,0.15478441406617666
29386.911,0.1547837436874381
29386.912,0.15478306701492814
29386.913,0.15478238423645588
29386.914,0.15478169538820172
29386.915,0.15478100012883086
29386.916,0.1547802984882253
29386.917,0.15477959016438145
29386.918,0.15477887560158304
29386.919,0.1547781547673913
29386.92,0.15477742743456605
29386.921,0.15477669349547477
29386.922,0.15477595351741694
29386.923,0.1547752073871036
29386.924,0.15477445471050996
29386.925,0.15477369575699182
29386.926,0.1547729305244614
29386.927,0.15477215881924192
29386.928,0.15477138124043538
29386.929,0.15477059798792914
29386.93,0.15476980896630693
29386.931,0.15476901480319546
29386.932,0.1547682155041707
29386.933,0.15476741113300269
29386.934,0.15476660128395253
29386.935,0.15476578670904545
29386.936,0.1547649673754939
29386.937,0.15476414340786562
29386.938,0.15476331554638675
29386.939,0.154762483632549
29386.94,0.15476164781014526
29386.941,0.15476080804067038
29386.942,0.1547599644840158
29386.943,0.15475911714689397
29386.944,0.15475826593492845
29386.945,0.15475741148930355
29386.946,0.15475655397121818
29386.947,0.15475569320511512
29386.948,0.15475482950930036
29386.949,0.15475396298345748
29386.95,0.15475309357316902
29386.951,0.15475222140094944
29386.952,0.15475134677396168
29386.953,0.1547504693436525
29386.954,0.15474958931088556
29386.955,0.15474870720987052
29386.956,0.15474782272610646
29386.957,0.15474693585241142
29386.958,0.1547460464946718
29386.959,0.15474515501319328
29386.96,0.15474426093240545
29386.961,0.1547433644546417
29386.962,0.15474246556438642
29386.963,0.15474156417679008
29386.964,0.15474066042032733
29386.965,0.15473975417360586
29386.966,0.15473884570473953
29386.967,0.15473793459198865
29386.968,0.15473702104218826
29386.969,0.15473610497481477
29386.97,0.15473518641422185
29386.971,0.15473426520578057
29386.972,0.15473334131328365
29386.973,0.15473241495561973
29386.974,0.15473148570958667
29386.975,0.15473055355536625
29386.976,0.15472961817951494
29386.977,0.15472867970498588
29386.978,0.15472773832123626
29386.979,0.15472679408513113
29386.98,0.1547258466230151
29386.981,0.15472489612559143
29386.982,0.15472394278380103
29386.983,0.15472298645935023
29386.984,0.1547220273254568
29386.985,0.15472106480432152
29386.986,0.1547200991572936
29386.987,0.15471913020829595
29386.988,0.15471815815507864
29386.989,0.15471718304811138
29386.99,0.1547162044406311
29386.991,0.1547152221028313
29386.992,0.1547142363133886
29386.993,0.15471324706111292
29386.994,0.15471225391828883
29386.995,0.15471125715474393
29386.996,0.15471025707447994
29386.997,0.15470925343633066
29386.998,0.15470824607128894
29386.999,0.15470723560835709
29387.0,0.15470622151750524
29387.001,0.1547052038570771
29387.002,0.15470418285395673
29387.003,0.15470315807075283
29387.004,0.15470212997597013
29387.005,0.15470109829819395
29387.006,0.15470006280522303
29387.007,0.15469902349424755
29387.008,0.154697980268044
29387.009,0.15469693333204265
29387.01,0.15469588243483376
29387.011,0.15469482752144564
29387.012,0.1546937687572266
29387.013,0.15469270620113526
29387.014,0.15469163990608312
29387.015,0.15469056980157578
29387.016,0.15468949593113296
29387.017,0.15468841828517513
29387.018,0.1546873370101491
29387.019,0.1546862522392677
29387.02,0.15468516378254885
29387.021,0.15468407183361849
29387.022,0.15468297671718165
29387.023,0.15468187822498616
29387.024,0.15468077607751796
29387.025,0.15467967066966642
29387.026,0.15467856200003025
29387.027,0.15467744981458995
29387.028,0.15467633432056188
29387.029,0.15467521595751987
29387.03,0.1546740946048315
29387.031,0.15467297052035922
29387.032,0.1546718435855561
29387.033,0.15467071395845858
29387.034,0.1546695819152874
29387.035,0.15466844816238942
29387.036,0.15466731205295262
29387.037,0.15466617389465487
29387.038,0.1546650338387384
29387.039,0.15466389188319168
29387.04,0.15466274788063208
29387.041,0.15466160207102664
29387.042,0.1546604545777922
29387.043,0.15465930555247115
29387.044,0.15465815510136563
29387.045,0.15465700359104934
29387.046,0.15465585145112853
29387.047,0.15465469855302902
29387.048,0.154653545416782
29387.049,0.15465239200580894
29387.05,0.15465123849293316
29387.051,0.15465008498106794
29387.052,0.15464893207363595
29387.053,0.1546477796040122
29387.054,0.15464662758775252
29387.055,0.1546454763427284
29387.056,0.1546443259466486
29387.057,0.1546431764274258
29387.058,0.15464202818864942
29387.059,0.15464088092374195
29387.06,0.15463973463977954
29387.061,0.15463858963924448
29387.062,0.15463744611302035
29387.063,0.15463630440079185
29387.064,0.15463516453585763
29387.065,0.15463402633608167
29387.066,0.1546328903190538
29387.067,0.1546317568150851
29387.068,0.15463062576799674
29387.069,0.1546294974223012
29387.07,0.15462837160106654
29387.071,0.15462724828306748
29387.072,0.1546261278816548
29387.073,0.15462501038280654
29387.074,0.15462389517416886
29387.075,0.15462278260080656
29387.076,0.15462167262527704
29387.077,0.1546205650695171
29387.078,0.1546194600647369
29387.079,0.154618357884551
29387.08,0.15461725850811073
29387.081,0.15461616192509997
29387.082,0.15461506811417788
29387.083,0.15461397697206164
29387.084,0.1546128882070759
29387.085,0.15461180173940872
29387.086,0.154610717974706
29387.087,0.15460963674537123
29387.088,0.15460855787826505
29387.089,0.15460748104429925
29387.09,0.1546064060791678
29387.091,0.15460533313382585
29387.092,0.15460426210959569
29387.093,0.15460319257654148
29387.094,0.1546021243450955
29387.095,0.15460105773019875
29387.096,0.15459999262012256
29387.097,0.1545989284337288
29387.098,0.1545978651571171
29387.099,0.15459680277678728
29387.1,0.15459574120783823
29387.101,0.15459468035165405
29387.102,0.15459362019845801
29387.103,0.15459256006791697
29387.104,0.15459149991403892
29387.105,0.15459043939261483
29387.106,0.15458937861991712
29387.107,0.1545883173431872
29387.108,0.15458725530689774
29387.109,0.15458619255309747
29387.11,0.1545851286535147
29387.111,0.1545840631840981
29387.112,0.154582996480784
29387.113,0.15458192857935288
29387.114,0.1545808595515982
29387.115,0.15457978901804667
29387.116,0.15457871694705655
29387.117,0.15457764304318952
29387.118,0.154576567220033
29387.119,0.1545754896771584
29387.12,0.15457440992238397
29387.121,0.15457332790209952
29387.122,0.1545722440215762
29387.123,0.15457115780266215
29387.124,0.15457006899580958
29387.125,0.1545689778718605
29387.126,0.15456788421084944
29387.127,0.15456678773844854
29387.128,0.15456568884227295
29387.129,0.15456458803329612
29387.13,0.15456348491846975
29387.131,0.15456237964159014
29387.132,0.15456127222184635
29387.133,0.15456016278165757
29387.134,0.15455905125762243
29387.135,0.15455793743554047
29387.136,0.15455682149489608
29387.137,0.1545557035972652
29387.138,0.15455458398734212
29387.139,0.1545534624206945
29387.14,0.15455233892380335
29387.141,0.15455121364267954
29387.142,0.1545500867761291
29387.143,0.15454895825089401
29387.144,0.1545478283001541
29387.145,0.1545466969822073
29387.146,0.15454556466525626
29387.147,0.15454443114683172
29387.148,0.15454329670347733
29387.149,0.15454216153562061
29387.15,0.15454102549897594
29387.151,0.1545398889983958
29387.152,0.1545387521881665
29387.153,0.15453761469063476
29387.154,0.15453647688202038
29387.155,0.1545353392983615
29387.156,0.15453420182490157
29387.157,0.154533064037402
29387.158,0.15453192628713108
29387.159,0.15453078857589608
29387.16,0.15452965131933757
29387.161,0.15452851440583038
29387.162,0.15452737816165465
29387.163,0.1545262424962665
29387.164,0.1545251077026994
29387.165,0.15452397399980314
29387.166,0.15452284183922557
29387.167,0.15452171095929904
29387.168,0.15452058115161657
29387.169,0.1545194527103835
29387.17,0.15451832533455667
29387.171,0.1545171994885644
29387.172,0.15451607535503967
29387.173,0.15451495273864962
29387.174,0.15451383127273122
29387.175,0.15451271143138606
29387.176,0.1545115931996578
29387.177,0.15451047599141962
29387.178,0.1545093602968094
29387.179,0.15450824620231793
29387.18,0.15450713379562564
29387.181,0.15450602324118676
29387.182,0.15450491458690474
29387.183,0.15450380774627484
29387.184,0.15450270266759417
29387.185,0.15450159957744794
29387.186,0.15450049821746673
29387.187,0.15449939853970074
29387.188,0.15449830053052466
29387.189,0.15449720404675352
29387.19,0.15449610913563327
29387.191,0.15449501542561495
29387.192,0.15449392276450472
29387.193,0.1544928313980746
29387.194,0.15449174090319898
29387.195,0.15449065124934075
29387.196,0.15448956278079115
29387.197,0.15448847544497105
29387.198,0.15448738943648693
29387.199,0.1544863045234321
29387.2,0.15448522086034205
29387.201,0.15448413812559073
29387.202,0.15448305648382815
29387.203,0.15448197543746978
29387.204,0.15448089525889652
29387.205,0.15447981613978876
29387.206,0.15447873774575685
29387.207,0.15447765965959406
29387.208,0.1544765819113916
29387.209,0.1544755047943412
29387.21,0.1544744277600486
29387.211,0.15447335123379377
29387.212,0.1544722754719115
29387.213,0.15447120032950332
29387.214,0.15447012594212825
29387.215,0.15446905198626734
29387.216,0.15446797862287534
29387.217,0.15446690597309942
29387.218,0.15446583442898593
29387.219,0.15446476399319256
29387.22,0.15446369400489804
29387.221,0.15446262510902473
29387.222,0.1544615574231099
29387.223,0.1544604905954005
29387.224,0.1544594245915807
29387.225,0.1544583594187479
29387.226,0.1544572949835156
29387.227,0.15445623122672744
29387.228,0.15445516844466256
29387.229,0.15445410672619297
29387.23,0.15445304591680128
29387.231,0.15445198614266267
29387.232,0.15445092751359885
29387.233,0.15444986997298618
29387.234,0.15444881353573303
29387.235,0.1544477581106992
29387.236,0.1544467037884946
29387.237,0.15444565038802602
29387.238,0.15444459811697636
29387.239,0.15444354668994675
29387.24,0.15444249604530338
29387.241,0.1544414459761124
29387.242,0.1544403960984817
29387.243,0.15443934623925454
29387.244,0.154438296175283
29387.245,0.15443724580786758
29387.246,0.15443619521339974
29387.247,0.15443514423493698
29387.248,0.15443409257025134
29387.249,0.15443304020200216
29387.25,0.154431986706282
29387.251,0.1544309321178074
29387.252,0.15442987599771468
29387.253,0.15442881812359532
29387.254,0.15442775821084423
29387.255,0.15442669620070965
29387.256,0.1544256317993822
29387.257,0.15442456456526096
29387.258,0.1544234941994297
29387.259,0.1544224204425384
29387.26,0.15442134308544375
29387.261,0.15442026168548836
29387.262,0.15441917630617755
29387.263,0.1544180867795285
29387.264,0.15441699310256446
29387.265,0.15441589503082997
29387.266,0.15441479237585345
29387.267,0.15441368480420548
29387.268,0.15441257223107058
29387.269,0.1544114543100142
29387.27,0.15441033074722477
29387.271,0.1544092017145519
29387.272,0.1544080669749316
29387.273,0.15440692675000972
29387.274,0.15440578062112026
29387.275,0.15440462873785354
29387.276,0.1544034709207087
29387.277,0.15440230697767043
29387.278,0.15440113745402728
29387.279,0.15439996232287578
29387.28,0.15439878176798016
29387.281,0.15439759563445762
29387.282,0.15439640389220172
29387.283,0.15439520684176453
29387.284,0.1543940044994524
29387.285,0.1543927970567383
29387.286,0.1543915846473866
29387.287,0.1543903677016147
29387.288,0.1543891462482786
29387.289,0.15438792061497217
29387.29,0.15438669102054908
29387.291,0.15438545737177167
29387.292,0.15438422008167862
29387.293,0.154382979448249
29387.294,0.15438173509775616
29387.295,0.15438048818266725
29387.296,0.15437923908668794
29387.297,0.1543779877900853
29387.298,0.15437673436022334
29387.299,0.15437547897496315
29387.3,0.15437422215557547
29387.301,0.15437296405293802
29387.302,0.15437170498292446
29387.303,0.15437044530918204
29387.304,0.15436918545254097
29387.305,0.15436792547824407
29387.306,0.1543666655215524
29387.307,0.15436540590379388
29387.308,0.1543641468034609
29387.309,0.1543628878860333
29387.31,0.1543616297989879
29387.311,0.154360372585483
29387.312,0.15435911622723578
29387.313,0.1543578609134589
29387.314,0.15435660711656687
29387.315,0.1543553547641703
29387.316,0.1543541041112673
29387.317,0.154352855239659
29387.318,0.1543516079401834
29387.319,0.15435036245252132
29387.32,0.15434911865716888
29387.321,0.1543478768095924
29387.322,0.15434663668721718
29387.323,0.15434539846921594
29387.324,0.15434416198089082
29387.325,0.15434292711320985
29387.326,0.1543416940578668
29387.327,0.1543404624485247
29387.328,0.15433923251296705
29387.329,0.15433800408861736
29387.33,0.1543367770581916
29387.331,0.15433555147866818
29387.332,0.1543343276073318
29387.333,0.1543331050757557
29387.334,0.15433188399554518
29387.335,0.15433066389083272
29387.336,0.15432944496561507
29387.337,0.15432822694628165
29387.338,0.1543270097266305
29387.339,0.15432579335372032
29387.34,0.15432457735298788
29387.341,0.15432336175675124
29387.342,0.15432214664985092
29387.343,0.1543209319152675
29387.344,0.15431971725089197
29387.345,0.15431850262349608
29387.346,0.15431728829349128
29387.347,0.1543160742810841
29387.348,0.15431486006462125
29387.349,0.1543136460946129
29387.35,0.15431243205957995
29387.351,0.15431121782548302
29387.352,0.15431000325591626
29387.353,0.15430878854732688
29387.354,0.15430757346234625
29387.355,0.15430635812561205
29387.356,0.15430514238651583
29387.357,0.15430392590136519
29387.358,0.15430270888906503
29387.359,0.15430149160351594
29387.36,0.15430027337389343
29387.361,0.1542990541733937
29387.362,0.15429783413493783
29387.363,0.15429661349039708
29387.364,0.1542953921963219
29387.365,0.1542941701395003
29387.366,0.15429294749389047
29387.367,0.15429172416692818
29387.368,0.15429050030209662
29387.369,0.15428927596373213
29387.37,0.15428805093993933
29387.371,0.15428682562858992
29387.372,0.15428559968453667
29387.373,0.15428437353846094
29387.374,0.154283146649974
29387.375,0.15428191923338555
29387.376,0.15428069110300852
29387.377,0.15427946199020232
29387.378,0.15427823222186338
29387.379,0.15427700226386926
29387.38,0.15427577197088166
29387.381,0.1542745414953721
29387.382,0.15427331069105835
29387.383,0.15427207959927136
29387.384,0.15427084826763196
29387.385,0.15426961666260286
29387.386,0.1542683847651105
29387.387,0.15426715284741974
29387.388,0.15426592069139222
29387.389,0.1542646884034711
29387.39,0.1542634558337078
29387.391,0.15426222284971647
29387.392,0.15426098941125674
29387.393,0.15425975564573763
29387.394,0.15425852135828413
29387.395,0.15425728666898086
29387.396,0.15425605176240584
29387.397,0.15425481654866674
29387.398,0.15425358082255963
29387.399,0.15425234488337367
29387.4,0.1542511085777967
29387.401,0.1542498719525311
29387.402,0.1542486349686941
29387.403,0.15424739745727373
29387.404,0.1542461594743606
29387.405,0.15424492100137394
29387.406,0.15424368201661748
29387.407,0.15424244213207153
29387.408,0.15424120107117012
29387.409,0.15423995904756804
29387.41,0.15423871637020584
29387.411,0.15423747216819933
29387.412,0.1542362270324775
29387.413,0.1542349809558499
29387.414,0.15423373389742537
29387.415,0.1542324854873043
29387.416,0.15423123615011858
29387.417,0.15422998545000532
29387.418,0.15422873332313056
29387.419,0.15422747989780078
29387.42,0.15422622470068797
29387.421,0.15422496780088796
29387.422,0.15422370951567071
29387.423,0.15422244964903367
29387.424,0.15422118742660793
29387.425,0.15421992293110162
29387.426,0.15421865630208362
29387.427,0.15421738722484346
29387.428,0.1542161158815633
29387.429,0.1542148423642162
29387.43,0.15421356668975675
29387.431,0.15421228894987296
29387.432,0.15421100891247858
29387.433,0.15420972616462114
29387.434,0.1542084407565356
29387.435,0.15420715236089869
29387.436,0.15420586167905564
29387.437,0.1542045679745597
29387.438,0.15420327156789973
29387.439,0.15420197225390256
29387.44,0.1542006696661942
29387.441,0.15419936397246406
29387.442,0.15419805485733784
29387.443,0.15419674200678485
29387.444,0.1541954252185694
29387.445,0.15419410474310086
29387.446,0.1541927809212054
29387.447,0.1541914532818671
29387.448,0.1541901216027539
29387.449,0.15418878596448918
29387.45,0.15418744595653483
29387.451,0.15418610177372105
29387.452,0.15418475343210375
29387.453,0.15418340058410263
29387.454,0.15418204317991996
29387.455,0.154180681470639
29387.456,0.15417931528790715
29387.457,0.15417794413261562
29387.458,0.1541765674826604
29387.459,0.15417518567748362
29387.46,0.15417379827638816
29387.461,0.15417240538695912
29387.462,0.1541710071591953
29387.463,0.15416960350996484
29387.464,0.15416819440723606
29387.465,0.15416677947507976
29387.466,0.15416535906469117
29387.467,0.15416393281797597
29387.468,0.15416250073612953
29387.469,0.15416106248500597
29387.47,0.15415961778156417
29387.471,0.15415816702140125
29387.472,0.15415671011865087
29387.473,0.15415524695993837
29387.474,0.15415377687405002
29387.475,0.15415230001601193
29387.476,0.15415081608217573
29387.477,0.1541493250297365
29387.478,0.15414782725545087
29387.479,0.15414632243111026
29387.48,0.15414481040764652
29387.481,0.15414329128561663
29387.482,0.1541417647957858
29387.483,0.1541402311248928
29387.484,0.15413869011570538
29387.485,0.1541371416713267
29387.486,0.1541355858828691
29387.487,0.1541340226842343
29387.488,0.15413245214469118
29387.489,0.15413087424275426
29387.49,0.1541292886833402
29387.491,0.15412769526959672
29387.492,0.1541260940281636
29387.493,0.1541244852142084
29387.494,0.15412286831496708
29387.495,0.15412124344429196
29387.496,0.154119611239254
29387.497,0.15411797148297166
29387.498,0.15411632405841133
29387.499,0.1541146692303262
29387.5,0.15411300693317076
29387.501,0.15411133733602336
29387.502,0.15410966079337957
29387.503,0.15410797700957624
29387.504,0.15410628601828408
29387.505,0.15410458788845882
29387.506,0.15410288270933903
29387.507,0.15410117030126347
29387.508,0.1540994508767406
29387.509,0.15409772490848486
29387.51,0.15409599238679694
29387.511,0.15409425293159124
29387.512,0.15409250718194176
29387.513,0.15409075533406402
29387.514,0.1540889976216447
29387.515,0.15408723445079098
29387.516,0.154085466114075
29387.517,0.15408369214811352
29387.518,0.1540819133378857
29387.519,0.1540801301905109
29387.52,0.15407834260366896
29387.521,0.15407655093075057
29387.522,0.15407475580977747
29387.523,0.15407295708039584
29387.524,0.15407115470159194
29387.525,0.15406934922133597
29387.526,0.1540675407956424
29387.527,0.15406572923048703
29387.528,0.15406391506744954
29387.529,0.15406209882056765
29387.53,0.15406028069001637
29387.531,0.15405846097990944
29387.532,0.15405663990369575
29387.533,0.15405481734090706
29387.534,0.15405299392389415
29387.535,0.15405117008157299
29387.536,0.15404934628977413
29387.537,0.15404752185674825
29387.538,0.15404569777935315
29387.539,0.1540438739120069
29387.54,0.15404205035648216
29387.541,0.15404022693429126
29387.542,0.15403840390904214
29387.543,0.15403658142234286
29387.544,0.15403475918875528
29387.545,0.1540329376747451
29387.546,0.15403111731551547
29387.547,0.1540292978429088
29387.548,0.15402747941130174
29387.549,0.15402566212733812
29387.55,0.15402384598481417
29387.551,0.15402203118119787
29387.552,0.15402021757038747
29387.553,0.1540184049983434
29387.554,0.15401659374525214
29387.555,0.15401478382618738
29387.556,0.1540129751398452
29387.557,0.1540111673768204
29387.558,0.15400936040978921
29387.559,0.15400755469717653
29387.56,0.15400574950417623
29387.561,0.1540039447522323
29387.562,0.15400214056160302
29387.563,0.15400033670904303
29387.564,0.1539985335742749
29387.565,0.15399673084370902
29387.566,0.15399492874688567
29387.567,0.15399312679839194
29387.568,0.15399132503341267
29387.569,0.15398952346675956
29387.57,0.15398772179590373
29387.571,0.1539859199026503
29387.572,0.15398411788169467
29387.573,0.1539823154359038
29387.574,0.15398051233795904
29387.575,0.15397870864786087
29387.576,0.1539769038667908
29387.577,0.15397509794686512
29387.578,0.15397329083836
29387.579,0.15397148267848776
29387.58,0.15396967362838976
29387.581,0.15396786338113863
29387.582,0.15396605207146638
29387.583,0.15396423958794556
29387.584,0.1539624259655436
29387.585,0.153960611205619
29387.586,0.1539587952562175
29387.587,0.1539569778489936
29387.588,0.15395515922098155
29387.589,0.15395333889376964
29387.59,0.15395151662895074
29387.591,0.15394969227705058
29387.592,0.15394786583843326
29387.593,0.15394603708078847
29387.594,0.1539442055217707
29387.595,0.1539423716943144
29387.596,0.15394053599413546
29387.597,0.15393869773214286
29387.598,0.15393685689290165
29387.599,0.1539350137500962
29387.6,0.1539331683219469
29387.601,0.15393132048597527
29387.602,0.1539294701719163
29387.603,0.15392761656431658
29387.604,0.1539257601080603
29387.605,0.15392390101191683
29387.606,0.15392203923151823
29387.607,0.15392017444831216
29387.608,0.15391830650172367
29387.609,0.15391643533211413
29387.61,0.1539145606990883
29387.611,0.15391268231387287
29387.612,0.15391080091671688
29387.613,0.15390891619809505
29387.614,0.15390702840345802
29387.615,0.1539051377724026
29387.616,0.15390324422685592
29387.617,0.1539013475221084
29387.618,0.15389944801278918
29387.619,0.15389754551579382
29387.62,0.15389564000392333
29387.621,0.15389373166817893
29387.622,0.1538918208326241
29387.623,0.15388990730586022
29387.624,0.15388799102793985
29387.625,0.153886072212162
29387.626,0.15388415094908584
29387.627,0.15388222705687432
29387.628,0.1538803009915711
29387.629,0.15387837301436652
29387.63,0.1538764431980194
29387.631,0.15387451192964777
29387.632,0.1538725793816079
29387.633,0.15387064597962263
29387.634,0.15386871242027397
29387.635,0.1538667783250579
29387.636,0.15386484415421361
29387.637,0.15386290984555054
29387.638,0.1538609762251023
29387.639,0.1538590431125656
29387.64,0.1538571106901407
29387.641,0.15385517931756196
29387.642,0.15385324936803027
29387.643,0.15385132074349114
29387.644,0.15384939348066395
29387.645,0.15384746815825343
29387.646,0.15384554588098617
29387.647,0.1538436263995798
29387.648,0.153841710152922
29387.649,0.15383979743901038
29387.65,0.15383788873158405
29387.651,0.1538359843220001
29387.652,0.15383408452873729
29387.653,0.153832189472425
29387.654,0.1538302994762606
29387.655,0.15382841506241104
29387.656,0.1538265361657962
29387.657,0.15382466272207942
29387.658,0.15382279505965676
29387.659,0.1538209332422063
29387.66,0.15381907726383015
29387.661,0.15381722720559993
29387.662,0.1538153835875299
29387.663,0.1538135465167977
29387.664,0.15381171624436574
29387.665,0.1538098927329236
29387.666,0.15380807615239328
29387.667,0.15380626642000916
29387.668,0.15380446373298381
29387.669,0.15380266790023522
29387.67,0.15380087901715453
29387.671,0.15379909721650323
29387.672,0.15379732258756476
29387.673,0.1537955548711381
29387.674,0.15379379385891556
29387.675,0.15379203932066418
29387.676,0.15379029104349082
29387.677,0.15378854874913292
29387.678,0.153786812419996
29387.679,0.15378508230666743
29387.68,0.1537833581253197
29387.681,0.15378163952895335
29387.682,0.15377992655832545
29387.683,0.15377821851010076
29387.684,0.15377651557651917
29387.685,0.15377481688165484
29387.686,0.153773122717591
29387.687,0.1537714325029982
29387.688,0.15376974635674373
29387.689,0.15376806344697222
29387.69,0.15376638340629548
29387.691,0.15376470600645248
29387.692,0.15376303109402686
29387.693,0.15376135819422596
29387.694,0.15375968668970638
29387.695,0.15375801645089737
29387.696,0.15375634730550747
29387.697,0.15375467849397698
29387.698,0.15375301016561138
29387.699,0.15375134171898092
29387.7,0.15374967268917936
29387.701,0.15374800279773987
29387.702,0.15374633177957697
29387.703,0.15374465913806043
29387.704,0.15374298496138178
29387.705,0.1537413088458192
29387.706,0.15373963045520847
29387.707,0.15373794914850777
29387.708,0.15373626457671868
29387.709,0.15373457649821712
29387.71,0.1537328846167397
29387.711,0.15373118872118394
29387.712,0.15372948869355263
29387.713,0.15372778439764317
29387.714,0.15372607568996782
29387.715,0.15372436241805523
29387.716,0.1537226443188433
29387.717,0.15372092114236904
29387.718,0.15371919281197954
29387.719,0.15371745956794836
29387.72,0.1537157209293814
29387.721,0.15371397677348483
29387.722,0.15371222762311887
29387.723,0.1537104728927267
29387.724,0.15370871216340906
29387.725,0.1537069454774425
29387.726,0.153705172731861
29387.727,0.1537033937859126
29387.728,0.15370160915462658
29387.729,0.15369981888321882
29387.73,0.15369802292718515
29387.731,0.15369622142166928
29387.732,0.15369441453274887
29387.733,0.1536926022874647
29387.734,0.1536907844524303
29387.735,0.15368896092002865
29387.736,0.15368713220633187
29387.737,0.1536852979345008
29387.738,0.1536834587102367
29387.739,0.15368161441284642
29387.74,0.15367976489894156
29387.741,0.1536779103686341
29387.742,0.15367605086401984
29387.743,0.1536741863332524
29387.744,0.15367231667431047
29387.745,0.1536704423623033
29387.746,0.1536685639234986
29387.747,0.1536666807898157
29387.748,0.1536647934241786
29387.749,0.15366290213543254
29387.75,0.1536610069229278
29387.751,0.15365910787776957
29387.752,0.15365720549403364
29387.753,0.15365529926470103
29387.754,0.15365338964454248
29387.755,0.15365147710324095
29387.756,0.15364956119652845
29387.757,0.1536476419432904
29387.758,0.1536457191815543
29387.759,0.15364379310003898
29387.76,0.15364186377339528
29387.761,0.15363993127029893
29387.762,0.1536379960017411
29387.763,0.15363605818230952
29387.764,0.15363411832056365
29387.765,0.1536321766899019
29387.766,0.15363023303541126
29387.767,0.15362828755890456
29387.768,0.1536263403315372
29387.769,0.1536243916149255
29387.77,0.15362244144229076
29387.771,0.1536204897021225
29387.772,0.15361853705025125
29387.773,0.15361658380576873
29387.774,0.15361462915433868
29387.775,0.1536126733561254
29387.776,0.15361071647219074
29387.777,0.15360875831320123
29387.778,0.15360679943501487
29387.779,0.15360484023341403
29387.78,0.15360288068963215
29387.781,0.15360092094955596
29387.782,0.15359896151052263
29387.783,0.1535970021543329
29387.784,0.1535950431026051
29387.785,0.1535930839941867
29387.786,0.15359112553159016
29387.787,0.1535891670322397
29387.788,0.153587209209778
29387.789,0.15358525197143216
29387.79,0.15358329537612359
29387.791,0.15358133924592746
29387.792,0.15357938355744993
29387.793,0.15357742791449708
29387.794,0.15357547228720558
29387.795,0.1535735169821588
29387.796,0.15357156231226937
29387.797,0.15356960808197034
29387.798,0.15356765463235547
29387.799,0.15356570179715323
29387.8,0.15356374971740888
29387.801,0.15356179838361356
29387.802,0.15355984770178782
29387.803,0.1535578973562767
29387.804,0.15355594775634548
29387.805,0.15355399894255034
29387.806,0.1535520506543092
29387.807,0.15355010230099156
29387.808,0.15354815396381544
29387.809,0.15354620562934615
29387.81,0.1535442574673043
29387.811,0.1535423092151177
29387.812,0.15354036079534347
29387.813,0.15353841254592884
29387.814,0.15353646442770363
29387.815,0.15353451649892413
29387.816,0.1535325685186515
29387.817,0.15353062013701835
29387.818,0.15352867133250986
29387.819,0.1535267223682388
29387.82,0.15352477268389503
29387.821,0.1535228224571177
29387.822,0.15352087204804518
29387.823,0.15351892058252156
29387.824,0.1535169679619092
29387.825,0.1535150142189896
29387.826,0.15351305930433642
29387.827,0.15351110291240141
29387.828,0.15350914538343818
29387.829,0.15350718606255592
29387.83,0.1535052252984348
29387.831,0.153503263179655
29387.832,0.1535012996503307
29387.833,0.15349933420183964
29387.834,0.15349736669198405
29387.835,0.15349539722107933
29387.836,0.15349342597369603
29387.837,0.15349145247129573
29387.838,0.1534894768214067
29387.839,0.1534874984546835
29387.84,0.15348551703768099
29387.841,0.15348353261393682
29387.842,0.15348154478552656
29387.843,0.15347955309651437
29387.844,0.15347755721900136
29387.845,0.15347555774782204
29387.846,0.1534735547075841
29387.847,0.1534715475575996
29387.848,0.15346953617514644
29387.849,0.1534675204987903
29387.85,0.15346550011000687
29387.851,0.15346347481944672
29387.852,0.1534614448100412
29387.853,0.1534594092447336
29387.854,0.15345736837770454
29387.855,0.15345532202590875
29387.856,0.153453269804129
29387.857,0.1534512113488869
29387.858,0.1534491461877555
29387.859,0.15344707434079502
29387.86,0.15344499554266783
29387.861,0.15344290966311355
29387.862,0.15344081662027417
29387.863,0.15343871643789714
29387.864,0.15343660902515532
29387.865,0.15343449395607947
29387.866,0.15343237086472067
29387.867,0.15343023981027903
29387.868,0.15342810062837234
29387.869,0.15342595320445052
29387.87,0.1534237969171267
29387.871,0.15342163204370143
29387.872,0.15341945886868077
29387.873,0.15341727690218146
29387.874,0.15341508521280933
29387.875,0.15341288434328756
29387.876,0.1534106738595947
29387.877,0.15340845386617502
29387.878,0.15340622441443094
29387.879,0.1534039852098672
29387.88,0.15340173650054093
29387.881,0.15339947827019712
29387.882,0.1533972104722529
29387.883,0.15339493269727572
29387.884,0.15339264530995586
29387.885,0.15339034856051875
29387.886,0.15338804263111952
29387.887,0.1533857273652938
29387.888,0.15338340265209457
29387.889,0.1533810685662665
29387.89,0.15337872444710401
29387.891,0.15337637064800708
29387.892,0.153374007236423
29387.893,0.15337163401357182
29387.894,0.15336925107936666
29387.895,0.153366858807963
29387.896,0.1533644577611788
29387.897,0.15336204805833406
29387.898,0.15335962959110003
29387.899,0.1533572026698988
29387.9,0.15335476775248683
29387.901,0.1533523244895863
29387.902,0.15334987331928884
29387.903,0.15334741445155423
29387.904,0.1533449480853479
29387.905,0.15334247442889823
29387.906,0.15333999351321123
29387.907,0.15333750530096493
29387.908,0.1533350103620976
29387.909,0.15333250844110674
29387.91,0.15332999990902305
29387.911,0.1533274845701115
29387.912,0.1533249631157209
29387.913,0.15332243609470153
29387.914,0.153319903815602
29387.915,0.15331736638625268
29387.916,0.15331482384248737
29387.917,0.1533122762775863
29387.918,0.15330972403347748
29387.919,0.1533071678721168
29387.92,0.1533046074922504
29387.921,0.1533020431948664
29387.922,0.15329947561973803
29387.923,0.15329690442003305
29387.924,0.15329432945100158
29387.925,0.15329175106468745
29387.926,0.1532891689429915
29387.927,0.15328658291662686
29387.928,0.15328399377086208
29387.929,0.15328140153575476
29387.93,0.15327880691143905
29387.931,0.1532762096180545
29387.932,0.1532736095609267
29387.933,0.15327100695053367
29387.934,0.15326840152705817
29387.935,0.1532657939157835
29387.936,0.1532631840368949
29387.937,0.15326057148501682
29387.938,0.15325795648619567
29387.939,0.1532553389902126
29387.94,0.1532527190147818
29387.941,0.15325009642363258
29387.942,0.15324747110428935
29387.943,0.1532448430092303
29387.944,0.15324221186778575
29387.945,0.15323957793256093
29387.946,0.15323694155780324
29387.947,0.1532343021943925
29387.948,0.15323166014590198
29387.949,0.15322901554536345
29387.95,0.15322636819909885
29387.951,0.15322371808649962
29387.952,0.15322106532317467
29387.953,0.15321840939542913
29387.954,0.15321575082113276
29387.955,0.1532130895018673
29387.956,0.15321042550329875
29387.957,0.15320775818040228
29387.958,0.15320508754887546
29387.959,0.15320241386553435
29387.96,0.15319973716841268
29387.961,0.15319705697617897
29387.962,0.15319437380608075
29387.963,0.15319168776189826
29387.964,0.15318899903538472
29387.965,0.1531863077149902
29387.966,0.1531836141266091
29387.967,0.15318091839521641
29387.968,0.15317822074726542
29387.969,0.15317552114939276
29387.97,0.15317281985183123
29387.971,0.1531701172509229
29387.972,0.15316741320244653
29387.973,0.15316470772449622
29387.974,0.15316200009586692
29387.975,0.15315929119300267
29387.976,0.15315658078522446
29387.977,0.15315386887824448
29387.978,0.15315115571419857
29387.979,0.1531484418005904
29387.98,0.15314572766446452
29387.981,0.1531430132196882
29387.982,0.15314029864771528
29387.983,0.15313758408394265
29387.984,0.1531348696752805
29387.985,0.15313215519028336
29387.986,0.15312944066003265
29387.987,0.15312672581474454
29387.988,0.1531240111966382
29387.989,0.15312129714658088
29387.99,0.1531185829895828
29387.991,0.15311586874265243
29387.992,0.15311315412591125
29387.993,0.15311043902802868
29387.994,0.15310772341959294
29387.995,0.15310500721138878
29387.996,0.1531022907896574
29387.997,0.15309957371632288
29387.998,0.15309685573039483
29387.999,0.15309413692394208
29388.0,0.15309141696466733
29388.001,0.15308869552747792
29388.002,0.15308597292527473
29388.003,0.15308324850693428
29388.004,0.15308052195292732
29388.005,0.15307779346106096
29388.006,0.15307506235516533
29388.007,0.15307232790822584
29388.008,0.15306958972649717
29388.009,0.15306684777021193
29388.01,0.15306410196752512
29388.011,0.1530613519329984
29388.012,0.15305859732633673
29388.013,0.15305583799207
29388.014,0.15305307381028538
29388.015,0.15305030418579646
29388.016,0.1530475288494324
29388.017,0.1530447479258683
29388.018,0.15304196136892378
29388.019,0.15303916940254256
29388.02,0.1530363712644691
29388.021,0.15303356651367175
29388.022,0.15303075536022565
29388.023,0.153027937721915
29388.024,0.1530251129430812
29388.025,0.1530222813832448
29388.026,0.1530194429414534
29388.027,0.1530165976620048
29388.028,0.15301374541925836
29388.029,0.1530108862674201
29388.03,0.15300802023324706
29388.031,0.15300514752114233
29388.032,0.15300226847396184
29388.033,0.15299938350160142
29388.034,0.1529964926674567
29388.035,0.15299359658269013
29388.036,0.1529906950963509
29388.037,0.15298778837593233
29388.038,0.15298487721309195
29388.039,0.15298196185614585
29388.04,0.15297904217356553
29388.041,0.15297611829806163
29388.042,0.15297319054159383
29388.043,0.15297025925958188
29388.044,0.15296732480676328
29388.045,0.15296438780487703
29388.046,0.15296144926613087
29388.047,0.1529585089466394
29388.048,0.15295556773228128
29388.049,0.15295262582146787
29388.05,0.1529496838553687
29388.051,0.1529467421616501
29388.052,0.15294380188183912
29388.053,0.1529408631467312
29388.054,0.15293792598715134
29388.055,0.15293499083339215
29388.056,0.15293205832189935
29388.057,0.1529291283061539
29388.058,0.1529262013982172
29388.059,0.15292327818022614
29388.06,0.15292035905051773
29388.061,0.15291744392528386
29388.062,0.15291453350544523
29388.063,0.15291162844054484
29388.064,0.15290872874918748
29388.065,0.15290583477188577
29388.066,0.15290294679777497
29388.067,0.15290006468302217
29388.068,0.15289718912342057
29388.069,0.15289432023529428
29388.07,0.15289145821026917
29388.071,0.15288860292638598
29388.072,0.1528857550769075
29388.073,0.15288291437986362
29388.074,0.15288008023555416
29388.075,0.15287725357091903
29388.076,0.15287443425712086
29388.077,0.15287162156210063
29388.078,0.152868816318367
29388.079,0.15286601857703486
29388.08,0.15286322839365268
29388.081,0.15286044557254905
29388.082,0.15285766993335953
29388.083,0.1528549015337824
29388.084,0.15285214018672857
29388.085,0.15284938582812704
29388.086,0.15284663857407438
29388.087,0.15284389799401435
29388.088,0.15284116423831998
29388.089,0.1528384365606062
29388.09,0.15283571464828336
29388.091,0.15283299784534518
29388.092,0.1528302866383828
29388.093,0.15282758065453936
29388.094,0.15282487909595205
29388.095,0.15282218221036906
29388.096,0.15281949018152097
29388.097,0.15281680223090113
29388.098,0.1528141184758344
29388.099,0.15281143882742923
29388.1,0.15280876314571143
29388.101,0.15280609129183098
29388.102,0.15280342263851412
29388.103,0.15280075693345133
29388.104,0.15279809393996638
29388.105,0.15279543385009423
29388.106,0.1527927759905264
29388.107,0.15279011955894578
29388.108,0.1527874644131095
29388.109,0.1527848109801414
29388.11,0.15278215833224976
29388.111,0.15277950574018181
29388.112,0.15277685353024226
29388.113,0.1527742017887972
29388.114,0.15277155028541856
29388.115,0.15276889867022994
29388.116,0.15276624696012847
29388.117,0.15276359501181053
29388.118,0.15276094254007652
29388.119,0.1527582896501791
29388.12,0.15275563555941277
29388.121,0.15275298026334277
29388.122,0.15275032412662118
29388.123,0.15274766653333247
29388.124,0.15274500670478264
29388.125,0.15274234484427676
29388.126,0.15273968066885
29388.127,0.15273701363306932
29388.128,0.15273434378773462
29388.129,0.1527316715077306
29388.13,0.15272899666608722
29388.131,0.15272631909876971
29388.132,0.1527236387999163
29388.133,0.15272095565338573
29388.134,0.1527182689371374
29388.135,0.15271557886180018
29388.136,0.15271288545916387
29388.137,0.15271018866791297
29388.138,0.15270748883651378
29388.139,0.15270478587399253
29388.14,0.15270207919940915
29388.141,0.15269936913575544
29388.142,0.1526966555389925
29388.143,0.15269393856845923
29388.144,0.15269121776634242
29388.145,0.15268849360069592
29388.146,0.15268576680905965
29388.147,0.1526830370724032
29388.148,0.15268030453897496
29388.149,0.1526775692302205
29388.15,0.1526748317280332
29388.151,0.15267209175955873
29388.152,0.15266934984298433
29388.153,0.15266660583357222
29388.154,0.15266385994323256
29388.155,0.1526611127590718
29388.156,0.15265836445842013
29388.157,0.1526556151447012
29388.158,0.15265286494970348
29388.159,0.15265011414233928
29388.16,0.15264736277272706
29388.161,0.1526446108000324
29388.162,0.15264185893933796
29388.163,0.15263910770751424
29388.164,0.15263635733723038
29388.165,0.1526336087907163
29388.166,0.1526308621804649
29388.167,0.15262811797171236
29388.168,0.15262537659418549
29388.169,0.15262263840497697
29388.17,0.15261990328699454
29388.171,0.15261717150236562
29388.172,0.15261444391281737
29388.173,0.1526117207352862
29388.174,0.1526090018390146
29388.175,0.15260628785730404
29388.176,0.1526035787865672
29388.177,0.15260087427218372
29388.178,0.15259817562409225
29388.179,0.15259548274277207
29388.18,0.1525927960636317
29388.181,0.15259011539059725
29388.182,0.15258744158479606
29388.183,0.1525847745724935
29388.184,0.15258211430581253
29388.185,0.15257946073256334
29388.186,0.15257681417106447
29388.187,0.152574174767364
29388.188,0.15257154321527286
29388.189,0.15256891918565033
29388.19,0.1525663029063903
29388.191,0.1525636941491159
29388.192,0.15256109316015548
29388.193,0.1525584993592883
29388.194,0.15255591263033144
29388.195,0.15255333347975963
29388.196,0.15255076230132017
29388.197,0.15254819884037302
29388.198,0.15254564319851324
29388.199,0.1525430952446184
29388.2,0.15254055478173914
29388.201,0.1525380214260088
29388.202,0.1525354953133058
29388.203,0.15253297623892598
29388.204,0.152530464029373
29388.205,0.15252795885270892
29388.206,0.15252546014931462
29388.207,0.1525229678293045
29388.208,0.15252048213916028
29388.209,0.15251800315949396
29388.21,0.15251553023387732
29388.211,0.15251306324581543
29388.212,0.15251060263341587
29388.213,0.1525081481058859
29388.214,0.1525056998761623
29388.215,0.15250325763776965
29388.216,0.15250082153996833
29388.217,0.15249839134802964
29388.218,0.15249596696729703
29388.219,0.15249354829182554
29388.22,0.152491134702172
29388.221,0.15248872654632203
29388.222,0.15248632375462445
29388.223,0.1524839262103098
29388.224,0.15248153357087552
29388.225,0.15247914589545225
29388.226,0.15247676324351653
29388.227,0.1524743847367796
29388.228,0.15247201098720217
29388.229,0.15246964218423262
29388.23,0.15246727873050728
29388.231,0.15246491996019518
29388.232,0.15246256595909127
29388.233,0.15246021678808228
29388.234,0.1524578721389654
29388.235,0.15245553258680922
29388.236,0.1524531976679269
29388.237,0.1524508673444292
29388.238,0.15244854176682826
29388.239,0.15244622083383358
